<?xml version="1.0" encoding="ISO-8859-1" standalone="yes"?>

<!DOCTYPE animation [
	<!ELEMENT animation  (frame+)>
	<!ELEMENT frame      (transform+)>
	<!ELEMENT transform   EMPTY>
	<!ATTLIST frame index CDATA #REQUIRED>
	<!ATTLIST transform name CDATA #REQUIRED>
	<!ATTLIST transform m00 CDATA #REQUIRED>
	<!ATTLIST transform m01 CDATA #REQUIRED>
	<!ATTLIST transform m02 CDATA #REQUIRED>
	<!ATTLIST transform m03 CDATA #REQUIRED>
	<!ATTLIST transform m10 CDATA #REQUIRED>
	<!ATTLIST transform m11 CDATA #REQUIRED>
	<!ATTLIST transform m12 CDATA #REQUIRED>
	<!ATTLIST transform m13 CDATA #REQUIRED>
	<!ATTLIST transform m20 CDATA #REQUIRED>
	<!ATTLIST transform m21 CDATA #REQUIRED>
	<!ATTLIST transform m22 CDATA #REQUIRED>
	<!ATTLIST transform m23 CDATA #REQUIRED>
	<!ATTLIST transform m30 CDATA #REQUIRED>
	<!ATTLIST transform m31 CDATA #REQUIRED>
	<!ATTLIST transform m32 CDATA #REQUIRED>
	<!ATTLIST transform m33 CDATA #REQUIRED>
]>

<animation>
	<frame index="0">
		<transform name="Bip01 Tail"
			m00="0.0410284" m10="0.874865" m20="-0.482627" m30="0.0771097"
			m01="0.0899472" m11="-0.484306" m21="-0.870263" m31="-0.0235591"
			m02="-0.995101" m12="-0.00770545" m22="-0.0985619" m32="0.594778"
			m03="0" m13="0" m23="0" m33="1"/>
		<transform name="Bip01 Pelvis"
			m00="-0.0403318" m10="0.874896" m20="0.482628" m30="0.00667623"
			m01="-0.0903343" m11="-0.484236" m21="0.870262" m31="0.0120622"
			m02="0.995095" m12="-0.00849864" m22="0.0985633" m32="0.62515"
			m03="0" m13="0" m23="0" m33="1"/>
		<transform name="Bip01 Spine"
			m00="0.484604" m10="0.683132" m20="0.546341" m30="-0.0496247"
			m01="-0.223756" m11="-0.506991" m21="0.832402" m31="0.024614"
			m02="0.845631" m12="-0.525633" m22="-0.0928351" m32="0.790192"
			m03="0" m13="0" m23="0" m33="1"/>
		<transform name="Bip01 L Thigh"
			m00="0.476684" m10="0.874108" m20="-0.0933168" m30="0.0861402"
			m01="0.124882" m11="-0.172412" m21="-0.977076" m31="0.155349"
			m02="-0.870159" m12="0.454103" m22="-0.191346" m32="0.641378"
			m03="0" m13="0" m23="0" m33="1"/>
		<transform name="Bip01 Spine1"
			m00="0.0630019" m10="0.707366" m20="0.704034" m30="0.0164755"
			m01="-0.199901" m11="-0.682196" m21="0.703312" m31="-0.00586779"
			m02="0.977788" m12="-0.185047" m22="0.0984237" m32="0.905691"
			m03="0" m13="0" m23="0" m33="1"/>
		<transform name="Bip01 L Calf"
			m00="-0.953667" m10="0.286025" m20="-0.0933168" m30="0.228034"
			m01="0.142928" m11="0.157776" m21="-0.977076" m31="0.192522"
			m02="-0.264745" m12="-0.945144" m22="-0.191346" m32="0.382358"
			m03="0" m13="0" m23="0" m33="1"/>
		<transform name="Bip01 L Foot"
			m00="-0.314476" m10="0.937505" m20="-0.148962" m30="-0.0014162"
			m01="0.348673" m11="-0.0318755" m21="-0.936702" m31="0.22691"
			m02="-0.882911" m12="-0.346509" m22="-0.316859" m32="0.318661"
			m03="0" m13="0" m23="0" m33="1"/>
		<transform name="Bip01 R Thigh"
			m00="0.298569" m10="0.814222" m20="-0.497894" m30="-0.0727877"
			m01="-0.149864" m11="-0.47522" m21="-0.86701" m31="-0.131225"
			m02="-0.942548" m12="0.333479" m22="-0.0198635" m32="0.608922"
			m03="0" m13="0" m23="0" m33="1"/>
		<transform name="Bip01 R Calf"
			m00="-0.76382" m10="0.410707" m20="-0.497894" m30="0.0160872"
			m01="0.449252" m11="-0.215558" m21="-0.86701" m31="-0.175834"
			m02="-0.463413" m12="-0.88592" m22="-0.0198635" m32="0.328354"
			m03="0" m13="0" m23="0" m33="1"/>
		<transform name="Bip01 R Foot"
			m00="-0.214652" m10="0.959803" m20="-0.180836" m30="-0.167686"
			m01="0.0100314" m11="-0.182975" m21="-0.983066" m31="-0.0677452"
			m02="-0.976639" m12="-0.212831" m22="0.0296478" m32="0.216858"
			m03="0" m13="0" m23="0" m33="1"/>
		<transform name="Bip01 Spine2"
			m00="-0.407886" m10="0.56093" m20="0.720407" m30="0.0250153"
			m01="-0.118459" m11="-0.814869" m21="0.567412" m31="-0.0330737"
			m02="0.905316" m12="0.146101" m22="0.398821" m32="1.0392"
			m03="0" m13="0" m23="0" m33="1"/>
		<transform name="Bip01 L UpperArm"
			m00="0.957518" m10="-0.223018" m20="0.182815" m30="0.123888"
			m01="0.24739" m11="0.96103" m21="-0.123364" m31="0.0736881"
			m02="-0.148178" m12="0.16335" m22="0.975377" m32="1.25505"
			m03="0" m13="0" m23="0" m33="1"/>
		<transform name="Bip01 L Clavicle"
			m00="0.720405" m10="-0.560607" m20="-0.408333" m30="-0.0190859"
			m01="0.567414" m11="0.814961" m21="-0.11781" m31="-0.0389226"
			m02="0.39882" m12="-0.146823" m22="0.905199" m32="1.1759"
			m03="0" m13="0" m23="0" m33="1"/>
		<transform name="Bip01 R Clavicle"
			m00="-0.811134" m10="-0.418719" m20="0.408333" m30="-0.047078"
			m01="-0.408038" m11="0.905332" m21="0.11781" m31="-0.06097"
			m02="-0.419006" m12="-0.0710559" m22="-0.905199" m32="1.1604"
			m03="0" m13="0" m23="0" m33="1"/>
		<transform name="Bip01 R UpperArm"
			m00="-0.711432" m10="-0.0907287" m20="0.696873" m30="-0.208058"
			m01="-0.702555" m11="0.0682007" m21="-0.708354" m31="-0.141951"
			m02="0.0167408" m12="-0.993538" m22="-0.112262" m32="1.07724"
			m03="0" m13="0" m23="0" m33="1"/>
		<transform name="Bip01 R Forearm"
			m00="0.0215023" m10="-0.716872" m20="0.696873" m30="-0.451895"
			m01="-0.135824" m11="-0.692666" m21="-0.708354" m31="-0.382745"
			m02="0.9905" m12="-0.0794206" m22="-0.112262" m32="1.08298"
			m03="0" m13="0" m23="0" m33="1"/>
		<transform name="Bip01 R Hand"
			m00="-0.0213553" m10="0.412189" m20="-0.910848" m30="-0.446269"
			m01="-0.355612" m11="0.848343" m21="0.392241" m31="-0.418286"
			m02="0.93439" m12="0.332285" m22="0.128463" m32="1.34217"
			m03="0" m13="0" m23="0" m33="1"/>
		<transform name="Bip01 Neck"
			m00="-0.141539" m10="0.678955" m20="0.720407" m30="-0.0331828"
			m01="-0.442657" m11="-0.694333" m21="0.567412" m31="-0.0498431"
			m02="0.88545" m12="-0.238582" m22="0.39882" m32="1.16818"
			m03="0" m13="0" m23="0" m33="1"/>
		<transform name="Bip01 L Forearm"
			m00="0.498304" m10="0.847509" m20="0.182815" m30="0.452069"
			m01="-0.843597" m11="0.522614" m21="-0.123364" m31="0.158479"
			m02="-0.200094" m12="-0.0927491" m22="0.975377" m32="1.20426"
			m03="0" m13="0" m23="0" m33="1"/>
		<transform name="Bip01 L Hand"
			m00="0.112211" m10="-0.637688" m20="0.762078" m30="0.568298"
			m01="-0.993474" m11="-0.056206" m21="0.099251" m31="-0.0382904"
			m02="-0.0204578" m12="-0.768242" m22="-0.639833" m32="1.15759"
			m03="0" m13="0" m23="0" m33="1"/>
		<transform name="Bip01 L Finger1"
			m00="-0.717726" m10="-0.220871" m20="0.660368" m30="0.599362"
			m01="-0.425912" m11="0.88952" m21="-0.16539" m31="-0.313317"
			m02="-0.550881" m12="-0.399962" m22="-0.732503" m32="1.15193"
			m03="0" m13="0" m23="0" m33="1"/>
		<transform name="Bip01 L Finger11"
			m00="0.0227389" m10="0.750598" m20="0.660368" m30="0.52225"
			m01="0.979402" m11="0.115839" m21="-0.16539" m31="-0.359076"
			m02="-0.200637" m12="0.650526" m22="-0.732503" m32="1.09274"
			m03="0" m13="0" m23="0" m33="1"/>
		<transform name="Bip01 L Finger0"
			m00="-0.971105" m10="0.225375" m20="0.0784906" m30="0.457039"
			m01="-0.0792179" m11="0.00582945" m21="-0.99684" m31="-0.159435"
			m02="-0.225121" m12="-0.974254" m22="0.0121921" m32="1.2429"
			m03="0" m13="0" m23="0" m33="1"/>
		<transform name="Bip01 L Finger01"
			m00="-0.0887972" m10="0.992952" m20="0.0784906" m30="0.32613"
			m01="-0.0191726" m11="0.0770835" m21="-0.99684" m31="-0.170114"
			m02="-0.995865" m12="-0.0900211" m22="0.0121921" m32="1.21256"
			m03="0" m13="0" m23="0" m33="1"/>
		<transform name="Bip01 Prop3"
			m00="0.396654" m10="-0.0429593" m20="0.916962" m30="-1.33876"
			m01="0.867131" m11="-0.31027" m21="-0.389635" m31="-0.0651668"
			m02="0.301245" m12="0.949677" m22="-0.0858187" m32="1.5879"
			m03="0" m13="0" m23="0" m33="1"/>
		<transform name="Bip01 Prop1"
			m00="-0.0539402" m10="-0.382925" m20="0.922203" m30="-1.33876"
			m01="-0.349869" m11="-0.857754" m21="-0.376628" m31="-0.0651668"
			m02="0.935244" m12="-0.342966" m22="-0.0877063" m32="1.5879"
			m03="0" m13="0" m23="0" m33="1"/>
		<transform name="Bip01 Head"
			m00="-0.0109095" m10="0.99875" m20="0.0487798" m30="-0.0596036"
			m01="0.0243072" m11="-0.0485034" m21="0.998527" m31="-0.132473"
			m02="0.999645" m12="0.0120792" m22="-0.0237477" m32="1.33347"
			m03="0" m13="0" m23="0" m33="1"/>
		<transform name="Bip01 L Toe0"
			m00="0.972625" m10="0.178358" m20="-0.148962" m30="0.0809861"
			m01="-0.0809962" m11="-0.34063" m21="-0.936702" m31="0.287393"
			m02="-0.217809" m12="0.923125" m22="-0.316859" m32="0.101122"
			m03="0" m13="0" m23="0" m33="1"/>
		<transform name="Bip01 R Toe0"
			m00="0.984807" m10="-0.00188881" m20="-0.17364" m30="-0.0632323"
			m01="-0.17364" m11="-6.75489e-007" m21="-0.984809" m31="-0.093442"
			m02="0.00186" m12="0.999998" m22="-0.000328639" m32="0.00191469"
			m03="0" m13="0" m23="0" m33="1"/>
		<transform name="Bip01 Ponytail1"
			m00="-0.221891" m10="0.0402622" m20="-0.97424" m30="0.155043"
			m01="-0.0104591" m11="0.998991" m21="0.0436672" m31="-0.130426"
			m02="0.975015" m12="0.019879" m22="-0.221246" m32="1.87704"
			m03="0" m13="0" m23="0" m33="1"/>
	</frame>
	<frame index="1">
		<transform name="Bip01 Tail"
			m00="0.0442675" m10="0.865995" m20="-0.49809" m30="0.0714225"
			m01="0.0750808" m11="-0.500052" m21="-0.862734" m31="-0.0204581"
			m02="-0.996194" m12="0.000794135" m22="-0.0871557" m32="0.61103"
			m03="0" m13="0" m23="0" m33="1"/>
		<transform name="Bip01 Pelvis"
			m00="-0.0435781" m10="0.866029" m20="0.498091" m30="0.00159377"
			m01="-0.0754805" m11="-0.499994" m21="0.862733" m31="0.0168534"
			m02="0.996195" m12="0.0" m22="0.087157" m32="0.640761"
			m03="0" m13="0" m23="0" m33="1"/>
		<transform name="Bip01 Spine"
			m00="0.472737" m10="0.691059" m20="0.546769" m30="-0.0547424"
			m01="-0.224904" m11="-0.505312" m21="0.833113" m31="0.0327532"
			m02="0.85202" m12="-0.516814" m22="-0.0834573" m32="0.805503"
			m03="0" m13="0" m23="0" m33="1"/>
		<transform name="Bip01 L Thigh"
			m00="0.589154" m10="0.807988" m20="0.00727665" m30="0.0836037"
			m01="0.105119" m11="-0.0677138" m21="-0.992151" m31="0.158901"
			m02="-0.801154" m12="0.585295" m22="-0.124829" m32="0.655111"
			m03="0" m13="0" m23="0" m33="1"/>
		<transform name="Bip01 Spine1"
			m00="0.0593574" m10="0.72875" m20="0.682203" m30="0.00973486"
			m01="-0.201774" m11="-0.660542" m21="0.723167" m31="0.00211235"
			m02="0.977632" m12="-0.180576" m22="0.107835" m32="0.921874"
			m03="0" m13="0" m23="0" m33="1"/>
		<transform name="Bip01 L Calf"
			m00="-0.815268" m10="0.579038" m20="0.00727665" m30="0.258977"
			m01="0.0663984" m11="0.105955" m21="-0.992151" m31="0.190191"
			m02="-0.575265" m12="-0.808386" m22="-0.124829" m32="0.416632"
			m03="0" m13="0" m23="0" m33="1"/>
		<transform name="Bip01 L Foot"
			m00="0.0230152" m10="0.999205" m20="-0.0325662" m30="0.0628248"
			m01="0.24905" m11="-0.0372782" m21="-0.967773" m31="0.206167"
			m02="-0.968217" m12="0.0141629" m22="-0.24971" m32="0.278225"
			m03="0" m13="0" m23="0" m33="1"/>
		<transform name="Bip01 R Thigh"
			m00="0.097471" m10="0.873869" m20="-0.476291" m30="-0.0804161"
			m01="-0.133881" m11="-0.462707" m21="-0.876343" m31="-0.125194"
			m02="-0.986192" m12="0.149184" m22="0.0718939" m32="0.626411"
			m03="0" m13="0" m23="0" m33="1"/>
		<transform name="Bip01 R Calf"
			m00="-0.791455" m10="0.383074" m20="-0.476291" m30="-0.051402"
			m01="0.391657" m11="-0.280404" m21="-0.876343" m31="-0.165046"
			m02="-0.469258" m12="-0.88013" m22="0.0718939" m32="0.332852"
			m03="0" m13="0" m23="0" m33="1"/>
		<transform name="Bip01 R Foot"
			m00="-0.241244" m10="0.953946" m20="-0.178292" m30="-0.241825"
			m01="0.0225443" m11="-0.17816" m21="-0.983743" m31="-0.0708141"
			m02="-0.970203" m12="-0.241342" m22="0.021474" m32="0.21995"
			m03="0" m13="0" m23="0" m33="1"/>
		<transform name="Bip01 Spine2"
			m00="-0.399629" m10="0.604964" m20="0.688706" m30="0.017772"
			m01="-0.13377" m11="-0.781751" m21="0.609074" m31="-0.0253531"
			m02="0.906864" m12="0.151275" m22="0.393337" m32="1.05536"
			m03="0" m13="0" m23="0" m33="1"/>
		<transform name="Bip01 L UpperArm"
			m00="0.93741" m10="-0.292325" m20="0.189234" m30="0.110913"
			m01="0.307408" m11="0.949969" m21="-0.0553172" m31="0.0883055"
			m02="-0.163596" m12="0.110027" m22="0.980373" m32="1.27023"
			m03="0" m13="0" m23="0" m33="1"/>
		<transform name="Bip01 L Clavicle"
			m00="0.688704" m10="-0.604647" m20="-0.400111" m30="-0.025769"
			m01="0.609076" m11="0.781856" m21="-0.133148" m31="-0.0325735"
			m02="0.393336" m12="-0.151998" m22="0.906743" m32="1.19217"
			m03="0" m13="0" m23="0" m33="1"/>
		<transform name="Bip01 R Clavicle"
			m00="-0.803994" m10="-0.439892" m20="0.400111" m30="-0.0525293"
			m01="-0.423899" m11="0.895869" m21="0.133148" m31="-0.0562398"
			m02="-0.417018" m12="-0.0625567" m22="-0.906743" m32="1.17689"
			m03="0" m13="0" m23="0" m33="1"/>
		<transform name="Bip01 R UpperArm"
			m00="-0.674848" m10="-0.0585184" m20="0.735633" m30="-0.212092"
			m01="-0.736844" m11="0.108157" m21="-0.667355" m31="-0.140368"
			m02="-0.0405116" m12="-0.99241" m22="-0.116109" m32="1.09413"
			m03="0" m13="0" m23="0" m33="1"/>
		<transform name="Bip01 R Forearm"
			m00="0.032741" m10="-0.676589" m20="0.735633" m30="-0.44339"
			m01="-0.136178" m11="-0.732183" m21="-0.667355" m31="-0.392915"
			m02="0.990143" m12="-0.0783269" m22="-0.116109" m32="1.08024"
			m03="0" m13="0" m23="0" m33="1"/>
		<transform name="Bip01 R Hand"
			m00="-0.0155119" m10="0.400969" m20="-0.91596" m30="-0.434823"
			m01="-0.357422" m11="0.853319" m21="0.3796" m31="-0.428549"
			m02="0.933814" m12="0.333273" m22="0.130079" m32="1.33934"
			m03="0" m13="0" m23="0" m33="1"/>
		<transform name="Bip01 Neck"
			m00="-0.115927" m10="0.715713" m20="0.688706" m30="-0.0392555"
			m01="-0.443017" m11="-0.657849" m21="0.609074" m31="-0.0443088"
			m02="0.888986" m12="-0.2345" m22="0.393336" m32="1.18456"
			m03="0" m13="0" m23="0" m33="1"/>
		<transform name="Bip01 L Forearm"
			m00="0.571882" m10="0.798212" m20="0.189234" m30="0.432202"
			m01="-0.805399" m11="0.590146" m21="-0.0553172" m31="0.193667"
			m02="-0.15583" m12="-0.120774" m22="0.980373" m32="1.21416"
			m03="0" m13="0" m23="0" m33="1"/>
		<transform name="Bip01 L Hand"
			m00="0.198774" m10="-0.598453" m20="0.776108" m30="0.565593"
			m01="-0.979555" m11="-0.146364" m21="0.13802" m31="0.00580741"
			m02="0.0309962" m12="-0.787675" m22="-0.615311" m32="1.17782"
			m03="0" m13="0" m23="0" m33="1"/>
		<transform name="Bip01 L Finger1"
			m00="-0.655855" m10="-0.27956" m20="0.701214" m30="0.620621"
			m01="-0.509928" m11="0.849001" m21="-0.138462" m31="-0.265366"
			m02="-0.556623" m12="-0.448379" m22="-0.699377" m32="1.1864"
			m03="0" m13="0" m23="0" m33="1"/>
		<transform name="Bip01 L Finger11"
			m00="-0.0513162" m10="0.711102" m20="0.701214" m30="0.550156"
			m01="0.968614" m11="0.206437" m21="-0.138462" m31="-0.320152"
			m02="-0.243217" m12="0.6721" m22="-0.699377" m32="1.12659"
			m03="0" m13="0" m23="0" m33="1"/>
		<transform name="Bip01 L Finger0"
			m00="-0.951078" m10="0.260393" m20="0.166274" m30="0.461876"
			m01="-0.177383" m11="-0.0195874" m21="-0.983947" m31="-0.120831"
			m02="-0.252957" m12="-0.965304" m22="0.0648178" m32="1.26464"
			m03="0" m13="0" m23="0" m33="1"/>
		<transform name="Bip01 L Finger01"
			m00="-0.0539973" m10="0.9846" m20="0.166274" m30="0.333667"
			m01="-0.0747203" m11="0.162066" m21="-0.983947" m31="-0.144743"
			m02="-0.995741" m12="-0.0655541" m22="0.0648178" m32="1.23054"
			m03="0" m13="0" m23="0" m33="1"/>
		<transform name="Bip01 Prop3"
			m00="0.385147" m10="-0.0377143" m20="0.922084" m30="-1.33177"
			m01="0.871945" m11="-0.312404" m21="-0.376982" m31="-0.0880114"
			m02="0.30228" m12="0.949201" m22="-0.0874365" m32="1.58659"
			m03="0" m13="0" m23="0" m33="1"/>
		<transform name="Bip01 Prop1"
			m00="-0.048171" m10="-0.371591" m20="0.927146" m30="-1.33177"
			m01="-0.352124" m11="-0.862313" m21="-0.363902" m31="-0.0880114"
			m02="0.934713" m12="-0.344" m22="-0.0893079" m32="1.58659"
			m03="0" m13="0" m23="0" m33="1"/>
		<transform name="Bip01 Head"
			m00="0.0308596" m10="0.998852" m20="0.0366467" m30="-0.0608953"
			m01="0.0184185" m11="-0.0372263" m21="0.999137" m31="-0.127006"
			m02="0.999354" m12="-0.030158" m22="-0.0195461" m32="1.35051"
			m03="0" m13="0" m23="0" m33="1"/>
		<transform name="Bip01 L Toe0"
			m00="0.99791" m10="-0.0558064" m20="-0.0325662" m30="0.217718"
			m01="-0.0454344" m11="-0.247692" m21="-0.967773" m31="0.247182"
			m02="0.0459416" m12="0.96723" m22="-0.24971" m32="0.0990675"
			m03="0" m13="0" m23="0" m33="1"/>
		<transform name="Bip01 R Toe0"
			m00="0.984807" m10="-0.00188888" m20="-0.17364" m30="-0.143232"
			m01="-0.173641" m11="-5.09904e-007" m21="-0.984809" m31="-0.0934422"
			m02="0.00186013" m12="0.999998" m22="-0.00032851" m32="0.00191484"
			m03="0" m13="0" m23="0" m33="1"/>
		<transform name="Bip01 Ponytail1"
			m00="-0.180572" m10="0.0299662" m20="-0.983105" m30="0.176379"
			m01="-0.0185992" m11="0.999253" m21="0.0338747" m31="-0.125655"
			m02="0.983386" m12="0.0244017" m22="-0.17988" m32="1.88459"
			m03="0" m13="0" m23="0" m33="1"/>
	</frame>
	<frame index="2">
		<transform name="Bip01 Tail"
			m00="0.0412348" m10="0.859835" m20="-0.508904" m30="0.0649848"
			m01="0.0578461" m11="-0.510537" m21="-0.857908" m31="-0.0157764"
			m02="-0.997474" m12="0.00593758" m22="-0.07079" m32="0.631754"
			m03="0" m13="0" m23="0" m33="1"/>
		<transform name="Bip01 Pelvis"
			m00="-0.0405503" m10="0.859867" m20="0.508905" m30="-0.00426593"
			m01="-0.0582541" m11="-0.510493" m21="0.857907" m31="0.02288"
			m02="0.997478" m12="0.00514254" m22="0.0707914" m32="0.661116"
			m03="0" m13="0" m23="0" m33="1"/>
		<transform name="Bip01 Spine"
			m00="0.466669" m10="0.699567" m20="0.541134" m30="-0.0597534"
			m01="-0.221149" m11="-0.50011" m21="0.837247" m31="0.0422217"
			m02="0.856337" m12="-0.510388" m22="-0.0786775" m32="0.825779"
			m03="0" m13="0" m23="0" m33="1"/>
		<transform name="Bip01 L Thigh"
			m00="0.666929" m10="0.740062" m20="0.0866858" m30="0.0795246"
			m01="0.0927572" m11="0.0329731" m21="-0.995143" m31="0.164132"
			m02="-0.739325" m12="0.67173" m22="-0.0466553" m32="0.672772"
			m03="0" m13="0" m23="0" m33="1"/>
		<transform name="Bip01 Spine1"
			m00="0.0626121" m10="0.753408" m20="0.654565" m30="0.00389248"
			m01="-0.200605" m11="-0.632967" m21="0.747737" m31="0.0120907"
			m02="0.977669" m12="-0.178127" m22="0.111506" m32="0.942739"
			m03="0" m13="0" m23="0" m33="1"/>
		<transform name="Bip01 L Calf"
			m00="-0.607094" m10="0.789888" m20="0.0866858" m30="0.278049"
			m01="-0.0156358" m11="0.0971939" m21="-0.995143" m31="0.191743"
			m02="-0.794476" m12="-0.605501" m22="-0.0466553" m32="0.452698"
			m03="0" m13="0" m23="0" m33="1"/>
		<transform name="Bip01 L Foot"
			m00="0.312696" m10="0.94869" m20="0.046984" m30="0.131983"
			m01="0.157791" m11="-0.00310482" m21="-0.987468" m31="0.187981"
			m02="-0.936655" m12="0.316191" m22="-0.150666" m32="0.261548"
			m03="0" m13="0" m23="0" m33="1"/>
		<transform name="Bip01 R Thigh"
			m00="-0.0735382" m10="0.891193" m20="-0.447624" m30="-0.0880564"
			m01="-0.124079" m11="-0.453528" m21="-0.882563" m31="-0.118373"
			m02="-0.989544" m12="-0.0093616" m22="0.14393" m32="0.649461"
			m03="0" m13="0" m23="0" m33="1"/>
		<transform name="Bip01 R Calf"
			m00="-0.791591" m10="0.415954" m20="-0.447624" m30="-0.109946"
			m01="0.316213" m11="-0.347982" m21="-0.882563" m31="-0.155307"
			m02="-0.52287" m12="-0.840173" m22="0.14393" m32="0.354904"
			m03="0" m13="0" m23="0" m33="1"/>
		<transform name="Bip01 R Foot"
			m00="-0.33364" m10="0.926592" m20="-0.173529" m30="-0.300401"
			m01="0.0562254" m11="-0.164189" m21="-0.984825" m31="-0.0792266"
			m02="-0.941022" m12="-0.338334" m22="0.00268206" m32="0.229103"
			m03="0" m13="0" m23="0" m33="1"/>
		<transform name="Bip01 Spine2"
			m00="-0.384221" m10="0.654331" m20="0.651326" m30="0.0123685"
			m01="-0.148277" m11="-0.740054" m21="0.655998" m31="-0.0152198"
			m02="0.911256" m12="0.155472" m22="0.381367" m32="1.07623"
			m03="0" m13="0" m23="0" m33="1"/>
		<transform name="Bip01 L UpperArm"
			m00="0.906924" m10="-0.371473" m20="0.198739" m30="0.0995596"
			m01="0.375096" m11="0.926758" m21="0.0205393" m31="0.106597"
			m02="-0.191813" m12="0.0559187" m22="0.979837" m32="1.28912"
			m03="0" m13="0" m23="0" m33="1"/>
		<transform name="Bip01 L Clavicle"
			m00="0.651324" m10="-0.654026" m20="-0.384742" m30="-0.0297041"
			m01="0.656" m11="0.74017" m21="-0.147688" m31="-0.0235949"
			m02="0.381366" m12="-0.156198" m22="0.911132" m32="1.21343"
			m03="0" m13="0" m23="0" m33="1"/>
		<transform name="Bip01 R Clavicle"
			m00="-0.795135" m10="-0.468758" m20="0.384742" m30="-0.0550119"
			m01="-0.448276" m11="0.88161" m21="0.147688" m31="-0.0490845"
			m02="-0.408423" m12="-0.0550388" m22="-0.911132" m32="1.19862"
			m03="0" m13="0" m23="0" m33="1"/>
		<transform name="Bip01 R UpperArm"
			m00="-0.635562" m10="-0.0308652" m20="0.771433" m30="-0.212817"
			m01="-0.766393" m11="0.145953" m21="-0.625571" m31="-0.138051"
			m02="-0.0932842" m12="-0.98881" m22="-0.116417" m32="1.11756"
			m03="0" m13="0" m23="0" m33="1"/>
		<transform name="Bip01 R Forearm"
			m00="0.040705" m10="-0.635008" m20="0.771433" m30="-0.43065"
			m01="-0.134065" m11="-0.768562" m21="-0.625571" m31="-0.400725"
			m02="0.990136" m12="-0.0779585" m22="-0.116417" m32="1.08559"
			m03="0" m13="0" m23="0" m33="1"/>
		<transform name="Bip01 R Hand"
			m00="-0.0122558" m10="0.388635" m20="-0.92131" m30="-0.419998"
			m01="-0.357265" m11="0.85886" m21="0.367045" m31="-0.435807"
			m02="0.933923" m12="0.33365" m22="0.12832" m32="1.34468"
			m03="0" m13="0" m23="0" m33="1"/>
		<transform name="Bip01 Neck"
			m00="-0.0816047" m10="0.754397" m20="0.651326" m30="-0.0424701"
			m01="-0.43912" m11="-0.613872" m21="0.655999" m31="-0.0362484"
			m02="0.894714" m12="-0.232478" m22="0.381366" m32="1.20606"
			m03="0" m13="0" m23="0" m33="1"/>
		<transform name="Bip01 L Forearm"
			m00="0.651163" m10="0.732454" m20="0.198739" m30="0.4104"
			m01="-0.749965" m11="0.661158" m21="0.0205393" m31="0.235158"
			m02="-0.116354" m12="-0.162422" m22="0.979837" m32="1.22338"
			m03="0" m13="0" m23="0" m33="1"/>
		<transform name="Bip01 L Hand"
			m00="0.29812" m10="-0.553663" m20="0.777548" m30="0.562283"
			m01="-0.950895" m11="-0.24327" m21="0.191359" m31="0.0602283"
			m02="0.0832058" m12="-0.796415" m22="-0.598999" m32="1.19624"
			m03="0" m13="0" m23="0" m33="1"/>
		<transform name="Bip01 L Finger1"
			m00="-0.581522" m10="-0.350319" m20="0.73424" m30="0.644813"
			m01="-0.598946" m11="0.795135" m21="-0.0949947" m31="-0.203011"
			m02="-0.550541" m12="-0.495011" m22="-0.672211" m32="1.21927"
			m03="0" m13="0" m23="0" m33="1"/>
		<transform name="Bip01 L Finger11"
			m00="-0.141336" m10="0.664015" m20="0.73424" m30="0.582335"
			m01="0.947078" m11="0.306628" m21="-0.0949947" m31="-0.267361"
			m02="-0.288216" m12="0.681956" m22="-0.672211" m32="1.16012"
			m03="0" m13="0" m23="0" m33="1"/>
		<transform name="Bip01 L Finger0"
			m00="-0.919108" m10="0.289317" m20="0.267462" m30="0.469438"
			m01="-0.290251" m11="-0.0381145" m21="-0.956191" m31="-0.0726277"
			m02="-0.266449" m12="-0.956474" m22="0.119005" m32="1.28603"
			m03="0" m13="0" m23="0" m33="1"/>
		<transform name="Bip01 L Finger01"
			m00="-0.0218557" m10="0.96332" m20="0.267462" m30="0.345539"
			m01="-0.129494" m11="0.262545" m21="-0.956191" m31="-0.111755"
			m02="-0.991339" m12="-0.0555324" m22="0.119005" m32="1.25011"
			m03="0" m13="0" m23="0" m33="1"/>
		<transform name="Bip01 Prop3"
			m00="0.372614" m10="-0.0351009" m20="0.927322" m30="-1.32197"
			m01="0.877256" m11="-0.31255" m21="-0.364327" m31="-0.107518"
			m02="0.302622" m12="0.949253" m22="-0.0856679" m32="1.59023"
			m03="0" m13="0" m23="0" m33="1"/>
		<transform name="Bip01 Prop1"
			m00="-0.044986" m10="-0.359118" m20="0.932207" m30="-1.32197"
			m01="-0.352415" m11="-0.867454" m21="-0.35118" m31="-0.107518"
			m02="0.934762" m12="-0.344322" m22="-0.0875354" m32="1.59023"
			m03="0" m13="0" m23="0" m33="1"/>
		<transform name="Bip01 Head"
			m00="0.0681703" m10="0.997266" m20="0.0285032" m30="-0.057703"
			m01="0.0147248" m11="-0.0295723" m21="0.999454" m31="-0.118218"
			m02="0.997565" m12="-0.0677134" m22="-0.0167005" m32="1.37307"
			m03="0" m13="0" m23="0" m33="1"/>
		<transform name="Bip01 L Toe0"
			m00="0.964629" m10="-0.259389" m20="0.046984" m30="0.333505"
			m01="0.00568567" m11="-0.15772" m21="-0.987468" m31="0.217059"
			m02="0.263548" m12="0.952808" m22="-0.150666" m32="0.133817"
			m03="0" m13="0" m23="0" m33="1"/>
		<transform name="Bip01 R Toe0"
			m00="0.984807" m10="-0.00188901" m20="-0.173641" m30="-0.223232"
			m01="-0.173641" m11="-5.79181e-007" m21="-0.984809" m31="-0.0934427"
			m02="0.00186018" m12="0.999998" m22="-0.000328587" m32="0.00191479"
			m03="0" m13="0" m23="0" m33="1"/>
		<transform name="Bip01 Ponytail1"
			m00="-0.143432" m10="0.0234745" m20="-0.989382" m30="0.199413"
			m01="-0.0238235" m11="0.999347" m21="0.0271647" m31="-0.117176"
			m02="0.989373" m12="0.0274668" m22="-0.142779" m32="1.8979"
			m03="0" m13="0" m23="0" m33="1"/>
	</frame>
	<frame index="3">
		<transform name="Bip01 Tail"
			m00="0.0337512" m10="0.85475" m20="-0.517941" m30="0.0580342"
			m01="0.0384028" m11="-0.518963" m21="-0.853934" m31="-0.00997648"
			m02="-0.998692" m12="0.00893089" m22="-0.0503404" m32="0.654693"
			m03="0" m13="0" m23="0" m33="1"/>
		<transform name="Bip01 Pelvis"
			m00="-0.0330707" m10="0.854776" m20="0.517943" m30="-0.0105905"
			m01="-0.0388175" m11="-0.518934" m21="0.853933" m31="0.0299279"
			m02="0.998699" m12="0.00813492" m22="0.0503418" m32="0.683856"
			m03="0" m13="0" m23="0" m33="1"/>
		<transform name="Bip01 Spine"
			m00="0.464565" m10="0.707231" m20="0.53292" m30="-0.0645539"
			m01="-0.214453" m11="-0.494038" m21="0.842577" m31="0.0529603"
			m02="0.859179" m12="-0.505719" m22="-0.077845" m32="0.84855"
			m03="0" m13="0" m23="0" m33="1"/>
		<transform name="Bip01 L Thigh"
			m00="0.69809" m10="0.705419" m20="0.122695" m30="0.074688"
			m01="0.0789226" m11="0.0945066" m21="-0.992391" m31="0.170526"
			m02="-0.711647" m12="0.702462" m22="0.0103008" m32="0.692144"
			m03="0" m13="0" m23="0" m33="1"/>
		<transform name="Bip01 Spine1"
			m00="0.0705855" m10="0.778154" m20="0.624095" m30="-0.00119792"
			m01="-0.196614" m11="-0.602528" m21="0.773501" m31="0.0237403"
			m02="0.977937" m12="-0.177304" m22="0.110466" m32="0.965898"
			m03="0" m13="0" m23="0" m33="1"/>
		<transform name="Bip01 L Calf"
			m00="-0.4356" m10="0.891739" m20="0.122695" m30="0.282488"
			m01="-0.0631761" m11="0.105684" m21="-0.992391" m31="0.194019"
			m02="-0.89792" m12="-0.440037" m22="0.0103008" m32="0.480309"
			m03="0" m13="0" m23="0" m33="1"/>
		<transform name="Bip01 L Foot"
			m00="0.483457" m10="0.872293" m20="0.073311" m30="0.177683"
			m01="0.101355" m11="0.0274048" m21="-0.994473" m31="0.178819"
			m02="-0.86948" m12="0.488216" m22="-0.0751621" m32="0.264271"
			m03="0" m13="0" m23="0" m33="1"/>
		<transform name="Bip01 R Thigh"
			m00="-0.131453" m10="0.891151" m20="-0.434246" m30="-0.0958689"
			m01="-0.139082" m11="-0.450294" m21="-0.881982" m31="-0.11067"
			m02="-0.981517" m12="-0.055543" m22="0.183135" m32="0.675567"
			m03="0" m13="0" m23="0" m33="1"/>
		<transform name="Bip01 R Calf"
			m00="-0.766817" m10="0.472676" m20="-0.434246" m30="-0.134998"
			m01="0.255259" m11="-0.396171" m21="-0.881982" m31="-0.152071"
			m02="-0.588927" m12="-0.787163" m22="0.183135" m32="0.3834"
			m03="0" m13="0" m23="0" m33="1"/>
		<transform name="Bip01 R Foot"
			m00="-0.563315" m10="0.80779" m20="-0.17364" m30="-0.319493"
			m01="0.0995968" m11="-0.142238" m21="-0.984809" m31="-0.0906559"
			m02="-0.820217" m12="-0.572052" m22="-0.000328733" m32="0.241705"
			m03="0" m13="0" m23="0" m33="1"/>
		<transform name="Bip01 Spine2"
			m00="-0.363619" m10="0.704015" m20="0.610037" m30="0.00836133"
			m01="-0.159815" m11="-0.692299" m21="0.703691" m31="-0.00303057"
			m02="0.917737" m12="0.158383" m22="0.364245" m32="1.09943"
			m03="0" m13="0" m23="0" m33="1"/>
		<transform name="Bip01 L UpperArm"
			m00="0.868976" m10="-0.44895" m20="0.208146" m30="0.0894903"
			m01="0.438355" m11="0.893531" m21="0.0971963" m31="0.127535"
			m02="-0.229621" m12="0.00678039" m22="0.973257" m32="1.30951"
			m03="0" m13="0" m23="0" m33="1"/>
		<transform name="Bip01 L Clavicle"
			m00="0.610035" m10="-0.703726" m20="-0.364179" m30="-0.031579"
			m01="0.703693" m11="0.692425" m21="-0.159263" m31="-0.0121224"
			m02="0.364245" m12="-0.159114" m22="0.91761" m32="1.23722"
			m03="0" m13="0" m23="0" m33="1"/>
		<transform name="Bip01 R Clavicle"
			m00="-0.784782" m10="-0.501488" m20="0.364179" m30="-0.0552825"
			m01="-0.478055" m11="0.86377" m21="0.159263" m31="-0.0394651"
			m02="-0.394436" m12="-0.0491109" m22="-0.91761" m32="1.22307"
			m03="0" m13="0" m23="0" m33="1"/>
		<transform name="Bip01 R UpperArm"
			m00="-0.603167" m10="-0.00835459" m20="0.797571" m30="-0.211033"
			m01="-0.786949" m11="0.169216" m21="-0.593361" m31="-0.134341"
			m02="-0.130005" m12="-0.985544" m22="-0.10864" m32="1.14479"
			m03="0" m13="0" m23="0" m33="1"/>
		<transform name="Bip01 R Forearm"
			m00="0.0381848" m10="-0.602015" m20="0.797571" m30="-0.417763"
			m01="-0.130077" m11="-0.794357" m21="-0.593361" m31="-0.404061"
			m02="0.990768" m12="-0.0810879" m22="-0.10864" m32="1.10023"
			m03="0" m13="0" m23="0" m33="1"/>
		<transform name="Bip01 R Hand"
			m00="-0.0141799" m10="0.380974" m20="-0.924477" m30="-0.407771"
			m01="-0.356883" m11="0.861745" m21="0.360596" m31="-0.438099"
			m02="0.934042" m12="0.335043" m22="0.123743" m32="1.35949"
			m03="0" m13="0" m23="0" m33="1"/>
		<transform name="Bip01 Neck"
			m00="-0.0424159" m10="0.791237" m20="0.610037" m30="-0.0435483"
			m01="-0.430028" m11="-0.565592" m21="0.703691" m31="-0.0257097"
			m02="0.901819" m12="-0.232485" m22="0.364244" m32="1.23018"
			m03="0" m13="0" m23="0" m33="1"/>
		<transform name="Bip01 L Forearm"
			m00="0.7242" m10="0.657426" m20="0.208146" m30="0.387324"
			m01="-0.684136" m11="0.722849" m21="0.0971963" m31="0.277777"
			m02="-0.0865585" m12="-0.212789" m22="0.973257" m32="1.23081"
			m03="0" m13="0" m23="0" m33="1"/>
		<transform name="Bip01 L Hand"
			m00="0.396191" m10="-0.50672" m20="0.765681" m30="0.556244"
			m01="-0.908954" m11="-0.334302" m21="0.249088" m31="0.118202"
			m02="0.129751" m12="-0.794655" m22="-0.593033" m32="1.21062"
			m03="0" m13="0" m23="0" m33="1"/>
		<transform name="Bip01 L Finger1"
			m00="-0.502358" m10="-0.421953" m20="0.754713" m30="0.665923"
			m01="-0.679758" m11="0.732168" m21="-0.0431173" m31="-0.133427"
			m02="-0.534383" m12="-0.534682" m22="-0.654637" m32="1.24654"
			m03="0" m13="0" m23="0" m33="1"/>
		<transform name="Bip01 L Finger11"
			m00="-0.234336" m10="0.612777" m20="0.754713" m30="0.61195"
			m01="0.914296" m11="0.402747" m21="-0.0431173" m31="-0.206459"
			m02="-0.330379" m12="0.679926" m22="-0.654637" m32="1.18912"
			m03="0" m13="0" m23="0" m33="1"/>
		<transform name="Bip01 L Finger0"
			m00="-0.876901" m10="0.30949" m20="0.367779" m30="0.476176"
			m01="-0.401265" m11="-0.0500888" m21="-0.914592" m31="-0.0200553"
			m02="-0.264636" m12="-0.949582" m22="0.16811" m32="1.30446"
			m03="0" m13="0" m23="0" m33="1"/>
		<transform name="Bip01 L Finger01"
			m00="0.00524526" m10="0.929899" m20="0.367779" m30="0.357967"
			m01="-0.178738" m11="0.362733" m21="-0.914592" m31="-0.0741474"
			m02="-0.983883" m12="-0.0609383" m22="0.16811" m32="1.26879"
			m03="0" m13="0" m23="0" m33="1"/>
		<transform name="Bip01 Prop3"
			m00="0.364971" m10="-0.0374125" m20="0.930267" m30="-1.31319"
			m01="0.880013" m11="-0.312322" m21="-0.357815" m31="-0.116063"
			m02="0.30393" m12="0.949239" m22="-0.081065" m32="1.60057"
			m03="0" m13="0" m23="0" m33="1"/>
		<transform name="Bip01 Prop1"
			m00="-0.0469471" m10="-0.351346" m20="0.935068" m30="-1.31319"
			m01="-0.352264" m11="-0.870136" m21="-0.344635" m31="-0.116063"
			m02="0.934723" m12="-0.34557" m22="-0.0829162" m32="1.60057"
			m03="0" m13="0" m23="0" m33="1"/>
		<transform name="Bip01 Head"
			m00="0.0864365" m10="0.995745" m20="0.0319538" m30="-0.051466"
			m01="0.0141592" m11="-0.0332985" m21="0.999345" m31="-0.105982"
			m02="0.996157" m12="-0.0859275" m22="-0.0169772" m32="1.39852"
			m03="0" m13="0" m23="0" m33="1"/>
		<transform name="Bip01 L Toe0"
			m00="0.912025" m10="-0.40353" m20="0.073311" m30="0.399665"
			m01="0.036357" m11="-0.0984988" m21="-0.994473" m31="0.201927"
			m02="0.408521" m12="0.909649" m22="-0.0751622" m32="0.175043"
			m03="0" m13="0" m23="0" m33="1"/>
		<transform name="Bip01 R Toe0"
			m00="0.984807" m10="-0.00188882" m20="-0.173641" m30="-0.303232"
			m01="-0.173641" m11="-5.10578e-007" m21="-0.984809" m31="-0.0934428"
			m02="0.00186005" m12="0.999998" m22="-0.000328455" m32="0.00191481"
			m03="0" m13="0" m23="0" m33="1"/>
		<transform name="Bip01 Ponytail1"
			m00="-0.125424" m10="0.0277324" m20="-0.991716" m30="0.215196"
			m01="-0.0235912" m11="0.999243" m21="0.0309265" m31="-0.106069"
			m02="0.991823" m12="0.0272746" m22="-0.124674" m32="1.91856"
			m03="0" m13="0" m23="0" m33="1"/>
	</frame>
	<frame index="4">
		<transform name="Bip01 Tail"
			m00="0.0226906" m10="0.850787" m20="-0.52502" m30="0.0508902"
			m01="0.0173728" m11="-0.525411" m21="-0.850671" m31="-0.00330303"
			m02="-0.999592" m12="0.0101812" m22="-0.0267024" m32="0.685394"
			m03="0" m13="0" m23="0" m33="1"/>
		<transform name="Bip01 Pelvis"
			m00="-0.0220133" m10="0.850804" m20="0.525021" m30="-0.0170902"
			m01="-0.0177926" m11="-0.525399" m21="0.85067" m31="0.0377405"
			m02="0.999599" m12="0.00938455" m22="0.0267038" m32="0.714485"
			m03="0" m13="0" m23="0" m33="1"/>
		<transform name="Bip01 Spine"
			m00="0.465893" m10="0.714079" m20="0.522527" m30="-0.0690014"
			m01="-0.205322" m11="-0.487169" m21="0.848828" m31="0.0646141"
			m02="0.86069" m12="-0.50275" m22="-0.0803523" m32="0.879257"
			m03="0" m13="0" m23="0" m33="1"/>
		<transform name="Bip01 L Thigh"
			m00="0.694154" m10="0.708638" m20="0.126417" m30="0.0693538"
			m01="0.0585558" m11="0.11945" m21="-0.991112" m31="0.177801"
			m02="-0.717441" m12="0.695387" m22="0.0414217" m32="0.718881"
			m03="0" m13="0" m23="0" m33="1"/>
		<transform name="Bip01 Spine1"
			m00="0.082414" m10="0.802189" m20="0.591355" m30="-0.00546678"
			m01="-0.190142" m11="-0.569817" m21="0.799471" m31="0.0366374"
			m02="0.978291" m12="-0.178329" m22="0.105569" m32="0.996811"
			m03="0" m13="0" m23="0" m33="1"/>
		<transform name="Bip01 L Calf"
			m00="-0.32411" m10="0.937535" m20="0.126417" m30="0.275982"
			m01="-0.0807334" m11="0.105732" m21="-0.991112" m31="0.195232"
			m02="-0.942568" m12="-0.331435" m22="0.0414217" m32="0.505322"
			m03="0" m13="0" m23="0" m33="1"/>
		<transform name="Bip01 L Foot"
			m00="0.568606" m10="0.819529" m20="0.0711322" m30="0.198002"
			m01="0.0695453" m11="0.0382705" m21="-0.996844" m31="0.175807"
			m02="-0.819665" m12="0.571759" m22="-0.0352336" m32="0.278542"
			m03="0" m13="0" m23="0" m33="1"/>
		<transform name="Bip01 R Thigh"
			m00="-0.265962" m10="0.869572" m20="-0.416062" m30="-0.103534"
			m01="-0.138481" m11="-0.461595" m21="-0.876215" m31="-0.102321"
			m02="-0.953985" m12="-0.175423" m22="0.243186" m32="0.710088"
			m03="0" m13="0" m23="0" m33="1"/>
		<transform name="Bip01 R Calf"
			m00="-0.767991" m10="0.486911" m20="-0.416062" m30="-0.182703"
			m01="0.195393" m11="-0.440532" m21="-0.876215" m31="-0.143542"
			m02="-0.609928" m12="-0.754221" m22="0.243186" m32="0.426117"
			m03="0" m13="0" m23="0" m33="1"/>
		<transform name="Bip01 R Foot"
			m00="-0.657671" m10="0.733124" m20="-0.173199" m30="-0.36748"
			m01="0.116242" m11="-0.1284" m21="-0.984886" m31="-0.0965307"
			m02="-0.744283" m12="-0.667865" m22="-0.000774568" m32="0.279369"
			m03="0" m13="0" m23="0" m33="1"/>
		<transform name="Bip01 Spine2"
			m00="-0.338872" m10="0.752175" m20="0.565153" m30="0.00570229"
			m01="-0.168121" m11="-0.639439" m21="0.750235" m31="0.0107443"
			m02="0.92569" m12="0.15922" m22="0.343144" m32="1.13039"
			m03="0" m13="0" m23="0" m33="1"/>
		<transform name="Bip01 L UpperArm"
			m00="0.829124" m10="-0.515144" m20="0.217208" m30="0.0805764"
			m01="0.48852" m11="0.856506" m21="0.166569" m31="0.150268"
			m02="-0.271847" m12="-0.0319957" m22="0.961809" m32="1.33701"
			m03="0" m13="0" m23="0" m33="1"/>
		<transform name="Bip01 L Clavicle"
			m00="0.565151" m10="-0.751906" m20="-0.339471" m30="-0.0315852"
			m01="0.750237" m11="0.63957" m21="-0.167612" m31="0.00137365"
			m02="0.343144" m12="-0.159958" m22="0.925562" m32="1.2689"
			m03="0" m13="0" m23="0" m33="1"/>
		<transform name="Bip01 R Clavicle"
			m00="-0.773105" m10="-0.535787" m20="0.339471" m30="-0.0535447"
			m01="-0.510778" m11="0.843216" m21="0.167612" m31="-0.0277776"
			m02="-0.376051" m12="-0.0438129" m22="-0.925562" m32="1.25557"
			m03="0" m13="0" m23="0" m33="1"/>
		<transform name="Bip01 R UpperArm"
			m00="-0.580627" m10="0.0150483" m20="0.81403" m30="-0.206977"
			m01="-0.799213" m11="0.18023" m21="-0.57339" m31="-0.129148"
			m02="-0.155341" m12="-0.983509" m22="-0.0926195" m32="1.18094"
			m03="0" m13="0" m23="0" m33="1"/>
		<transform name="Bip01 R Forearm"
			m00="0.0213945" m10="-0.580428" m20="0.81403" m30="-0.405982"
			m01="-0.129754" m11="-0.808942" m21="-0.57339" m31="-0.403071"
			m02="0.991315" m12="-0.0933561" m22="-0.0926195" m32="1.1277"
			m03="0" m13="0" m23="0" m33="1"/>
		<transform name="Bip01 R Hand"
			m00="-0.0249515" m10="0.378936" m20="-0.925086" m30="-0.400384"
			m01="-0.360935" m11="0.859541" m21="0.361823" m31="-0.437024"
			m02="0.932257" m12="0.342924" m22="0.115325" m32="1.3871"
			m03="0" m13="0" m23="0" m33="1"/>
		<transform name="Bip01 Neck"
			m00="-7.38727e-005" m10="0.824985" m20="0.565154" m30="-0.0426876"
			m01="-0.415892" m11="-0.513984" m21="0.750236" m31="-0.0131255"
			m02="0.909414" m12="-0.234988" m22="0.343143" m32="1.26227"
			m03="0" m13="0" m23="0" m33="1"/>
		<transform name="Bip01 L Forearm"
			m00="0.782394" m10="0.583678" m20="0.217208" m30="0.364751"
			m01="-0.618893" m11="0.767611" m21="0.166569" m31="0.317704"
			m02="-0.0695086" m12="-0.264751" m22="0.961809" m32="1.24383"
			m03="0" m13="0" m23="0" m33="1"/>
		<transform name="Bip01 L Hand"
			m00="0.480808" m10="-0.465302" m20="0.743181" m30="0.547245"
			m01="-0.861144" m11="-0.41017" m21="0.30032" m31="0.173347"
			m02="0.165091" m12="-0.784382" m22="-0.597905" m32="1.22762"
			m03="0" m13="0" m23="0" m33="1"/>
		<transform name="Bip01 L Finger1"
			m00="-0.42993" m10="-0.485924" m20="0.760945" m30="0.680348"
			m01="-0.743942" m11="0.668214" m21="0.00638515" m31="-0.0650459"
			m02="-0.511577" m12="-0.563354" m22="-0.648785" m32="1.27332"
			m03="0" m13="0" m23="0" m33="1"/>
		<transform name="Bip01 L Finger11"
			m00="-0.318467" m10="0.565279" m20="0.760945" m30="0.634157"
			m01="0.874882" m11="0.484296" m21="0.00638515" m31="-0.144974"
			m02="-0.364913" m12="0.66777" m22="-0.648785" m32="1.21836"
			m03="0" m13="0" m23="0" m33="1"/>
		<transform name="Bip01 L Finger0"
			m00="-0.831819" m10="0.318206" m20="0.454777" m30="0.48007"
			m01="-0.495947" m11="-0.0581965" m21="-0.866401" m31="0.0314805"
