<?xml version="1.0" encoding="ISO-8859-1" standalone="yes"?>

<!DOCTYPE animation [
	<!ELEMENT animation  (frame+)>
	<!ELEMENT frame      (transform+)>
	<!ELEMENT transform   EMPTY>
	<!ATTLIST frame index CDATA #REQUIRED>
	<!ATTLIST transform name CDATA #REQUIRED>
	<!ATTLIST transform m00 CDATA #REQUIRED>
	<!ATTLIST transform m01 CDATA #REQUIRED>
	<!ATTLIST transform m02 CDATA #REQUIRED>
	<!ATTLIST transform m03 CDATA #REQUIRED>
	<!ATTLIST transform m10 CDATA #REQUIRED>
	<!ATTLIST transform m11 CDATA #REQUIRED>
	<!ATTLIST transform m12 CDATA #REQUIRED>
	<!ATTLIST transform m13 CDATA #REQUIRED>
	<!ATTLIST transform m20 CDATA #REQUIRED>
	<!ATTLIST transform m21 CDATA #REQUIRED>
	<!ATTLIST transform m22 CDATA #REQUIRED>
	<!ATTLIST transform m23 CDATA #REQUIRED>
	<!ATTLIST transform m30 CDATA #REQUIRED>
	<!ATTLIST transform m31 CDATA #REQUIRED>
	<!ATTLIST transform m32 CDATA #REQUIRED>
	<!ATTLIST transform m33 CDATA #REQUIRED>
]>

<animation>
	<frame index="0">
		<transform name="Bip01 Tail"
			m00="0.0410284" m10="0.874865" m20="-0.482627" m30="0.0771097"
			m01="0.0899472" m11="-0.484306" m21="-0.870263" m31="-0.0235591"
			m02="-0.995101" m12="-0.00770544" m22="-0.0985619" m32="0.60331"
			m03="0" m13="0" m23="0" m33="1"/>
		<transform name="Bip01 Pelvis"
			m00="-0.0403318" m10="0.874896" m20="0.482628" m30="0.00667623"
			m01="-0.0903343" m11="-0.484236" m21="0.870262" m31="0.0120622"
			m02="0.995095" m12="-0.00849863" m22="0.0985633" m32="0.633681"
			m03="0" m13="0" m23="0" m33="1"/>
		<transform name="Bip01 Spine"
			m00="0.47764" m10="0.68802" m20="0.546341" m30="-0.0496253"
			m01="-0.218594" m11="-0.509238" m21="0.832402" m31="0.0246142"
			m02="0.850927" m12="-0.517015" m22="-0.0928351" m32="0.798723"
			m03="0" m13="0" m23="0" m33="1"/>
		<transform name="Bip01 L Thigh"
			m00="0.2699" m10="0.962282" m20="0.0341632" m30="0.0861402"
			m01="0.094205" m11="0.00892031" m21="-0.995513" m31="0.155349"
			m02="-0.958269" m12="0.271907" m22="-0.0882442" m32="0.649909"
			m03="0" m13="0" m23="0" m33="1"/>
		<transform name="Bip01 Spine1"
			m00="0.0346127" m10="0.710813" m20="0.702529" m30="0.0155234"
			m01="-0.174829" m11="-0.687805" m21="0.704528" m31="-0.00516204"
			m02="0.98399" m12="-0.147208" m22="0.100464" m32="0.91494"
			m03="0" m13="0" m23="0" m33="1"/>
		<transform name="Bip01 L Calf"
			m00="-0.67515" m10="0.736889" m20="0.0341632" m30="0.166481"
			m01="0.0421136" m11="0.0847384" m21="-0.995513" m31="0.183391"
			m02="-0.736478" m12="-0.670682" m22="-0.0882442" m32="0.364662"
			m03="0" m13="0" m23="0" m33="1"/>
		<transform name="Bip01 L Foot"
			m00="-0.0133993" m10="0.995256" m20="0.0963679" m30="0.00404136"
			m01="-0.00766926" m11="0.0962714" m21="-0.995325" m31="0.193523"
			m02="-0.999881" m12="-0.0140757" m22="0.00634288" m32="0.187467"
			m03="0" m13="0" m23="0" m33="1"/>
		<transform name="Bip01 R Thigh"
			m00="0.414072" m10="0.775365" m20="-0.476816" m30="-0.0727877"
			m01="-0.346851" m11="-0.349909" m21="-0.870206" m31="-0.131225"
			m02="-0.84157" m12="0.525712" m22="0.124048" m32="0.617453"
			m03="0" m13="0" m23="0" m33="1"/>
		<transform name="Bip01 R Calf"
			m00="-0.630374" m10="0.612596" m20="-0.476816" m30="0.0504686"
			m01="0.240173" m11="-0.430185" m21="-0.870206" m31="-0.234471"
			m02="-0.738204" m12="-0.663074" m22="0.124048" m32="0.366944"
			m03="0" m13="0" m23="0" m33="1"/>
		<transform name="Bip01 R Foot"
			m00="-0.000653645" m10="0.876914" m20="-0.480646" m30="-0.101198"
			m01="0.00408817" m11="-0.48064" m21="-0.876909" m31="-0.176686"
			m02="-0.999991" m12="-0.00253815" m22="-0.00327082" m32="0.189333"
			m03="0" m13="0" m23="0" m33="1"/>
		<transform name="Bip01 Spine2"
			m00="-0.433829" m10="0.554684" m20="0.710012" m30="0.0201872"
			m01="-0.0945527" m11="-0.811708" m21="0.576359" m31="-0.0289445"
			m02="0.89602" m12="0.182908" m22="0.404589" m32="1.04929"
			m03="0" m13="0" m23="0" m33="1"/>
		<transform name="Bip01 L UpperArm"
			m00="0.661079" m10="-0.12665" m20="0.739551" m30="0.1131"
			m01="0.435001" m11="0.867791" m21="-0.240234" m31="0.0831718"
			m02="-0.61135" m12="0.480519" m22="0.628771" m32="1.26507"
			m03="0" m13="0" m23="0" m33="1"/>
		<transform name="Bip01 L Clavicle"
			m00="0.710011" m10="-0.554341" m20="-0.434271" m30="-0.0278111"
			m01="0.576361" m11="0.811781" m21="-0.0939063" m31="-0.0312146"
			m02="0.404589" m12="-0.183622" m22="0.895874" m32="1.18478"
			m03="0" m13="0" m23="0" m33="1"/>
		<transform name="Bip01 R Clavicle"
			m00="-0.799766" m10="-0.414468" m20="0.434271" m30="-0.0553993"
			m01="-0.417417" m11="0.90385" m21="0.0939063" m31="-0.0536097"
			m02="-0.431437" m12="-0.106169" m22="-0.895874" m32="1.16906"
			m03="0" m13="0" m23="0" m33="1"/>
		<transform name="Bip01 R UpperArm"
			m00="-0.711432" m10="-0.341569" m20="0.614161" m30="-0.214123"
			m01="-0.702555" m11="0.32487" m21="-0.633147" m31="-0.136452"
			m02="0.0167409" m12="-0.881924" m22="-0.471095" m32="1.08343"
			m03="0" m13="0" m23="0" m33="1"/>
		<transform name="Bip01 R Forearm"
			m00="0.271168" m10="-0.74113" m20="0.614161" m30="-0.45796"
			m01="-0.39129" m11="-0.667845" m21="-0.633147" m31="-0.377246"
			m02="0.879409" m12="-0.0686258" m22="-0.471095" m32="1.08917"
			m03="0" m13="0" m23="0" m33="1"/>
		<transform name="Bip01 R Hand"
			m00="0.206183" m10="0.518899" m20="-0.829597" m30="-0.387003"
			m01="-0.589683" m11="0.742463" m21="0.317842" m31="-0.479636"
			m02="0.780873" m12="0.423666" m22="0.459069" m32="1.31929"
			m03="0" m13="0" m23="0" m33="1"/>
		<transform name="Bip01 Neck"
			m00="-0.167759" m10="0.683914" m20="0.710013" m30="-0.0417069"
			m01="-0.419562" m11="-0.701269" m21="0.576359" m31="-0.0423079"
			m02="0.89209" m12="-0.201205" m22="0.404588" m32="1.17695"
			m03="0" m13="0" m23="0" m33="1"/>
		<transform name="Bip01 L Forearm"
			m00="0.581521" m10="0.338966" m20="0.739551" m30="0.339679"
			m01="-0.242385" m11="0.939966" m21="-0.240234" m31="0.232265"
			m02="-0.776584" m12="-0.0395554" m22="0.628771" m32="1.05554"
			m03="0" m13="0" m23="0" m33="1"/>
		<transform name="Bip01 L Hand"
			m00="0.656651" m10="-0.741913" m20="0.135553" m30="0.475318"
			m01="-0.573682" m11="-0.374677" m21="0.728359" m31="0.175728"
			m02="-0.48959" m12="-0.556042" m22="-0.671654" m32="0.8744"
			m03="0" m13="0" m23="0" m33="1"/>
		<transform name="Bip01 L Finger1"
			m00="0.329382" m10="-0.926106" m20="0.183943" m30="0.657101"
			m01="-0.845507" m11="-0.20259" m21="0.494041" m31="0.0169142"
			m02="-0.42027" m12="-0.318253" m22="-0.849758" m32="0.738866"
			m03="0" m13="0" m23="0" m33="1"/>
		<transform name="Bip01 L Finger11"
			m00="-0.645499" m10="-0.741279" m20="0.183943" m30="0.69249"
			m01="-0.591254" m11="0.637451" m21="0.494041" m31="-0.0739262"
			m02="-0.483477" m12="0.210147" m22="-0.849758" m32="0.693712"
			m03="0" m13="0" m23="0" m33="1"/>
		<transform name="Bip01 L Finger0"
			m00="-0.449825" m10="-0.610287" m20="0.652079" m30="0.515419"
			m01="-0.793006" m11="-0.0629466" m21="-0.605953" m31="-2.26121e-006"
			m02="0.410851" m12="-0.789676" m22="-0.455647" m32="0.917337"
			m03="0" m13="0" m23="0" m33="1"/>
		<transform name="Bip01 L Finger01"
			m00="-0.744553" m10="-0.142943" m20="0.652079" m30="0.45478"
			m01="-0.625141" m11="0.491955" m21="-0.605953" m31="-0.106903"
			m02="-0.234177" m12="-0.858806" m22="-0.455647" m32="0.972722"
			m03="0" m13="0" m23="0" m33="1"/>
		<transform name="Bip01 Prop3"
			m00="0.483285" m10="0.216801" m20="0.848194" m30="-1.17019"
			m01="0.799422" m11="-0.504231" m21="-0.326613" m31="-0.229876"
			m02="0.356876" m12="0.835912" m22="-0.417003" m32="1.87233"
			m03="0" m13="0" m23="0" m33="1"/>
		<transform name="Bip01 Prop1"
			m00="0.504091" m10="0.177183" m20="0.84528" m30="-1.17019"
			m01="0.748382" m11="-0.578116" m21="-0.325123" m31="-0.229876"
			m02="0.431064" m12="0.796484" m22="-0.424024" m32="1.87233"
			m03="0" m13="0" m23="0" m33="1"/>
		<transform name="Bip01 Head"
			m00="0.0644843" m10="0.996881" m20="0.0455049" m30="-0.0730219"
			m01="0.0723271" m11="-0.0501487" m21="0.996119" m31="-0.120626"
			m02="0.995294" m12="-0.0609428" m22="-0.0753353" m32="1.34347"
			m03="0" m13="0" m23="0" m33="1"/>
		<transform name="Bip01 L Toe0"
			m00="0.995159" m10="-0.0176125" m20="0.0966892" m30="0.151521"
			m01="0.0964715" m11="-0.0128167" m21="-0.995253" m31="0.206596"
			m02="0.0187682" m12="0.999763" m22="-0.0110556" m32="-0.00187497"
			m03="0" m13="0" m23="0" m33="1"/>
		<transform name="Bip01 R Toe0"
			m00="0.876914" m10="0.000653645" m20="-0.480646" m30="0.0308339"
			m01="-0.48064" m11="-0.00408817" m21="-0.876909" m31="-0.248355"
			m02="-0.00253815" m12="0.999991" m22="-0.00327082" m32="0.00170954"
			m03="0" m13="0" m23="0" m33="1"/>
		<transform name="Bip01 Ponytail1"
			m00="-0.147707" m10="0.0403013" m20="-0.98821" m30="0.182008"
			m01="0.0368997" m11="0.998698" m21="0.0352137" m31="-0.0929592"
			m02="0.988343" m12="-0.0312634" m22="-0.149002" m32="1.86858"
			m03="0" m13="0" m23="0" m33="1"/>
	</frame>
	<frame index="1">
		<transform name="Bip01 Tail"
			m00="0.0511527" m10="0.845533" m20="-0.531467" m30="0.0364221"
			m01="0.0953986" m11="-0.533867" m21="-0.84017" m31="-0.013605"
			m02="-0.994124" m12="-0.00772421" m22="-0.107971" m32="0.602778"
			m03="0" m13="0" m23="0" m33="1"/>
		<transform name="Bip01 Pelvis"
			m00="-0.0517995" m10="0.845573" m20="0.531341" m30="-0.0319939"
			m01="-0.0979116" m11="-0.533792" m21="0.839928" m31="0.0257737"
			m02="0.993846" m12="-0.00851663" m22="0.110442" m32="0.633122"
			m03="0" m13="0" m23="0" m33="1"/>
		<transform name="Bip01 Spine"
			m00="0.458023" m10="0.660131" m20="0.595351" m30="-0.0883089"
			m01="-0.255186" m11="-0.543902" m21="0.799406" m31="0.040229"
			m02="0.851525" m12="-0.518071" m22="-0.0806638" m32="0.798003"
			m03="0" m13="0" m23="0" m33="1"/>
		<transform name="Bip01 L Thigh"
			m00="0.343124" m10="0.939183" m20="-0.0141919" m30="0.0554906"
			m01="0.0528342" m11="-0.0343835" m21="-0.998011" m31="0.164066"
			m02="-0.937803" m12="0.341692" m22="-0.0614188" m32="0.651306"
			m03="0" m13="0" m23="0" m33="1"/>
		<transform name="Bip01 Spine1"
			m00="0.0150525" m10="0.669775" m20="0.742412" m30="-0.0258346"
			m01="-0.188707" m11="-0.72725" m21="0.659922" m31="0.00546016"
			m02="0.981918" m12="-0.150032" m22="0.115444" m32="0.914303"
			m03="0" m13="0" m23="0" m33="1"/>
		<transform name="Bip01 L Calf"
			m00="-0.641707" m10="0.766818" m20="-0.0141919" m30="0.157628"
			m01="0.0561973" m11="0.0285576" m21="-0.998011" m31="0.179793"
			m02="-0.764888" m12="-0.641229" m22="-0.0614188" m32="0.372151"
			m03="0" m13="0" m23="0" m33="1"/>
		<transform name="Bip01 L Foot"
			m00="-0.0089108" m10="0.995487" m20="0.0944811" m30="0.00323438"
			m01="-0.00799091" m11="0.094411" m21="-0.995501" m31="0.193314"
			m02="-0.999928" m12="-0.00962569" m22="0.00711354" m32="0.18812"
			m03="0" m13="0" m23="0" m33="1"/>
		<transform name="Bip01 R Thigh"
			m00="0.378147" m10="0.707031" m20="-0.597589" m30="-0.119478"
			m01="-0.450596" m11="-0.423321" m21="-0.785979" m31="-0.112519"
			m02="-0.808683" m12="0.566486" m22="0.158508" m32="0.614938"
			m03="0" m13="0" m23="0" m33="1"/>
		<transform name="Bip01 R Calf"
			m00="-0.612253" m10="0.51772" m20="-0.597589" m30="-0.00691577"
			m01="0.319664" m11="-0.529199" m21="-0.785979" m31="-0.246647"
			m02="-0.723161" m12="-0.672246" m22="0.158508" m32="0.374218"
			m03="0" m13="0" m23="0" m33="1"/>
		<transform name="Bip01 R Foot"
			m00="0.0168502" m10="0.803947" m20="-0.594463" m30="-0.154223"
			m01="-0.0220739" m11="-0.594103" m21="-0.804086" m31="-0.169737"
			m02="-0.999614" m12="0.0266711" m22="0.00773547" m32="0.200227"
			m03="0" m13="0" m23="0" m33="1"/>
		<transform name="Bip01 Spine2"
			m00="-0.441918" m10="0.503489" m20="0.742434" m30="-0.0238361"
			m01="-0.0758867" m11="-0.84565" m21="0.528316" m31="-0.0202135"
			m02="0.89384" m12="0.177131" m22="0.411916" m32="1.04837"
			m03="0" m13="0" m23="0" m33="1"/>
		<transform name="Bip01 L UpperArm"
			m00="0.688345" m10="-0.0810487" m20="0.720841" m30="0.0750119"
			m01="0.402769" m11="0.86918" m21="-0.286885" m31="0.0840972"
			m02="-0.603289" m12="0.487809" m22="0.63094" m32="1.26539"
			m03="0" m13="0" m23="0" m33="1"/>
		<transform name="Bip01 L Clavicle"
			m00="0.74255" m10="-0.503139" m20="-0.442121" m30="-0.0723567"
			m01="0.528338" m11="0.845708" m21="-0.0750728" m31="-0.0207583"
			m02="0.411678" m12="-0.177844" m22="0.893808" m32="1.18369"
			m03="0" m13="0" m23="0" m33="1"/>
		<transform name="Bip01 R Clavicle"
			m00="-0.801398" m10="-0.402636" m20="0.442319" m30="-0.101205"
			m01="-0.414213" m11="0.907067" m21="0.0752133" m31="-0.0412866"
			m02="-0.431496" m12="-0.122938" m22="-0.893698" m32="1.16768"
			m03="0" m13="0" m23="0" m33="1"/>
		<transform name="Bip01 R UpperArm"
			m00="-0.735904" m10="-0.319049" m20="0.597204" m30="-0.260253"
			m01="-0.67708" m11="0.34316" m21="-0.651002" m31="-0.123493"
			m02="0.00276473" m12="-0.88343" m22="-0.468555" m32="1.08205"
			m03="0" m13="0" m23="0" m33="1"/>
		<transform name="Bip01 R Forearm"
			m00="0.240827" m10="-0.765081" m20="0.597204" m30="-0.512477"
			m01="-0.411681" m11="-0.637742" m21="-0.651002" m31="-0.355556"
			m02="0.878932" m12="-0.0890786" m22="-0.468555" m32="1.083"
			m03="0" m13="0" m23="0" m33="1"/>
		<transform name="Bip01 R Hand"
			m00="0.191611" m10="0.514624" m20="-0.835732" m30="-0.449459"
			m01="-0.611611" m11="0.72857" m21="0.308411" m31="-0.463282"
			m02="0.767605" m12="0.452048" m22="0.454351" m32="1.31299"
			m03="0" m13="0" m23="0" m33="1"/>
		<transform name="Bip01 Neck"
			m00="-0.195541" m10="0.640839" m20="0.742354" m30="-0.0868759"
			m01="-0.416749" m11="-0.739517" m21="0.528616" m31="-0.0309125"
			m02="0.887741" m12="-0.206009" m22="0.411675" m32="1.17572"
			m03="0" m13="0" m23="0" m33="1"/>
		<transform name="Bip01 L Forearm"
			m00="0.572673" m10="0.390428" m20="0.720841" m30="0.310936"
			m01="-0.266262" m11="0.920218" m21="-0.286885" m31="0.222143"
			m02="-0.775339" m12="-0.0276412" m22="0.63094" m32="1.05862"
			m03="0" m13="0" m23="0" m33="1"/>
		<transform name="Bip01 L Hand"
			m00="0.627602" m10="-0.757387" m20="0.180225" m30="0.444512"
			m01="-0.604166" m11="-0.327808" m21="0.726309" m31="0.160037"
			m02="-0.491018" m12="-0.564719" m22="-0.66332" m32="0.877772"
			m03="0" m13="0" m23="0" m33="1"/>
		<transform name="Bip01 L Finger1"
			m00="0.286113" m10="-0.933327" m20="0.216887" m30="0.618253"
			m01="-0.857984" m11="-0.148763" m21="0.491664" m31="-0.00721589"
			m02="-0.426619" m12="-0.326757" m22="-0.843343" m32="0.741842"
			m03="0" m13="0" m23="0" m33="1"/>
		<transform name="Bip01 L Finger11"
			m00="-0.672509" m10="-0.707595" m20="0.216887" m30="0.648993"
			m01="-0.550949" m11="0.674332" m21="0.491664" m31="-0.0993969"
			m02="-0.494153" m12="0.211155" m22="-0.843343" m32="0.696007"
			m03="0" m13="0" m23="0" m33="1"/>
		<transform name="Bip01 L Finger0"
			m00="-0.495098" m10="-0.607474" m20="0.621171" m30="0.474577"
			m01="-0.771157" m11="-0.0221064" m21="-0.636262" m31="-0.0180455"
			m02="0.400244" m12="-0.794032" m22="-0.457513" m32="0.91919"
			m03="0" m13="0" m23="0" m33="1"/>
		<transform name="Bip01 L Finger01"
			m00="-0.775816" m10="-0.110706" m20="0.621171" m30="0.407836"
			m01="-0.581739" m11="0.506706" m21="-0.636262" m31="-0.122001"
			m02="-0.244313" m12="-0.854981" m22="-0.457513" m32="0.973144"
			m03="0" m13="0" m23="0" m33="1"/>
		<transform name="Bip01 Prop3"
			m00="0.480282" m10="0.201642" m20="0.853622" m30="-1.24053"
			m01="0.787473" m11="-0.527738" m21="-0.318402" m31="-0.225677"
			m02="0.386286" m12="0.825126" m22="-0.41225" m32="1.86013"
			m03="0" m13="0" m23="0" m33="1"/>
		<transform name="Bip01 Prop1"
			m00="0.49972" m10="0.162405" m20="0.850826" m30="-1.24053"
			m01="0.734343" m11="-0.600363" m21="-0.316709" m31="-0.225676"
			m02="0.459369" m12="0.783064" m22="-0.419274" m32="1.86013"
			m03="0" m13="0" m23="0" m33="1"/>
		<transform name="Bip01 Head"
			m00="0.0636643" m10="0.992779" m20="0.101666" m30="-0.123377"
			m01="0.0603947" m11="-0.105519" m21="0.992581" m31="-0.108706"
			m02="0.996142" m12="-0.0570519" m22="-0.0666764" m32="1.34143"
			m03="0" m13="0" m23="0" m33="1"/>
		<transform name="Bip01 L Toe0"
			m00="0.995233" m10="-0.0222237" m20="0.0949558" m30="0.15159"
			m01="0.0946971" m11="-0.0124181" m21="-0.995429" m31="0.206046"
			m02="0.0233013" m12="0.999676" m22="-0.0102544" m32="-0.000559927"
			m03="0" m13="0" m23="0" m33="1"/>
		<transform name="Bip01 R Toe0"
			m00="0.803947" m10="-0.0168502" m20="-0.594463" m30="-0.0299096"
			m01="-0.594103" m11="0.0220739" m21="-0.804086" m31="-0.263404"
			m02="0.0266711" m12="0.999614" m22="0.00773547" m32="0.017076"
			m03="0" m13="0" m23="0" m33="1"/>
		<transform name="Bip01 Ponytail1"
			m00="-0.150144" m10="0.096404" m20="-0.983953" m30="0.130281"
			m01="0.0369915" m11="0.995086" m21="0.09185" m31="-0.0997222"
			m02="0.987972" m12="-0.0226071" m22="-0.152973" m32="1.86786"
			m03="0" m13="0" m23="0" m33="1"/>
	</frame>
	<frame index="2">
		<transform name="Bip01 Tail"
			m00="0.0619416" m10="0.812212" m20="-0.580065" m30="-0.00471372"
			m01="0.100409" m11="-0.583303" m21="-0.806024" m31="-0.0035869"
			m02="-0.993016" m12="-0.00831731" m22="-0.117684" m32="0.601094"
			m03="0" m13="0" m23="0" m33="1"/>
		<transform name="Bip01 Pelvis"
			m00="-0.0642409" m10="0.81226" m20="0.579747" m30="-0.0708165"
			m01="-0.104968" m11="-0.583225" m21="0.8055" m31="0.0395527"
			m02="0.992399" m12="-0.00910887" m22="0.122728" m32="0.631451"
			m03="0" m13="0" m23="0" m33="1"/>
		<transform name="Bip01 Spine"
			m00="0.435406" m10="0.629209" m20="0.64383" m30="-0.127029"
			m01="-0.29164" m11="-0.578023" m21="0.762126" m31="0.055977"
			m02="0.851685" m12="-0.519601" m22="-0.0681726" m32="0.796183"
			m03="0" m13="0" m23="0" m33="1"/>
		<transform name="Bip01 L Thigh"
			m00="0.411265" m10="0.909502" m20="-0.0605641" m30="0.024638"
			m01="0.0127414" m11="-0.072173" m21="-0.997311" m31="0.172177"
			m02="-0.911427" m12="0.409387" m22="-0.0412705" m32="0.651658"
			m03="0" m13="0" m23="0" m33="1"/>
		<transform name="Bip01 Spine1"
			m00="-0.00615427" m10="0.624959" m20="0.780634" m30="-0.0676383"
			m01="-0.201458" m11="-0.765417" m21="0.611188" m31="0.0162342"
			m02="0.979478" m12="-0.153503" m22="0.130613" m32="0.912505"
			m03="0" m13="0" m23="0" m33="1"/>
		<transform name="Bip01 L Calf"
			m00="-0.607481" m10="0.792022" m20="-0.0605641" m30="0.147059"
			m01="0.0696353" m11="-0.022852" m21="-0.997311" m31="0.175969"
			m02="-0.791276" m12="-0.610065" m22="-0.0412705" m32="0.380355"
			m03="0" m13="0" m23="0" m33="1"/>
		<transform name="Bip01 L Foot"
			m00="0.00396836" m10="0.99602" m20="0.0890452" m30="0.000900119"
			m01="-0.00896007" m11="0.0890778" m21="-0.995984" m31="0.192723"
			m02="-0.999952" m12="0.00315458" m22="0.00927792" m32="0.189975"
			m03="0" m13="0" m23="0" m33="1"/>
		<transform name="Bip01 R Thigh"
			m00="0.32819" m10="0.622775" m20="-0.710241" m30="-0.166271"
			m01="-0.553518" m11="-0.482488" m21="-0.67884" m31="-0.0930713"
			m02="-0.765447" m12="0.61592" m22="0.186369" m32="0.611245"
			m03="0" m13="0" m23="0" m33="1"/>
		<transform name="Bip01 R Calf"
			m00="-0.575243" m10="0.405774" m20="-0.710241" m30="-0.0685788"
			m01="0.407066" m11="-0.611125" m21="-0.67884" m31="-0.257836"
			m02="-0.709502" m12="-0.679613" m22="0.186369" m32="0.383395"
			m03="0" m13="0" m23="0" m33="1"/>
		<transform name="Bip01 R Foot"
			m00="0.0290636" m10="0.713561" m20="-0.69999" m30="-0.206981"
			m01="-0.0535988" m11="-0.698165" m21="-0.713927" m31="-0.159897"
			m02="-0.99814" m12="0.0582679" m22="0.0179547" m32="0.21269"
			m03="0" m13="0" m23="0" m33="1"/>
		<transform name="Bip01 Spine2"
			m00="-0.44911" m10="0.448506" m20="0.77275" m30="-0.0685295"
			m01="-0.0561975" m11="-0.877348" m21="0.476553" m31="-0.0111771"
			m02="0.891707" m12="0.170598" m22="0.419231" m32="1.04624"
			m03="0" m13="0" m23="0" m33="1"/>
		<transform name="Bip01 L UpperArm"
			m00="0.715231" m10="-0.038286" m20="0.697839" m30="0.0359712"
			m01="0.371032" m11="0.866969" m21="-0.332715" m31="0.0846673"
			m02="-0.592266" m12="0.496889" m22="0.634289" m32="1.26441"
			m03="0" m13="0" m23="0" m33="1"/>
		<transform name="Bip01 L Clavicle"
			m00="0.773226" m10="-0.44815" m20="-0.448646" m30="-0.117486"
			m01="0.476615" m11="0.877391" m21="-0.0549924" m31="-0.00992311"
			m02="0.418282" m12="-0.17131" m22="0.892016" m32="1.1814"
			m03="0" m13="0" m23="0" m33="1"/>
		<transform name="Bip01 R Clavicle"
			m00="-0.803841" m10="-0.38964" m20="0.449467" m30="-0.147511"
			m01="-0.410211" m11="0.9103" m21="0.0554988" m31="-0.0284402"
			m02="-0.430775" m12="-0.139764" m22="-0.891571" m32="1.16511"
			m03="0" m13="0" m23="0" m33="1"/>
		<transform name="Bip01 R UpperArm"
			m00="-0.760366" m10="-0.294893" m20="0.578689" m30="-0.307044"
			m01="-0.649394" m11="0.360899" m21="-0.669358" m31="-0.109852"
			m02="-0.0114591" m12="-0.884754" m22="-0.465917" m32="1.07962"
			m03="0" m13="0" m23="0" m33="1"/>
		<transform name="Bip01 R Forearm"
			m00="0.208416" m10="-0.788468" m20="0.578689" m30="-0.567653"
			m01="-0.430946" m11="-0.605182" m21="-0.669358" m31="-0.332426"
			m02="0.877979" m12="-0.109879" m22="-0.465917" m32="1.07569"
			m03="0" m13="0" m23="0" m33="1"/>
		<transform name="Bip01 R Hand"
			m00="0.175419" m10="0.509593" m20="-0.842344" m30="-0.513116"
			m01="-0.632782" m11="0.713826" m21="0.300067" m31="-0.445193"
			m02="0.754199" m12="0.480382" m22="0.44768" m32="1.30543"
			m03="0" m13="0" m23="0" m33="1"/>
		<transform name="Bip01 Neck"
			m00="-0.222889" m10="0.594605" m20="0.772506" m30="-0.132587"
			m01="-0.412774" m11="-0.775462" m21="0.477783" m31="-0.0190663"
			m02="0.883141" m12="-0.212378" m22="0.418279" m32="1.17328"
			m03="0" m13="0" m23="0" m33="1"/>
		<transform name="Bip01 L Forearm"
			m00="0.566814" m10="0.437885" m20="0.697839" m30="0.28111"
			m01="-0.284866" m11="0.898973" m21="-0.332715" m31="0.211835"
			m02="-0.773029" m12="-0.0102032" m22="0.634289" m32="1.06142"
			m03="0" m13="0" m23="0" m33="1"/>
		<transform name="Bip01 L Hand"
			m00="0.6013" m10="-0.766528" m20="0.225552" m30="0.413319"
			m01="-0.629471" m11="-0.280572" m21="0.724601" m31="0.14539"
			m02="-0.492143" m12="-0.577681" m22="-0.651215" m32="0.881108"
			m03="0" m13="0" m23="0" m33="1"/>
		<transform name="Bip01 L Finger1"
			m00="0.248574" m10="-0.93524" m20="0.252065" m30="0.579779"
			m01="-0.865427" m11="-0.0975651" m21="0.491444" m31="-0.028868"
			m02="-0.435026" m12="-0.340304" m22="-0.833634" m32="0.744867"
			m03="0" m13="0" m23="0" m33="1"/>
		<transform name="Bip01 L Finger11"
			m00="-0.691162" m10="-0.677316" m20="0.252065" m30="0.606486"
			m01="-0.511516" m11="0.704865" m21="0.491444" m31="-0.121849"
			m02="-0.510535" m12="0.210733" m22="-0.833634" m32="0.698128"
			m03="0" m13="0" m23="0" m33="1"/>
		<transform name="Bip01 L Finger0"
			m00="-0.537398" m10="-0.59933" m20="0.593302" m30="0.43362"
			m01="-0.750135" m11="0.0182343" m21="-0.661033" m31="-0.0345422"
			m02="0.385358" m12="-0.800295" m22="-0.459378" m32="0.920415"
			m03="0" m13="0" m23="0" m33="1"/>
		<transform name="Bip01 L Finger01"
			m00="-0.801216" m10="-0.0777523" m20="0.593302" m30="0.361176"
			m01="-0.54005" m11="0.520942" m21="-0.661033" m31="-0.135663"
			m02="-0.25768" m12="-0.850043" m22="-0.459378" m32="0.972363"
			m03="0" m13="0" m23="0" m33="1"/>
		<transform name="Bip01 Prop3"
			m00="0.476668" m10="0.184782" m20="0.859443" m30="-1.31275"
			m01="0.774623" m11="-0.550523" m21="-0.311262" m31="-0.218593"
			m02="0.415627" m12="0.814113" m22="-0.405553" m32="1.84475"
			m03="0" m13="0" m23="0" m33="1"/>
		<transform name="Bip01 Prop1"
			m00="0.494586" m10="0.145991" m20="0.856779" m30="-1.31275"
			m01="0.719471" m11="-0.621814" m21="-0.309369" m31="-0.218593"
			m02="0.487592" m12="0.769437" m22="-0.412577" m32="1.84475"
			m03="0" m13="0" m23="0" m33="1"/>
		<transform name="Bip01 Head"
			m00="0.0623275" m10="0.985719" m20="0.156439" m30="-0.174193"
			m01="0.047846" m11="-0.159515" m21="0.986035" m31="-0.0961175"
			m02="0.996908" m12="-0.0539721" m22="-0.0571049" m32="1.33814"
			m03="0" m13="0" m23="0" m33="1"/>
		<transform name="Bip01 L Toe0"
			m00="0.995314" m10="-0.0354584" m20="0.0899653" m30="0.151747"
			m01="0.0896196" m11="-0.0112243" m21="-0.995913" m31="0.20447"
			m02="0.0363233" m12="0.999308" m22="-0.00799394" m32="0.00321655"
			m03="0" m13="0" m23="0" m33="1"/>
		<transform name="Bip01 R Toe0"
			m00="0.713561" m10="-0.0290636" m20="-0.69999" m30="-0.0940026"
			m01="-0.698165" m11="0.0535988" m21="-0.713927" m31="-0.275149"
			m02="0.0582679" m12="0.99814" m22="0.0179547" m32="0.0345767"
			m03="0" m13="0" m23="0" m33="1"/>
		<transform name="Bip01 Ponytail1"
			m00="-0.152405" m10="0.151121" m20="-0.976696" m30="0.0771611"
			m01="0.0363272" m11="0.988429" m21="0.147268" m31="-0.105846"
			m02="0.98765" m12="-0.0130362" m22="-0.156132" m32="1.86565"
			m03="0" m13="0" m23="0" m33="1"/>
	</frame>
	<frame index="3">
		<transform name="Bip01 Tail"
			m00="0.0732742" m10="0.775096" m20="-0.62758" m30="-0.0461191"
			m01="0.104854" m11="-0.631771" m21="-0.76803" m31="0.0064903"
			m02="-0.991785" m12="-0.00952735" m22="-0.127564" m32="0.598277"
			m03="0" m13="0" m23="0" m33="1"/>
		<transform name="Bip01 Pelvis"
			m00="-0.0775369" m10="0.775153" m20="0.626997" m30="-0.109625"
			m01="-0.111329" m11="-0.631689" m21="0.767186" m31="0.053331"
			m02="0.990754" m12="-0.0103179" m22="0.135277" m32="0.628693"
			m03="0" m13="0" m23="0" m33="1"/>
		<transform name="Bip01 Spine"
			m00="0.4099" m10="0.595499" m20="0.690914" m30="-0.16561"
			m01="-0.327341" m11="-0.610976" m21="0.720803" m31="0.071763"
			m02="0.851369" m12="-0.521622" m22="-0.0555078" m32="0.79329"
			m03="0" m13="0" m23="0" m33="1"/>
		<transform name="Bip01 L Thigh"
			m00="0.474758" m10="0.87393" m20="-0.104166" m30="-0.00639073"
			m01="-0.0256521" m11="-0.104565" m21="-0.994187" m31="0.179647"
			m02="-0.879743" m12="0.47467" m22="-0.0272248" m32="0.650966"
			m03="0" m13="0" m23="0" m33="1"/>
		<transform name="Bip01 Spine1"
			m00="-0.0287957" m10="0.576774" m20="0.816396" m30="-0.109697"
			m01="-0.212787" m11="-0.801552" m21="0.558781" m31="0.0271488"
			m02="0.976674" m12="-0.157628" m22="0.145811" m32="0.909569"
			m03="0" m13="0" m23="0" m33="1"/>
		<transform name="Bip01 L Calf"
			m00="-0.57262" m10="0.813176" m20="-0.104166" m30="0.13493"
			m01="0.082333" m11="-0.0693765" m21="-0.994187" m31="0.172011"
			m02="-0.815676" m12="-0.577868" m22="-0.0272248" m32="0.389094"
			m03="0" m13="0" m23="0" m33="1"/>
		<transform name="Bip01 L Foot"
			m00="0.0242945" m10="0.996466" m20="0.0804002" m30="-0.00284114"
			m01="-0.0106311" m11="0.080677" m21="-0.996684" m31="0.19182"
			m02="-0.999648" m12="0.0233592" m22="0.0125535" m32="0.192844"
			m03="0" m13="0" m23="0" m33="1"/>
		<transform name="Bip01 R Thigh"
			m00="0.255232" m10="0.53511" m20="-0.805304" m30="-0.212859"
			m01="-0.642523" m11="-0.528515" m21="-0.554829" m31="-0.0729846"
			m02="-0.72251" m12="0.659037" m22="0.208927" m32="0.60642"
			m03="0" m13="0" m23="0" m33="1"/>
		<transform name="Bip01 R Calf"
			m00="-0.520636" m10="0.283591" m20="-0.805304" m30="-0.136884"
			m01="0.493259" m11="-0.66997" m21="-0.554829" m31="-0.264244"
			m02="-0.696874" m12="-0.686088" m22="0.208927" m32="0.391352"
			m03="0" m13="0" m23="0" m33="1"/>
		<transform name="Bip01 R Foot"
			m00="0.0336007" m10="0.608496" m20="-0.792845" m30="-0.262148"
			m01="-0.0846803" m11="-0.788707" m21="-0.608908" m31="-0.145567"
			m02="-0.995842" m12="0.0875981" m22="0.0250265" m32="0.223685"
			m03="0" m13="0" m23="0" m33="1"/>
		<transform name="Bip01 Spine2"
			m00="-0.455207" m10="0.390318" m20="0.800274" m30="-0.113674"
			m01="-0.0357185" m11="-0.906076" m21="0.421604" m31="-0.00180631"
			m02="0.889669" m12="0.163332" m22="0.426394" m32="1.04292"
			m03="0" m13="0" m23="0" m33="1"/>
		<transform name="Bip01 L UpperArm"
			m00="0.741667" m10="0.00082189" m20="0.670767" m30="-0.00392337"
			m01="0.339902" m11="0.861641" m21="-0.376885" m31="0.0849867"
			m02="-0.57827" m12="0.507518" m22="0.638771" m32="1.26213"
			m03="0" m13="0" m23="0" m33="1"/>
		<transform name="Bip01 L Clavicle"
			m00="0.801358" m10="-0.389958" m20="-0.453605" m30="-0.162963"
			m01="0.421689" m11="0.906103" m21="-0.0339902" m31="0.00129709"
			m02="0.424268" m12="-0.164042" m22="0.890554" m32="1.17793"
			m03="0" m13="0" m23="0" m33="1"/>
		<transform name="Bip01 R Clavicle"
			m00="-0.80695" m10="-0.375946" m20="0.455517" m30="-0.194059"
			m01="-0.405745" m11="0.913316" m21="0.034997" m31="-0.0150849"
			m02="-0.429188" m12="-0.156583" m22="-0.889539" m32="1.16136"
			m03="0" m13="0" m23="0" m33="1"/>
		<transform name="Bip01 R UpperArm"
			m00="-0.784305" m10="-0.269353" m20="0.558852" m30="-0.354208"
			m01="-0.619839" m11="0.37769" m21="-0.687858" m31="-0.0956102"
			m02="-0.0257962" m12="-0.885889" m22="-0.46318" m32="1.07618"
			m03="0" m13="0" m23="0" m33="1"/>
		<transform name="Bip01 R Forearm"
			m00="0.174261" m10="-0.810752" m20="0.558852" m30="-0.623022"
			m01="-0.448659" m11="-0.570575" m21="-0.687858" m31="-0.308055"
			m02="0.876549" m12="-0.130867" m22="-0.46318" m32="1.06734"
			m03="0" m13="0" m23="0" m33="1"/>
		<transform name="Bip01 R Hand"
			m00="0.157966" m10="0.503426" m20="-0.849476" m30="-0.577422"
			m01="-0.652895" m11="0.69864" m21="0.292625" m31="-0.425457"
			m02="0.740793" m12="0.508394" m22="0.439046" m32="1.29671"
			m03="0" m13="0" m23="0" m33="1"/>
		<transform name="Bip01 Neck"
			m00="-0.249493" m10="0.545806" m20="0.799905" m30="-0.178592"
			m01="-0.407786" m11="-0.808434" m21="0.424436" m31="-0.0067737"
			m02="0.87833" m12="-0.220296" m22="0.424271" m32="1.16968"
			m03="0" m13="0" m23="0" m33="1"/>
		<transform name="Bip01 L Forearm"
			m00="0.564795" m10="0.480706" m20="0.670767" m30="0.250276"
			m01="-0.298652" m11="0.876792" m21="-0.376885" m31="0.201485"
			m02="-0.769294" m12="0.0125368" m22="0.638771" m32="1.06393"
			m03="0" m13="0" m23="0" m33="1"/>
		<transform name="Bip01 L Hand"
			m00="0.578696" m10="-0.769105" m20="0.27127" m30="0.382015"
			m01="-0.649969" m11="-0.234037" m21="0.723026" m31="0.131824"
			m02="-0.492596" m12="-0.59473" m22="-0.635331" m32="0.884495"
			m03="0" m13="0" m23="0" m33="1"/>
		<transform name="Bip01 L Finger1"
			m00="0.217806" m10="-0.932053" m20="0.289546" m30="0.542217"
			m01="-0.868646" m11="-0.049861" m21="0.492919" m31="-0.0481085"
			m02="-0.44499" m12="-0.358873" m22="-0.820484" m32="0.748128"
			m03="0" m13="0" m23="0" m33="1"/>
		<transform name="Bip01 L Finger11"
			m00="-0.701241" m10="-0.651477" m20="0.289546" m30="0.565618"
			m01="-0.474199" m11="0.729497" m21="0.492919" m31="-0.141435"
			m02="-0.532349" m12="0.208354" m22="-0.820484" m32="0.700319"
			m03="0" m13="0" m23="0" m33="1"/>
		<transform name="Bip01 L Finger0"
			m00="-0.576544" m10="-0.585898" m20="0.569491" m30="0.392963"
			m01="-0.730363" m11="0.0570931" m21="-0.680669" m31="-0.0494765"
			m02="0.366288" m12="-0.808371" m22="-0.460835" m32="0.921141"
			m03="0" m13="0" m23="0" m33="1"/>
		<transform name="Bip01 L Finger01"
			m00="-0.820803" m10="-0.0443002" m20="0.569491" m30="0.315242"
			m01="-0.501106" m11="0.534398" m21="-0.680669" m31="-0.147932"
			m02="-0.274182" m12="-0.844071" m22="-0.460835" m32="0.970518"
			m03="0" m13="0" m23="0" m33="1"/>
		<transform name="Bip01 Prop3"
			m00="0.472032" m10="0.166541" m20="0.865708" m30="-1.38629"
			m01="0.761252" m11="-0.572257" m21="-0.304989" m31="-0.20885"
			m02="0.444614" m12="0.802986" m22="-0.396903" m32="1.82626"
			m03="0" m13="0" m23="0" m33="1"/>
		<transform name="Bip01 Prop1"
			m00="0.488307" m10="0.1283" m20="0.863189" m30="-1.38629"
			m01="0.704172" m11="-0.642177" m21="-0.302902" m31="-0.20885"
			m02="0.515458" m12="0.755743" m22="-0.403925" m32="1.82626"
			m03="0" m13="0" m23="0" m33="1"/>
		<transform name="Bip01 Head"
			m00="0.060391" m10="0.976041" m20="0.209037" m30="-0.225164"
			m01="0.0348091" m11="-0.211352" m21="0.97679" m31="-0.0828938"
			m02="0.997568" m12="-0.0517129" m22="-0.0467388" m32="1.33363"
			m03="0" m13="0" m23="0" m33="1"/>
		<transform name="Bip01 L Toe0"
			m00="0.995036" m10="-0.0563437" m20="0.0820289" m30="0.151879"
			m01="0.0816391" m11="-0.00919027" m21="-0.99662" m31="0.201988"
			m02="0.0569071" m12="0.998369" m22="-0.00454485" m32="0.00918702"
			m03="0" m13="0" m23="0" m33="1"/>
		<transform name="Bip01 R Toe0"
			m00="0.608496" m10="-0.0336007" m20="-0.792845" m30="-0.164154"
			m01="-0.788707" m11="0.0846803" m21="-0.608908" m31="-0.280284"
			m02="0.0875981" m12="0.995842" m22="0.0250265" m32="0.0504222"
			m03="0" m13="0" m23="0" m33="1"/>
		<transform name="Bip01 Ponytail1"
			m00="-0.154608" m10="0.20366" m20="-0.966757" m30="0.0229837"
			m01="0.0348539" m11="0.979038" m21="0.200673" m31="-0.111121"
			m02="0.987361" m12="-0.00266966" m22="-0.158465" m32="1.862"
			m03="0" m13="0" m23="0" m33="1"/>
	</frame>
	<frame index="4">
		<transform name="Bip01 Tail"
			m00="0.0850113" m10="0.734526" m20="-0.673234" m30="-0.0876066"
			m01="0.108633" m11="-0.678485" m21="-0.726537" m31="0.0166183"
			m02="-0.99044" m12="-0.0113718" m22="-0.137473" m32="0.594374"
			m03="0" m13="0" m23="0" m33="1"/>
		<transform name="Bip01 Pelvis"
			m00="-0.0915392" m10="0.734592" m20="0.672305" m30="-0.148254"
			m01="-0.116849" m11="-0.6784" m21="0.725341" m31="0.0670413"
			m02="0.988922" m12="-0.0121613" m22="0.147937" m32="0.624895"
			m03="0" m13="0" m23="0" m33="1"/>
		<transform name="Bip01 Spine"
			m00="0.381722" m10="0.559347" m20="0.735812" m30="-0.203883"
			m01="-0.361712" m11="-0.642197" m21="0.675831" m31="0.0874917"
			m02="0.85056" m12="-0.524132" m22="-0.0428182" m32="0.789374"
			m03="0" m13="0" m23="0" m33="1"/>
		<transform name="Bip01 L Thigh"
			m00="0.533753" m10="0.833221" m20="-0.144399" m30="-0.03756"
			m01="-0.0619767" m11="-0.131754" m21="-0.989343" m31="0.186467"
			m02="-0.843367" m12="0.537014" m22="-0.018684" m32="0.649253"
			m03="0" m13="0" m23="0" m33="1"/>
		<transform name="Bip01 Spine1"
			m00="-0.0526086" m10="0.525753" m20="0.849009" m30="-0.151813"
			m01="-0.222449" m11="-0.834994" m21="0.50329" m31="0.0381875"
			m02="0.973524" m12="-0.162384" m22="0.160881" m32="0.905544"
			m03="0" m13="0" m23="0" m33="1"/>
		<transform name="Bip01 L Calf"
			m00="-0.536971" m10="0.83115" m20="-0.144399" m30="0.121322"
			m01="0.0942056" m11="-0.111021" m21="-0.989343" m31="0.168019"
			m02="-0.838324" m12="-0.544852" m22="-0.018684" m32="0.398209"
			m03="0" m13="0" m23="0" m33="1"/>
		<transform name="Bip01 L Foot"
			m00="0.0510488" m10="0.996317" m20="0.0688964" m30="-0.00787245"
			m01="-0.0130947" m11="0.0696482" m21="-0.997486" m31="0.190684"
			m02="-0.99861" m12="0.0500183" m22="0.016602" m32="0.196509"
			m03="0" m13="0" m23="0" m33="1"/>
		<transform name="Bip01 R Thigh"
			m00="0.15759" m10="0.456423" m20="-0.875696" m30="-0.258948"
			m01="-0.704019" m11="-0.569913" m21="-0.423741" m31="-0.0523846"
			m02="-0.692476" m12="0.683284" m22="0.231518" m32="0.600538"
			m03="0" m13="0" m23="0" m33="1"/>
		<transform name="Bip01 R Calf"
			m00="-0.456198" m10="0.158243" m20="-0.875696" m30="-0.212038"
			m01="0.568906" m11="-0.704833" m21="-0.423741" m31="-0.261949"
			m02="-0.684273" m12="-0.691498" m22="0.231518" m32="0.39441"
			m03="0" m13="0" m23="0" m33="1"/>
		<transform name="Bip01 R Foot"
			m00="0.0304632" m10="0.49283" m20="-0.869592" m30="-0.321798"
			m01="-0.109007" m11="-0.863169" m21="-0.493008" m31="-0.125071"
			m02="-0.993574" m12="0.10981" m22="0.0274272" m32="0.229775"
			m03="0" m13="0" m23="0" m33="1"/>
		<transform name="Bip01 Spine2"
			m00="-0.460057" m10="0.329621" m20="0.824437" m30="-0.159034"
			m01="-0.0147116" m11="-0.931239" m21="0.364112" m31="0.00791565"
			m02="0.887767" m12="0.155384" m22="0.433273" m32="1.03847"
			m03="0" m13="0" m23="0" m33="1"/>
		<transform name="Bip01 L UpperArm"
			m00="0.767578" m10="0.0355343" m20="0.63997" m30="-0.0445398"
			m01="0.309503" m11="0.853793" m21="-0.418623" m31="0.0851685"
			m02="-0.561278" m12="0.519399" m22="0.644354" m32="1.25858"
			m03="0" m13="0" m23="0" m33="1"/>
		<transform name="Bip01 L Clavicle"
			m00="0.826379" m10="-0.329256" m20="-0.456823" m30="-0.208545"
			m01="0.36417" m11="0.931249" m21="-0.0124276" m31="0.0128942"
			m02="0.429509" m12="-0.156092" m22="0.88947" m32="1.17334"
			m03="0" m13="0" m23="0" m33="1"/>
		<transform name="Bip01 R Clavicle"
			m00="-0.810576" m10="-0.362039" m20="0.46032" m30="-0.24058"
			m01="-0.401151" m11="0.915905" m21="0.0139701" m31="-0.00125381"
			m02="-0.426667" m12="-0.173334" m22="-0.887643" m32="1.1565"
			m03="0" m13="0" m23="0" m33="1"/>
		<transform name="Bip01 R UpperArm"
			m00="-0.807263" m10="-0.242729" m20="0.537967" m30="-0.401449"
			m01="-0.588827" m11="0.393191" m21="-0.706175" m31="-0.0808674"
			m02="-0.0401145" m12="-0.886839" m22="-0.460334" m32="1.07182"
			m03="0" m13="0" m23="0" m33="1"/>
		<transform name="Bip01 R Forearm"
			m00="0.138745" m10="-0.831469" m20="0.537967" m30="-0.678131"
			m01="-0.464464" m11="-0.534405" m21="-0.706175" m31="-0.282682"
			m02="0.874656" m12="-0.151888" m22="-0.460334" m32="1.05807"
			m03="0" m13="0" m23="0" m33="1"/>
		<transform name="Bip01 R Hand"
			m00="0.139662" m10="0.495792" m20="-0.857138" m30="-0.641825"
			m01="-0.671701" m11="0.683442" m21="0.285875" m31="-0.404221"
			m02="0.727539" m12="0.535814" m22="0.428474" m32="1.28695"
			m03="0" m13="0" m23="0" m33="1"/>
		<transform name="Bip01 Neck"
			m00="-0.275066" m10="0.495158" m20="0.82411" m30="-0.224636"
			m01="-0.40201" m11="-0.837879" m21="0.369251" m31="0.00594477"
			m02="0.873342" m12="-0.229732" m22="0.42953" m32="1.16495"
			m03="0" m13="0" m23="0" m33="1"/>
		<transform name="Bip01 L Forearm"
			m00="0.56732" m10="0.518253" m20="0.63997" m30="0.21854"
			m01="-0.308161" m11="0.854278" m21="-0.418623" m31="0.191248"
			m02="-0.763666" m12="0.0402795" m22="0.644354" m32="1.0662"
			m03="0" m13="0" m23="0" m33="1"/>
		<transform name="Bip01 L Hand"
			m00="0.56063" m10="-0.764984" m20="0.317007" m30="0.350868"
			m01="-0.66614" m11="-0.189237" m21="0.72142" m31="0.119369"
			m02="-0.491885" m12="-0.615621" m22="-0.615679" m32="0.88808"
			m03="0" m13="0" m23="0" m33="1"/>
		<transform name="Bip01 L Finger1"
			m00="0.194709" m10="-0.923957" m20="0.329227" m30="0.506069"
			m01="-0.868509" m11="-0.0064189" m21="0.495633" m31="-0.0650403"
			m02="-0.455831" m12="-0.382441" m22="-0.803715" m32="0.75191"
			m03="0" m13="0" m23="0" m33="1"/>
		<transform name="Bip01 L Finger11"
			m00="-0.702544" m10="-0.630905" m20="0.329227" m30="0.526988"
			m01="-0.440137" m11="0.748751" m21="0.495633" m31="-0.158352"
			m02="-0.559207" m12="0.2033" m22="-0.803715" m32="0.702936"
			m03="0" m13="0" m23="0" m33="1"/>
		<transform name="Bip01 L Finger0"
			m00="-0.612328" m10="-0.567321" m20="0.550637" m30="0.353025"
			m01="-0.712242" m11="0.093529" m21="-0.695675" m31="-0.0628573"
			m02="0.34317" m12="-0.818168" m22="-0.461341" m32="0.921571"
