<?xml version="1.0" encoding="ISO-8859-1" standalone="yes"?>

<!DOCTYPE animation [
	<!ELEMENT animation  (frame+)>
	<!ELEMENT frame      (transform+)>
	<!ELEMENT transform   EMPTY>
	<!ATTLIST frame index CDATA #REQUIRED>
	<!ATTLIST transform name CDATA #REQUIRED>
	<!ATTLIST transform m00 CDATA #REQUIRED>
	<!ATTLIST transform m01 CDATA #REQUIRED>
	<!ATTLIST transform m02 CDATA #REQUIRED>
	<!ATTLIST transform m03 CDATA #REQUIRED>
	<!ATTLIST transform m10 CDATA #REQUIRED>
	<!ATTLIST transform m11 CDATA #REQUIRED>
	<!ATTLIST transform m12 CDATA #REQUIRED>
	<!ATTLIST transform m13 CDATA #REQUIRED>
	<!ATTLIST transform m20 CDATA #REQUIRED>
	<!ATTLIST transform m21 CDATA #REQUIRED>
	<!ATTLIST transform m22 CDATA #REQUIRED>
	<!ATTLIST transform m23 CDATA #REQUIRED>
	<!ATTLIST transform m30 CDATA #REQUIRED>
	<!ATTLIST transform m31 CDATA #REQUIRED>
	<!ATTLIST transform m32 CDATA #REQUIRED>
	<!ATTLIST transform m33 CDATA #REQUIRED>
]>

<animation>
	<frame index="0">
		<transform name="Bip01 Tail"
			m00="0.0410284" m10="0.874865" m20="-0.482627" m30="0.0771097"
			m01="0.0899472" m11="-0.484306" m21="-0.870263" m31="-0.0235591"
			m02="-0.995101" m12="-0.00770544" m22="-0.0985619" m32="0.60331"
			m03="0" m13="0" m23="0" m33="1"/>
		<transform name="Bip01 Pelvis"
			m00="-0.0403318" m10="0.874896" m20="0.482628" m30="0.00667623"
			m01="-0.0903343" m11="-0.484236" m21="0.870262" m31="0.0120622"
			m02="0.995095" m12="-0.00849864" m22="0.0985633" m32="0.633681"
			m03="0" m13="0" m23="0" m33="1"/>
		<transform name="Bip01 Spine"
			m00="0.47764" m10="0.68802" m20="0.546341" m30="-0.0496252"
			m01="-0.218594" m11="-0.509238" m21="0.832402" m31="0.0246142"
			m02="0.850927" m12="-0.517015" m22="-0.0928351" m32="0.798723"
			m03="0" m13="0" m23="0" m33="1"/>
		<transform name="Bip01 L Thigh"
			m00="0.269901" m10="0.962282" m20="0.0341638" m30="0.0861402"
			m01="0.0942051" m11="0.00892085" m21="-0.995513" m31="0.155349"
			m02="-0.958269" m12="0.271908" m22="-0.0882441" m32="0.649909"
			m03="0" m13="0" m23="0" m33="1"/>
		<transform name="Bip01 Spine1"
			m00="0.0346126" m10="0.710812" m20="0.702529" m30="0.0155235"
			m01="-0.174829" m11="-0.687805" m21="0.704528" m31="-0.00516204"
			m02="0.98399" m12="-0.147208" m22="0.100464" m32="0.914941"
			m03="0" m13="0" m23="0" m33="1"/>
		<transform name="Bip01 L Calf"
			m00="-0.675149" m10="0.736889" m20="0.0341638" m30="0.166481"
			m01="0.0421132" m11="0.0847387" m21="-0.995513" m31="0.183391"
			m02="-0.736478" m12="-0.670681" m22="-0.0882441" m32="0.364662"
			m03="0" m13="0" m23="0" m33="1"/>
		<transform name="Bip01 L Foot"
			m00="-0.0133989" m10="0.995256" m20="0.0963681" m30="0.00404164"
			m01="-0.00766875" m11="0.0962716" m21="-0.995325" m31="0.193523"
			m02="-0.999881" m12="-0.0140753" m22="0.00634244" m32="0.187467"
			m03="0" m13="0" m23="0" m33="1"/>
		<transform name="Bip01 R Thigh"
			m00="0.414071" m10="0.775365" m20="-0.476816" m30="-0.0727877"
			m01="-0.346852" m11="-0.349909" m21="-0.870205" m31="-0.131225"
			m02="-0.841569" m12="0.525711" m22="0.12405" m32="0.617453"
			m03="0" m13="0" m23="0" m33="1"/>
		<transform name="Bip01 R Calf"
			m00="-0.630375" m10="0.612596" m20="-0.476816" m30="0.0504684"
			m01="0.240172" m11="-0.430185" m21="-0.870205" m31="-0.234472"
			m02="-0.738204" m12="-0.663074" m22="0.12405" m32="0.366944"
			m03="0" m13="0" m23="0" m33="1"/>
		<transform name="Bip01 R Foot"
			m00="-0.000653796" m10="0.876914" m20="-0.480646" m30="-0.101199"
			m01="0.00408794" m11="-0.48064" m21="-0.876909" m31="-0.176687"
			m02="-0.999991" m12="-0.00253817" m22="-0.00327053" m32="0.189334"
			m03="0" m13="0" m23="0" m33="1"/>
		<transform name="Bip01 Spine2"
			m00="-0.433829" m10="0.554684" m20="0.710012" m30="0.0201872"
			m01="-0.0945525" m11="-0.811708" m21="0.576359" m31="-0.0289445"
			m02="0.89602" m12="0.182908" m22="0.404589" m32="1.04929"
			m03="0" m13="0" m23="0" m33="1"/>
		<transform name="Bip01 L UpperArm"
			m00="0.661079" m10="-0.12665" m20="0.739551" m30="0.1131"
			m01="0.435002" m11="0.867791" m21="-0.240234" m31="0.0831718"
			m02="-0.61135" m12="0.480519" m22="0.628771" m32="1.26507"
			m03="0" m13="0" m23="0" m33="1"/>
		<transform name="Bip01 L Clavicle"
			m00="0.710011" m10="-0.55434" m20="-0.434271" m30="-0.0278111"
			m01="0.576361" m11="0.811782" m21="-0.0939061" m31="-0.0312145"
			m02="0.404589" m12="-0.183622" m22="0.895874" m32="1.18478"
			m03="0" m13="0" m23="0" m33="1"/>
		<transform name="Bip01 R Clavicle"
			m00="-0.799766" m10="-0.414468" m20="0.434271" m30="-0.0553993"
			m01="-0.417417" m11="0.90385" m21="0.0939061" m31="-0.0536096"
			m02="-0.431436" m12="-0.106169" m22="-0.895874" m32="1.16906"
			m03="0" m13="0" m23="0" m33="1"/>
		<transform name="Bip01 R UpperArm"
			m00="-0.711432" m10="-0.341569" m20="0.614162" m30="-0.214123"
			m01="-0.702555" m11="0.32487" m21="-0.633147" m31="-0.136451"
			m02="0.0167408" m12="-0.881924" m22="-0.471095" m32="1.08343"
			m03="0" m13="0" m23="0" m33="1"/>
		<transform name="Bip01 R Forearm"
			m00="0.271167" m10="-0.74113" m20="0.614162" m30="-0.45796"
			m01="-0.39129" m11="-0.667845" m21="-0.633147" m31="-0.377246"
			m02="0.879409" m12="-0.0686264" m22="-0.471095" m32="1.08917"
			m03="0" m13="0" m23="0" m33="1"/>
		<transform name="Bip01 R Hand"
			m00="0.206183" m10="0.518899" m20="-0.829598" m30="-0.387003"
			m01="-0.589683" m11="0.742462" m21="0.317842" m31="-0.479636"
			m02="0.780873" m12="0.423666" m22="0.459069" m32="1.31929"
			m03="0" m13="0" m23="0" m33="1"/>
		<transform name="Bip01 Neck"
			m00="-0.167759" m10="0.683914" m20="0.710013" m30="-0.0417069"
			m01="-0.419562" m11="-0.701269" m21="0.576359" m31="-0.0423078"
			m02="0.89209" m12="-0.201205" m22="0.404588" m32="1.17695"
			m03="0" m13="0" m23="0" m33="1"/>
		<transform name="Bip01 L Forearm"
			m00="0.581522" m10="0.338965" m20="0.739551" m30="0.339678"
			m01="-0.242383" m11="0.939967" m21="-0.240234" m31="0.232265"
			m02="-0.776584" m12="-0.0395538" m22="0.628771" m32="1.05554"
			m03="0" m13="0" m23="0" m33="1"/>
		<transform name="Bip01 L Hand"
			m00="0.656652" m10="-0.741912" m20="0.135553" m30="0.475318"
			m01="-0.57368" m11="-0.374677" m21="0.72836" m31="0.175729"
			m02="-0.48959" m12="-0.556043" m22="-0.671653" m32="0.8744"
			m03="0" m13="0" m23="0" m33="1"/>
		<transform name="Bip01 L Finger1"
			m00="0.329383" m10="-0.926105" m20="0.183942" m30="0.657101"
			m01="-0.845506" m11="-0.20259" m21="0.494042" m31="0.0169151"
			m02="-0.420271" m12="-0.318254" m22="-0.849757" m32="0.738866"
			m03="0" m13="0" m23="0" m33="1"/>
		<transform name="Bip01 L Finger11"
			m00="-0.645498" m10="-0.74128" m20="0.183942" m30="0.69249"
			m01="-0.591254" m11="0.63745" m21="0.494042" m31="-0.0739252"
			m02="-0.483478" m12="0.210147" m22="-0.849757" m32="0.693712"
			m03="0" m13="0" m23="0" m33="1"/>
		<transform name="Bip01 L Finger0"
			m00="-0.449824" m10="-0.610286" m20="0.65208" m30="0.515419"
			m01="-0.793007" m11="-0.0629463" m21="-0.605951" m31="-1.77273e-006"
			m02="0.410849" m12="-0.789676" m22="-0.455647" m32="0.917337"
			m03="0" m13="0" m23="0" m33="1"/>
		<transform name="Bip01 L Finger01"
			m00="-0.744552" m10="-0.142943" m20="0.65208" m30="0.454781"
			m01="-0.625142" m11="0.491956" m21="-0.605951" m31="-0.106902"
			m02="-0.234178" m12="-0.858805" m22="-0.455647" m32="0.972721"
			m03="0" m13="0" m23="0" m33="1"/>
		<transform name="Bip01 Prop3"
			m00="0.483285" m10="0.2168" m20="0.848194" m30="-1.17019"
			m01="0.799422" m11="-0.504231" m21="-0.326613" m31="-0.229876"
			m02="0.356876" m12="0.835912" m22="-0.417002" m32="1.87233"
			m03="0" m13="0" m23="0" m33="1"/>
		<transform name="Bip01 Prop1"
			m00="0.504091" m10="0.177183" m20="0.84528" m30="-1.17019"
			m01="0.748382" m11="-0.578117" m21="-0.325123" m31="-0.229876"
			m02="0.431065" m12="0.796484" m22="-0.424024" m32="1.87233"
			m03="0" m13="0" m23="0" m33="1"/>
		<transform name="Bip01 Head"
			m00="0.0644843" m10="0.996881" m20="0.0455049" m30="-0.0730219"
			m01="0.0723271" m11="-0.0501487" m21="0.996119" m31="-0.120626"
			m02="0.995294" m12="-0.0609428" m22="-0.0753353" m32="1.34347"
			m03="0" m13="0" m23="0" m33="1"/>
		<transform name="Bip01 L Toe0"
			m00="0.995159" m10="-0.0176129" m20="0.0966894" m30="0.151522"
			m01="0.0964717" m11="-0.0128172" m21="-0.995253" m31="0.206596"
			m02="0.0187686" m12="0.999763" m22="-0.011056" m32="-0.00187466"
			m03="0" m13="0" m23="0" m33="1"/>
		<transform name="Bip01 R Toe0"
			m00="0.876914" m10="0.000653796" m20="-0.480646" m30="0.0308335"
			m01="-0.48064" m11="-0.00408794" m21="-0.876909" m31="-0.248356"
			m02="-0.00253817" m12="0.999991" m22="-0.00327053" m32="0.00170988"
			m03="0" m13="0" m23="0" m33="1"/>
		<transform name="Bip01 Ponytail1"
			m00="-0.147707" m10="0.0403013" m20="-0.98821" m30="0.182008"
			m01="0.0368998" m11="0.998698" m21="0.0352137" m31="-0.0929592"
			m02="0.988343" m12="-0.0312634" m22="-0.149002" m32="1.86858"
			m03="0" m13="0" m23="0" m33="1"/>
	</frame>
	<frame index="1">
		<transform name="Bip01 Tail"
			m00="0.0410284" m10="0.874865" m20="-0.482627" m30="0.0771097"
			m01="0.0899472" m11="-0.484306" m21="-0.870263" m31="-0.0243005"
			m02="-0.995101" m12="-0.00770544" m22="-0.0985619" m32="0.603738"
			m03="0" m13="0" m23="0" m33="1"/>
		<transform name="Bip01 Pelvis"
			m00="-0.0403318" m10="0.874896" m20="0.482628" m30="0.00667623"
			m01="-0.0903343" m11="-0.484236" m21="0.870262" m31="0.0113208"
			m02="0.995095" m12="-0.00849864" m22="0.0985633" m32="0.634109"
			m03="0" m13="0" m23="0" m33="1"/>
		<transform name="Bip01 Spine"
			m00="0.476392" m10="0.688885" m20="0.546341" m30="-0.0496253"
			m01="-0.217671" m11="-0.509634" m21="0.832402" m31="0.0238729"
			m02="0.851863" m12="-0.515472" m22="-0.0928351" m32="0.79915"
			m03="0" m13="0" m23="0" m33="1"/>
		<transform name="Bip01 L Thigh"
			m00="0.268533" m10="0.962674" m20="0.0339052" m30="0.0861402"
			m01="0.0955254" m11="0.00841113" m21="-0.995391" m31="0.154608"
			m02="-0.958522" m12="0.270534" m22="-0.0897011" m32="0.650337"
			m03="0" m13="0" m23="0" m33="1"/>
		<transform name="Bip01 Spine1"
			m00="0.0295289" m10="0.711309" m20="0.702259" m30="0.0153529"
			m01="-0.170338" m11="-0.688708" m21="0.704745" m31="-0.00577717"
			m02="0.984943" m12="-0.140432" m22="0.100826" m32="0.915495"
			m03="0" m13="0" m23="0" m33="1"/>
		<transform name="Bip01 L Calf"
			m00="-0.673457" m10="0.738448" m20="0.0339052" m30="0.166074"
			m01="0.0435613" m11="0.0854299" m21="-0.995391" m31="0.183042"
			m02="-0.737941" m12="-0.668877" m22="-0.0897011" m32="0.365014"
			m03="0" m13="0" m23="0" m33="1"/>
		<transform name="Bip01 L Foot"
			m00="-0.0133989" m10="0.995256" m20="0.0963681" m30="0.00404155"
			m01="-0.00766875" m11="0.0962716" m21="-0.995325" m31="0.193523"
			m02="-0.999881" m12="-0.0140753" m22="0.00634244" m32="0.187467"
			m03="0" m13="0" m23="0" m33="1"/>
		<transform name="Bip01 R Thigh"
			m00="0.413382" m10="0.775667" m20="-0.476923" m30="-0.0727877"
			m01="-0.345058" m11="-0.35126" m21="-0.870374" m31="-0.131966"
			m02="-0.842645" m12="0.524363" m22="0.122445" m32="0.617881"
			m03="0" m13="0" m23="0" m33="1"/>
		<transform name="Bip01 R Calf"
			m00="-0.629523" m10="0.613388" m20="-0.476923" m30="0.0502633"
			m01="0.241034" m11="-0.429361" m21="-0.870374" m31="-0.234679"
			m02="-0.73865" m12="-0.662875" m22="0.122445" m32="0.367052"
			m03="0" m13="0" m23="0" m33="1"/>
		<transform name="Bip01 R Foot"
			m00="-0.000653796" m10="0.876914" m20="-0.480646" m30="-0.101199"
			m01="0.00408794" m11="-0.48064" m21="-0.876909" m31="-0.176687"
			m02="-0.999991" m12="-0.00253817" m22="-0.00327053" m32="0.189334"
			m03="0" m13="0" m23="0" m33="1"/>
		<transform name="Bip01 Spine2"
			m00="-0.438429" m10="0.553454" m20="0.708144" m30="0.0193226"
			m01="-0.0903083" m11="-0.811048" m21="0.577967" m31="-0.0289464"
			m02="0.894217" m12="0.189446" m22="0.405569" m32="1.04998"
			m03="0" m13="0" m23="0" m33="1"/>
		<transform name="Bip01 L UpperArm"
			m00="0.660999" m10="-0.127189" m20="0.739529" m30="0.111173"
			m01="0.43569" m11="0.867445" m21="-0.240236" m31="0.0841248"
			m02="-0.610945" m12="0.481001" m22="0.628795" m32="1.26571"
			m03="0" m13="0" m23="0" m33="1"/>
		<transform name="Bip01 L Clavicle"
			m00="0.708143" m10="-0.553107" m20="-0.43887" m30="-0.0293673"
			m01="0.577969" m11="0.811118" m21="-0.0896624" m31="-0.0305807"
			m02="0.405568" m12="-0.190159" m22="0.894066" m32="1.18522"
			m03="0" m13="0" m23="0" m33="1"/>
		<transform name="Bip01 R Clavicle"
			m00="-0.797703" m10="-0.413598" m20="0.43887" m30="-0.0568829"
			m01="-0.41912" m11="0.903493" m21="0.0896624" m31="-0.0530382"
			m02="-0.4336" m12="-0.112415" m22="-0.894066" m32="1.16946"
			m03="0" m13="0" m23="0" m33="1"/>
		<transform name="Bip01 R UpperArm"
			m00="-0.711432" m10="-0.341414" m20="0.614248" m30="-0.215197"
			m01="-0.702555" m11="0.32471" m21="-0.633229" m31="-0.136218"
			m02="0.0167408" m12="-0.882043" m22="-0.470872" m32="1.08341"
			m03="0" m13="0" m23="0" m33="1"/>
		<transform name="Bip01 R Forearm"
			m00="0.271013" m10="-0.741115" m20="0.614248" m30="-0.459034"
			m01="-0.391131" m11="-0.66786" m21="-0.633229" m31="-0.377012"
			m02="0.879528" m12="-0.0686378" m22="-0.470872" m32="1.08915"
			m03="0" m13="0" m23="0" m33="1"/>
		<transform name="Bip01 R Hand"
			m00="0.206047" m10="0.518821" m20="-0.82968" m30="-0.388117"
			m01="-0.589542" m11="0.742541" m21="0.317921" m31="-0.479361"
			m02="0.781015" m12="0.423625" m22="0.458865" m32="1.3193"
			m03="0" m13="0" m23="0" m33="1"/>
		<transform name="Bip01 Neck"
			m00="-0.172458" m10="0.684682" m20="0.708145" m30="-0.0432269"
			m01="-0.415421" m11="-0.70241" m21="0.577967" m31="-0.041705"
			m02="0.893131" m12="-0.194503" m22="0.405567" m32="1.17737"
			m03="0" m13="0" m23="0" m33="1"/>
		<transform name="Bip01 L Forearm"
			m00="0.581703" m10="0.338702" m20="0.739529" m30="0.337724"
			m01="-0.241953" m11="0.940077" m21="-0.240236" m31="0.233454"
			m02="-0.776583" m12="-0.0391852" m22="0.628795" m32="1.05632"
			m03="0" m13="0" m23="0" m33="1"/>
		<transform name="Bip01 L Hand"
			m00="0.656887" m10="-0.741725" m20="0.135441" m30="0.473407"
			m01="-0.573326" m11="-0.3747" m21="0.728627" m31="0.177018"
			m02="-0.489691" m12="-0.556277" m22="-0.671385" m32="0.87518"
			m03="0" m13="0" m23="0" m33="1"/>
		<transform name="Bip01 L Finger1"
			m00="0.329686" m10="-0.926001" m20="0.183923" m30="0.655255"
			m01="-0.845268" m11="-0.202747" m21="0.494384" m31="0.0183029"
			m02="-0.420511" m12="-0.318456" m22="-0.849563" m32="0.739617"
			m03="0" m13="0" m23="0" m33="1"/>
		<transform name="Bip01 L Finger11"
			m00="-0.645259" m10="-0.741493" m20="0.183923" m30="0.690676"
			m01="-0.591274" m11="0.637166" m21="0.494384" m31="-0.0725119"
			m02="-0.483772" m12="0.210258" m22="-0.849563" m32="0.694438"
			m03="0" m13="0" m23="0" m33="1"/>
		<transform name="Bip01 L Finger0"
			m00="-0.449656" m10="-0.610155" m20="0.652319" m30="0.513551"
			m01="-0.793276" m11="-0.0628522" m21="-0.605609" m31="0.00128468"
			m02="0.410515" m12="-0.789785" m22="-0.45576" m32="0.918062"
			m03="0" m13="0" m23="0" m33="1"/>
		<transform name="Bip01 L Finger01"
			m00="-0.74434" m10="-0.142961" m20="0.652319" m30="0.452936"
			m01="-0.625275" m11="0.492207" m21="-0.605609" m31="-0.105652"
			m02="-0.234498" m12="-0.858658" m22="-0.45576" m32="0.973401"
			m03="0" m13="0" m23="0" m33="1"/>
		<transform name="Bip01 Prop3"
			m00="0.483219" m10="0.216654" m20="0.848269" m30="-1.17141"
			m01="0.799488" m11="-0.50408" m21="-0.326684" m31="-0.229505"
			m02="0.356818" m12="0.836041" m22="-0.416793" m32="1.87215"
			m03="0" m13="0" m23="0" m33="1"/>
		<transform name="Bip01 Prop1"
			m00="0.504011" m10="0.177044" m20="0.845357" m30="-1.17141"
			m01="0.748462" m11="-0.577973" m21="-0.325196" m31="-0.229505"
			m02="0.431019" m12="0.79662" m22="-0.423815" m32="1.87215"
			m03="0" m13="0" m23="0" m33="1"/>
		<transform name="Bip01 Head"
			m00="0.0644843" m10="0.996881" m20="0.0455049" m30="-0.0754191"
			m01="0.0723271" m11="-0.0501487" m21="0.996119" m31="-0.11925"
			m02="0.995294" m12="-0.0609428" m22="-0.0753353" m32="1.34409"
			m03="0" m13="0" m23="0" m33="1"/>
		<transform name="Bip01 L Toe0"
			m00="0.995159" m10="-0.0176129" m20="0.0966894" m30="0.151522"
			m01="0.0964717" m11="-0.0128172" m21="-0.995253" m31="0.206596"
			m02="0.0187686" m12="0.999763" m22="-0.011056" m32="-0.00187469"
			m03="0" m13="0" m23="0" m33="1"/>
		<transform name="Bip01 R Toe0"
			m00="0.876914" m10="0.000653796" m20="-0.480646" m30="0.0308335"
			m01="-0.48064" m11="-0.00408794" m21="-0.876909" m31="-0.248356"
			m02="-0.00253817" m12="0.999991" m22="-0.00327053" m32="0.00170991"
			m03="0" m13="0" m23="0" m33="1"/>
		<transform name="Bip01 Ponytail1"
			m00="-0.147707" m10="0.0403013" m20="-0.98821" m30="0.179611"
			m01="0.0368998" m11="0.998698" m21="0.0352137" m31="-0.0915834"
			m02="0.988343" m12="-0.0312634" m22="-0.149002" m32="1.8692"
			m03="0" m13="0" m23="0" m33="1"/>
	</frame>
	<frame index="2">
		<transform name="Bip01 Tail"
			m00="0.0410284" m10="0.874865" m20="-0.482627" m30="0.0771097"
			m01="0.0899472" m11="-0.484306" m21="-0.870263" m31="-0.02511"
			m02="-0.995101" m12="-0.00770544" m22="-0.0985619" m32="0.605041"
			m03="0" m13="0" m23="0" m33="1"/>
		<transform name="Bip01 Pelvis"
			m00="-0.0403318" m10="0.874896" m20="0.482628" m30="0.00667624"
			m01="-0.0903343" m11="-0.484236" m21="0.870262" m31="0.0105113"
			m02="0.995095" m12="-0.00849864" m22="0.0985633" m32="0.635412"
			m03="0" m13="0" m23="0" m33="1"/>
		<transform name="Bip01 Spine"
			m00="0.47504" m10="0.689817" m20="0.546341" m30="-0.0496254"
			m01="-0.216671" m11="-0.510059" m21="0.832402" m31="0.0230634"
			m02="0.852872" m12="-0.513801" m22="-0.092835" m32="0.800453"
			m03="0" m13="0" m23="0" m33="1"/>
		<transform name="Bip01 L Thigh"
			m00="0.264656" m10="0.963755" m20="0.0336534" m30="0.0861402"
			m01="0.0968013" m11="0.00817131" m21="-0.99527" m31="0.153798"
			m02="-0.959472" m12="0.266662" m22="-0.0911302" m32="0.65164"
			m03="0" m13="0" m23="0" m33="1"/>
		<transform name="Bip01 Spine1"
			m00="0.0240273" m10="0.711805" m20="0.701966" m30="0.0151682"
			m01="-0.165477" m11="-0.689651" m21="0.704981" m31="-0.00644999"
			m02="0.985921" m12="-0.133098" m22="0.101217" m32="0.916935"
			m03="0" m13="0" m23="0" m33="1"/>
		<transform name="Bip01 L Calf"
			m00="-0.668661" m10="0.742805" m20="0.0336534" m30="0.16492"
			m01="0.0453471" m11="0.0859121" m21="-0.99527" m31="0.182613"
			m02="-0.742183" m12="-0.663972" m22="-0.0911302" m32="0.366035"
			m03="0" m13="0" m23="0" m33="1"/>
		<transform name="Bip01 L Foot"
			m00="-0.0133989" m10="0.995256" m20="0.0963681" m30="0.00404156"
			m01="-0.00766875" m11="0.0962716" m21="-0.995325" m31="0.193523"
			m02="-0.999881" m12="-0.0140753" m22="0.00634244" m32="0.187467"
			m03="0" m13="0" m23="0" m33="1"/>
		<transform name="Bip01 R Thigh"
			m00="0.411034" m10="0.776832" m20="-0.477056" m30="-0.0727877"
			m01="-0.342159" m11="-0.353584" m21="-0.870578" m31="-0.132775"
			m02="-0.844972" m12="0.521066" m22="0.120465" m32="0.619184"
			m03="0" m13="0" m23="0" m33="1"/>
		<transform name="Bip01 R Calf"
			m00="-0.626618" m10="0.616252" m20="-0.477056" m30="0.0495644"
			m01="0.240812" m11="-0.429074" m21="-0.870578" m31="-0.234625"
			m02="-0.741188" m12="-0.660401" m22="0.120465" m32="0.367662"
			m03="0" m13="0" m23="0" m33="1"/>
		<transform name="Bip01 R Foot"
			m00="-0.000653796" m10="0.876914" m20="-0.480646" m30="-0.101199"
			m01="0.00408794" m11="-0.48064" m21="-0.876909" m31="-0.176687"
			m02="-0.999991" m12="-0.00253817" m22="-0.00327053" m32="0.189334"
			m03="0" m13="0" m23="0" m33="1"/>
		<transform name="Bip01 Spine2"
			m00="-0.443392" m10="0.552085" m20="0.70612" m30="0.0183867"
			m01="-0.0857277" m11="-0.810301" m21="0.579709" m31="-0.0289555"
			m02="0.892219" m12="0.196504" m22="0.40661" m32="1.05155"
			m03="0" m13="0" m23="0" m33="1"/>
		<transform name="Bip01 L UpperArm"
			m00="0.660751" m10="-0.128857" m20="0.739462" m30="0.109089"
			m01="0.437817" m11="0.866371" m21="-0.240243" m31="0.0851477"
			m02="-0.609692" m12="0.48249" m22="0.628872" m32="1.26723"
			m03="0" m13="0" m23="0" m33="1"/>
		<transform name="Bip01 L Clavicle"
			m00="0.706119" m10="-0.551734" m20="-0.443831" m30="-0.0310493"
			m01="0.579711" m11="0.810368" m21="-0.0850824" m31="-0.0299035"
			m02="0.406609" m12="-0.197216" m22="0.892062" m32="1.18653"
			m03="0" m13="0" m23="0" m33="1"/>
		<transform name="Bip01 R Clavicle"
			m00="-0.795461" m10="-0.41262" m20="0.443831" m30="-0.0584863"
			m01="-0.42097" m11="0.903075" m21="0.0850825" m31="-0.0524287"
			m02="-0.43592" m12="-0.11916" m22="-0.892062" m32="1.17073"
			m03="0" m13="0" m23="0" m33="1"/>
		<transform name="Bip01 R UpperArm"
			m00="-0.711432" m10="-0.340937" m20="0.614513" m30="-0.216356"
			m01="-0.702555" m11="0.324219" m21="-0.633481" m31="-0.135976"
			m02="0.0167408" m12="-0.882408" m22="-0.470187" m32="1.08422"
			m03="0" m13="0" m23="0" m33="1"/>
		<transform name="Bip01 R Forearm"
			m00="0.270538" m10="-0.741069" m20="0.614513" m30="-0.460193"
			m01="-0.390641" m11="-0.667908" m21="-0.633481" m31="-0.37677"
			m02="0.879891" m12="-0.0686732" m22="-0.470187" m32="1.08996"
			m03="0" m13="0" m23="0" m33="1"/>
		<transform name="Bip01 R Hand"
			m00="0.205628" m10="0.51858" m20="-0.829935" m30="-0.3894"
			m01="-0.589108" m11="0.742782" m21="0.318163" m31="-0.478991"
			m02="0.781453" m12="0.423497" m22="0.458236" m32="1.3202"
			m03="0" m13="0" m23="0" m33="1"/>
		<transform name="Bip01 Neck"
			m00="-0.177545" m10="0.685471" m20="0.706121" m30="-0.0448697"
			m01="-0.410938" m11="-0.70361" m21="0.579709" m31="-0.0410615"
			m02="0.894208" m12="-0.187247" m22="0.406609" m32="1.17866"
			m03="0" m13="0" m23="0" m33="1"/>
		<transform name="Bip01 L Forearm"
			m00="0.582262" m10="0.337886" m20="0.739462" m30="0.335556"
			m01="-0.24062" m11="0.940418" m21="-0.240243" m31="0.235206"
			m02="-0.776578" m12="-0.038045" m22="0.628872" m32="1.05826"
			m03="0" m13="0" m23="0" m33="1"/>
		<transform name="Bip01 L Hand"
			m00="0.657612" m10="-0.741145" m20="0.135093" m30="0.471368"
			m01="-0.572228" m11="-0.374771" m21="0.729453" m31="0.179081"
			m02="-0.490002" m12="-0.557002" m22="-0.670558" m32="0.877126"
			m03="0" m13="0" m23="0" m33="1"/>
		<transform name="Bip01 L Finger1"
			m00="0.330621" m10="-0.92568" m20="0.183862" m30="0.653417"
			m01="-0.844533" m11="-0.203232" m21="0.495441" m31="0.0206696"
			m02="-0.421254" m12="-0.319081" m22="-0.84896" m32="0.741477"
			m03="0" m13="0" m23="0" m33="1"/>
		<transform name="Bip01 L Finger11"
			m00="-0.64452" m10="-0.742151" m20="0.183862" m30="0.688939"
			m01="-0.591335" m11="0.636287" m21="0.495441" m31="-0.0700661"
			m02="-0.484681" m12="0.210598" m22="-0.84896" m32="0.696218"
			m03="0" m13="0" m23="0" m33="1"/>
		<transform name="Bip01 L Finger0"
			m00="-0.449135" m10="-0.609748" m20="0.653058" m30="0.51165"
			m01="-0.794106" m11="-0.062561" m21="-0.604551" m31="0.00333808"
			m02="0.409479" m12="-0.790123" m22="-0.456106" m32="0.919841"
			m03="0" m13="0" m23="0" m33="1"/>
		<transform name="Bip01 L Finger01"
			m00="-0.743681" m10="-0.143015" m20="0.653058" m30="0.451104"
			m01="-0.625687" m11="0.492984" m21="-0.604551" m31="-0.103711"
			m02="-0.235487" m12="-0.858203" m22="-0.456106" m32="0.975041"
			m03="0" m13="0" m23="0" m33="1"/>
		<transform name="Bip01 Prop3"
			m00="0.483014" m10="0.216205" m20="0.848501" m30="-1.17299"
			m01="0.799691" m11="-0.503615" m21="-0.326903" m31="-0.228839"
			m02="0.35664" m12="0.836437" m22="-0.41615" m32="1.87249"
			m03="0" m13="0" m23="0" m33="1"/>
		<transform name="Bip01 Prop1"
			m00="0.503766" m10="0.176617" m20="0.845592" m30="-1.17299"
			m01="0.748707" m11="-0.57753" m21="-0.325419" m31="-0.228839"
			m02="0.430881" m12="0.797035" m22="-0.423174" m32="1.87249"
			m03="0" m13="0" m23="0" m33="1"/>
		<transform name="Bip01 Head"
			m00="0.0644843" m10="0.996881" m20="0.0455049" m30="-0.0780115"
			m01="0.0723271" m11="-0.0501487" m21="0.996119" m31="-0.11777"
			m02="0.995294" m12="-0.0609428" m22="-0.0753353" m32="1.34558"
			m03="0" m13="0" m23="0" m33="1"/>
		<transform name="Bip01 L Toe0"
			m00="0.995159" m10="-0.0176129" m20="0.0966894" m30="0.151522"
			m01="0.0964717" m11="-0.0128172" m21="-0.995253" m31="0.206596"
			m02="0.0187686" m12="0.999763" m22="-0.011056" m32="-0.00187463"
			m03="0" m13="0" m23="0" m33="1"/>
		<transform name="Bip01 R Toe0"
			m00="0.876914" m10="0.000653796" m20="-0.480646" m30="0.0308334"
			m01="-0.48064" m11="-0.00408794" m21="-0.876909" m31="-0.248355"
			m02="-0.00253817" m12="0.999991" m22="-0.00327053" m32="0.00170982"
			m03="0" m13="0" m23="0" m33="1"/>
		<transform name="Bip01 Ponytail1"
			m00="-0.147707" m10="0.0403013" m20="-0.98821" m30="0.177018"
			m01="0.0368998" m11="0.998698" m21="0.0352137" m31="-0.0901031"
			m02="0.988343" m12="-0.0312634" m22="-0.149002" m32="1.87069"
			m03="0" m13="0" m23="0" m33="1"/>
	</frame>
	<frame index="3">
		<transform name="Bip01 Tail"
			m00="0.0410284" m10="0.874865" m20="-0.482627" m30="0.0771097"
			m01="0.0899472" m11="-0.484306" m21="-0.870263" m31="-0.0259729"
			m02="-0.995101" m12="-0.00770544" m22="-0.0985619" m32="0.607228"
			m03="0" m13="0" m23="0" m33="1"/>
		<transform name="Bip01 Pelvis"
			m00="-0.0403318" m10="0.874896" m20="0.482628" m30="0.00667624"
			m01="-0.0903343" m11="-0.484236" m21="0.870262" m31="0.00964838"
			m02="0.995095" m12="-0.00849864" m22="0.0985633" m32="0.637599"
			m03="0" m13="0" m23="0" m33="1"/>
		<transform name="Bip01 Spine"
			m00="0.473604" m10="0.690804" m20="0.546341" m30="-0.0496255"
			m01="-0.21561" m11="-0.510509" m21="0.832402" m31="0.0222006"
			m02="0.853939" m12="-0.512025" m22="-0.092835" m32="0.80264"
			m03="0" m13="0" m23="0" m33="1"/>
		<transform name="Bip01 L Thigh"
			m00="0.258146" m10="0.965528" m20="0.0334162" m30="0.0861402"
			m01="0.0979978" m11="0.00824052" m21="-0.995152" m31="0.152935"
			m02="-0.961123" m12="0.260169" m22="-0.0924924" m32="0.653827"
			m03="0" m13="0" m23="0" m33="1"/>
		<transform name="Bip01 Spine1"
			m00="0.0181804" m10="0.712286" m20="0.701654" m30="0.0149718"
			m01="-0.16031" m11="-0.690614" m21="0.705232" m31="-0.00716775"
			m02="0.986899" m12="-0.125304" m22="0.101631" m32="0.919267"
			m03="0" m13="0" m23="0" m33="1"/>
		<transform name="Bip01 L Calf"
			m00="-0.660606" m10="0.749988" m20="0.0334162" m30="0.162982"
			m01="0.0474533" m11="0.0861374" m21="-0.995152" m31="0.182106"
			m02="-0.749231" m12="-0.655818" m22="-0.0924924" m32="0.367731"
			m03="0" m13="0" m23="0" m33="1"/>
		<transform name="Bip01 L Foot"
			m00="-0.0133989" m10="0.995256" m20="0.0963681" m30="0.00404159"
			m01="-0.00766875" m11="0.0962716" m21="-0.995325" m31="0.193523"
			m02="-0.999881" m12="-0.0140753" m22="0.00634244" m32="0.187467"
			m03="0" m13="0" m23="0" m33="1"/>
		<transform name="Bip01 R Thigh"
			m00="0.406966" m10="0.778875" m20="-0.477213" m30="-0.0727877"
			m01="-0.338151" m11="-0.356855" m21="-0.870809" m31="-0.133638"
			m02="-0.848547" m12="0.51576" m22="0.118149" m32="0.621371"
			m03="0" m13="0" m23="0" m33="1"/>
		<transform name="Bip01 R Calf"
			m00="-0.621585" m10="0.621208" m20="-0.477213" m30="0.0483536"
			m01="0.23944" m11="-0.429372" m21="-0.870809" m31="-0.234295"
			m02="-0.745855" m12="-0.655546" m22="0.118149" m32="0.368785"
			m03="0" m13="0" m23="0" m33="1"/>
		<transform name="Bip01 R Foot"
			m00="-0.000653796" m10="0.876914" m20="-0.480646" m30="-0.101199"
			m01="0.00408794" m11="-0.48064" m21="-0.876909" m31="-0.176687"
			m02="-0.999991" m12="-0.00253817" m22="-0.00327053" m32="0.189334"
			m03="0" m13="0" m23="0" m33="1"/>
		<transform name="Bip01 Spine2"
			m00="-0.448648" m10="0.550587" m20="0.703966" m30="0.0173921"
			m01="-0.0808736" m11="-0.809472" m21="0.581562" m31="-0.0289677"
			m02="0.890042" m12="0.203985" m22="0.407696" m32="1.05401"
			m03="0" m13="0" m23="0" m33="1"/>
		<transform name="Bip01 L UpperArm"
			m00="0.660308" m10="-0.131761" m20="0.739345" m30="0.106876"
			m01="0.441517" m11="0.864488" m21="-0.240255" m31="0.0862307"
			m02="-0.607499" m12="0.485076" m22="0.629004" m32="1.26962"
			m03="0" m13="0" m23="0" m33="1"/>
		<transform name="Bip01 L Clavicle"
			m00="0.703965" m10="-0.550231" m20="-0.449087" m30="-0.0328345"
			m01="0.581565" m11="0.809534" m21="-0.080229" m31="-0.0291883"
			m02="0.407696" m12="-0.204695" m22="0.889879" m32="1.18871"
			m03="0" m13="0" m23="0" m33="1"/>
		<transform name="Bip01 R Clavicle"
			m00="-0.793068" m10="-0.411539" m20="0.449087" m30="-0.0601878"
			m01="-0.422945" m11="0.902597" m21="0.080229" m31="-0.0517856"
			m02="-0.438362" m12="-0.126312" m22="-0.889879" m32="1.17287"
			m03="0" m13="0" m23="0" m33="1"/>
		<transform name="Bip01 R UpperArm"
			m00="-0.711432" m10="-0.340112" m20="0.61497" m30="-0.217582"
			m01="-0.702555" m11="0.323368" m21="-0.633916" m31="-0.135725"
			m02="0.0167409" m12="-0.883039" m22="-0.469001" m32="1.08587"
			m03="0" m13="0" m23="0" m33="1"/>
		<transform name="Bip01 R Forearm"
			m00="0.269717" m10="-0.740989" m20="0.61497" m30="-0.461419"
			m01="-0.389794" m11="-0.66799" m21="-0.633916" m31="-0.376519"
			m02="0.880519" m12="-0.0687341" m22="-0.469001" m32="1.09161"
			m03="0" m13="0" m23="0" m33="1"/>
		<transform name="Bip01 R Hand"
			m00="0.204904" m10="0.518164" m20="-0.830374" m30="-0.390842"
			m01="-0.588356" m11="0.743198" m21="0.318582" m31="-0.478518"
			m02="0.782209" m12="0.423277" m22="0.457149" m32="1.32201"
			m03="0" m13="0" m23="0" m33="1"/>
		<transform name="Bip01 Neck"
			m00="-0.182954" m10="0.686264" m20="0.703967" m30="-0.0466131"
			m01="-0.406171" m11="-0.704847" m21="0.581563" m31="-0.0403822"
			m02="0.895295" m12="-0.179532" m22="0.407695" m32="1.18081"
			m03="0" m13="0" m23="0" m33="1"/>
		<transform name="Bip01 L Forearm"
			m00="0.583233" m10="0.336463" m20="0.739345" m30="0.333191"
			m01="-0.238296" m11="0.941006" m21="-0.240255" m31="0.237557"
			m02="-0.776566" m12="-0.0360584" m22="0.629004" m32="1.06141"
			m03="0" m13="0" m23="0" m33="1"/>
		<transform name="Bip01 L Hand"
			m00="0.658873" m10="-0.740135" m20="0.134486" m30="0.46923"
			m01="-0.570313" m11="-0.374891" m21="0.73089" m31="0.181974"
			m02="-0.490539" m12="-0.558263" m22="-0.669114" m32="0.880271"
			m03="0" m13="0" m23="0" m33="1"/>
		<transform name="Bip01 L Finger1"
			m00="0.33225" m10="-0.925118" m20="0.183754" m30="0.651628"
			m01="-0.843248" m11="-0.204073" m21="0.497281" m31="0.0240928"
			m02="-0.422545" m12="-0.320172" m22="-0.847907" m32="0.744474"
			m03="0" m13="0" m23="0" m33="1"/>
		<transform name="Bip01 L Finger11"
			m00="-0.643232" m10="-0.743295" m20="0.183754" m30="0.687325"
			m01="-0.591439" m11="0.634754" m21="0.497281" m31="-0.0665049"
			m02="-0.486265" m12="0.211188" m22="-0.847907" m32="0.699076"
			m03="0" m13="0" m23="0" m33="1"/>
		<transform name="Bip01 L Finger0"
			m00="-0.448225" m10="-0.609039" m20="0.654343" m30="0.50975"
			m01="-0.795547" m11="-0.0620516" m21="-0.602706" m31="0.00621535"
			m02="0.407674" m12="-0.790709" m22="-0.456707" m32="0.922696"
			m03="0" m13="0" m23="0" m33="1"/>
		<transform name="Bip01 L Finger01"
			m00="-0.742532" m10="-0.143112" m20="0.654343" m30="0.449327"
			m01="-0.6264" m11="0.494337" m21="-0.602706" m31="-0.101028"
			m02="-0.237211" m12="-0.857409" m22="-0.456707" m32="0.977652"
			m03="0" m13="0" m23="0" m33="1"/>
		<transform name="Bip01 Prop3"
			m00="0.482659" m10="0.215427" m20="0.8489" m30="-1.17496"
			m01="0.800043" m11="-0.502811" m21="-0.327282" m31="-0.227857"
			m02="0.356331" m12="0.837122" m22="-0.415037" m32="1.87332"
			m03="0" m13="0" m23="0" m33="1"/>
		<transform name="Bip01 Prop1"
			m00="0.503343" m10="0.175877" m20="0.845998" m30="-1.17496"
			m01="0.749129" m11="-0.576765" m21="-0.325803" m31="-0.227857"
			m02="0.43064" m12="0.797753" m22="-0.422065" m32="1.87332"
			m03="0" m13="0" m23="0" m33="1"/>
		<transform name="Bip01 Head"
			m00="0.0644843" m10="0.996881" m20="0.0455049" m30="-0.0807645"
			m01="0.0723271" m11="-0.0501487" m21="0.996119" m31="-0.116201"
			m02="0.995294" m12="-0.0609428" m22="-0.0753353" m32="1.34794"
			m03="0" m13="0" m23="0" m33="1"/>
		<transform name="Bip01 L Toe0"
			m00="0.995159" m10="-0.0176129" m20="0.0966894" m30="0.151522"
			m01="0.0964717" m11="-0.0128172" m21="-0.995253" m31="0.206596"
			m02="0.0187686" m12="0.999763" m22="-0.011056" m32="-0.00187458"
			m03="0" m13="0" m23="0" m33="1"/>
		<transform name="Bip01 R Toe0"
			m00="0.876914" m10="0.000653796" m20="-0.480646" m30="0.0308335"
			m01="-0.48064" m11="-0.00408794" m21="-0.876909" m31="-0.248356"
			m02="-0.00253817" m12="0.999991" m22="-0.00327053" m32="0.00170987"
			m03="0" m13="0" m23="0" m33="1"/>
		<transform name="Bip01 Ponytail1"
			m00="-0.147707" m10="0.0403013" m20="-0.98821" m30="0.174265"
			m01="0.0368998" m11="0.998698" m21="0.0352137" m31="-0.088534"
			m02="0.988343" m12="-0.0312634" m22="-0.149002" m32="1.87305"
			m03="0" m13="0" m23="0" m33="1"/>
	</frame>
	<frame index="4">
		<transform name="Bip01 Tail"
			m00="0.0410284" m10="0.874865" m20="-0.482627" m30="0.0771097"
			m01="0.0899472" m11="-0.484306" m21="-0.870263" m31="-0.0268747"
			m02="-0.995101" m12="-0.00770544" m22="-0.0985619" m32="0.61018"
			m03="0" m13="0" m23="0" m33="1"/>
		<transform name="Bip01 Pelvis"
			m00="-0.0403318" m10="0.874896" m20="0.482628" m30="0.00667624"
			m01="-0.0903343" m11="-0.484236" m21="0.870262" m31="0.00874655"
			m02="0.995095" m12="-0.00849864" m22="0.0985633" m32="0.640551"
			m03="0" m13="0" m23="0" m33="1"/>
		<transform name="Bip01 Spine"
			m00="0.472099" m10="0.691834" m20="0.546341" m30="-0.0496256"
			m01="-0.214498" m11="-0.510977" m21="0.832402" m31="0.0212988"
			m02="0.855052" m12="-0.510165" m22="-0.0928351" m32="0.805592"
			m03="0" m13="0" m23="0" m33="1"/>
		<transform name="Bip01 L Thigh"
			m00="0.249179" m10="0.967888" m20="0.0331969" m30="0.0861402"
			m01="0.0991035" m11="0.0086142" m21="-0.99504" m31="0.152033"
			m02="-0.963373" m12="0.251233" m22="-0.0937746" m32="0.656779"
			m03="0" m13="0" m23="0" m33="1"/>
		<transform name="Bip01 Spine1"
			m00="0.0120603" m10="0.712738" m20="0.701327" m30="0.0147662"
			m01="-0.154901" m11="-0.691579" m21="0.705495" m31="-0.00791761"
			m02="0.987857" m12="-0.117145" m22="0.102063" m32="0.922369"
			m03="0" m13="0" m23="0" m33="1"/>
		<transform name="Bip01 L Calf"
			m00="-0.649513" m10="0.759625" m20="0.0331969" m30="0.160313"
			m01="0.0498337" m11="0.0860948" m21="-0.99504" m31="0.181533"
			m02="-0.758715" m12="-0.644637" m22="-0.0937746" m32="0.370013"
			m03="0" m13="0" m23="0" m33="1"/>
		<transform name="Bip01 L Foot"
			m00="-0.0133989" m10="0.995256" m20="0.0963681" m30="0.00404159"
			m01="-0.00766875" m11="0.0962716" m21="-0.995325" m31="0.193523"
			m02="-0.999881" m12="-0.0140753" m22="0.00634244" m32="0.187467"
			m03="0" m13="0" m23="0" m33="1"/>
		<transform name="Bip01 R Thigh"
			m00="0.401334" m10="0.781686" m20="-0.477387" m30="-0.0727877"
			m01="-0.33316" m11="-0.360918" m21="-0.871059" m31="-0.13454"
			m02="-0.853192" m12="0.508631" m22="0.115578" m32="0.624323"
			m03="0" m13="0" m23="0" m33="1"/>
		<transform name="Bip01 R Calf"
			m00="-0.614616" m10="0.627971" m20="-0.477387" m30="0.046677"
			m01="0.237013" m11="-0.430211" m21="-0.871059" m31="-0.233711"
			m02="-0.752377" m12="-0.648514" m22="0.115578" m32="0.370354"
			m03="0" m13="0" m23="0" m33="1"/>
		<transform name="Bip01 R Foot"
			m00="-0.000653796" m10="0.876914" m20="-0.480646" m30="-0.101199"
			m01="0.00408794" m11="-0.48064" m21="-0.876909" m31="-0.176687"
			m02="-0.999991" m12="-0.00253817" m22="-0.00327053" m32="0.189334"
			m03="0" m13="0" m23="0" m33="1"/>
		<transform name="Bip01 Spine2"
			m00="-0.454131" m10="0.548971" m20="0.701709" m30="0.0163509"
			m01="-0.075808" m11="-0.808563" m21="0.583505" m31="-0.028979"
			m02="0.887704" m12="0.211793" m22="0.40881" m32="1.05725"
			m03="0" m13="0" m23="0" m33="1"/>
		<transform name="Bip01 L UpperArm"
			m00="0.659644" m10="-0.135975" m20="0.739176" m30="0.104563"
			m01="0.446875" m11="0.861725" m21="-0.240275" m31="0.0873643"
			m02="-0.604295" m12="0.488815" m22="0.629196" m32="1.27276"
			m03="0" m13="0" m23="0" m33="1"/>
		<transform name="Bip01 L Clavicle"
			m00="0.701708" m10="-0.548611" m20="-0.454568" m30="-0.0347005"
			m01="0.583508" m11="0.808622" m21="-0.075164" m31="-0.0284404"
			m02="0.40881" m12="-0.212501" m22="0.887535" m32="1.19163"
			m03="0" m13="0" m23="0" m33="1"/>
		<transform name="Bip01 R Clavicle"
			m00="-0.790551" m10="-0.410361" m20="0.454568" m30="-0.061966"
			m01="-0.425023" m11="0.902057" m21="0.0751641" m31="-0.0511131"
			m02="-0.440891" m12="-0.133781" m22="-0.887535" m32="1.17574"
			m03="0" m13="0" m23="0" m33="1"/>
		<transform name="Bip01 R UpperArm"
			m00="-0.711432" m10="-0.338922" m20="0.615626" m30="-0.218861"
			m01="-0.702555" m11="0.322142" m21="-0.63454" m31="-0.135464"
			m02="0.0167408" m12="-0.883944" m22="-0.467294" m32="1.08824"
			m03="0" m13="0" m23="0" m33="1"/>
		<transform name="Bip01 R Forearm"
			m00="0.268533" m10="-0.740874" m20="0.615626" m30="-0.462698"
			m01="-0.388574" m11="-0.668108" m21="-0.63454" m31="-0.376259"
			m02="0.881419" m12="-0.0688217" m22="-0.467294" m32="1.09398"
			m03="0" m13="0" m23="0" m33="1"/>
		<transform name="Bip01 R Hand"
			m00="0.20386" m10="0.517566" m20="-0.831004" m30="-0.39243"
			m01="-0.587273" m11="0.743796" m21="0.319183" m31="-0.477939"
			m02="0.783295" m12="0.422958" m22="0.455583" m32="1.32463"
			m03="0" m13="0" m23="0" m33="1"/>
		<transform name="Bip01 Neck"
			m00="-0.188616" m10="0.687043" m20="0.70171" m30="-0.0484354"
			m01="-0.401179" m11="-0.706099" m21="0.583506" m31="-0.0396718"
			m02="0.89637" m12="-0.171453" m22="0.408809" m32="1.18371"
			m03="0" m13="0" m23="0" m33="1"/>
		<transform name="Bip01 L Forearm"
			m00="0.584637" m10="0.334393" m20="0.739176" m30="0.330649"
			m01="-0.23492" m11="0.941849" m21="-0.240275" m31="0.240527"
			m02="-0.776539" m12="-0.0331736" m22="0.629196" m32="1.06565"
			m03="0" m13="0" m23="0" m33="1"/>
		<transform name="Bip01 L Hand"
			m00="0.6607" m10="-0.738665" m20="0.133598" m30="0.467016"
			m01="-0.567527" m11="-0.375058" m21="0.732969" m31="0.185732"
			m02="-0.491312" m12="-0.560093" m22="-0.667014" m32="0.884518"
			m03="0" m13="0" m23="0" m33="1"/>
		<transform name="Bip01 L Finger1"
			m00="0.334614" m10="-0.924298" m20="0.18359" m30="0.64992"
			m01="-0.841373" m11="-0.20529" m21="0.499949" m31="0.0286213"
			m02="-0.424413" m12="-0.321757" m22="-0.846372" m32="0.748506"
			m03="0" m13="0" m23="0" m33="1"/>
		<transform name="Bip01 L Finger11"
			m00="-0.641358" m10="-0.744952" m20="0.18359" m30="0.68587"
			m01="-0.591579" m11="0.632524" m21="0.499949" m31="-0.0617749"
			m02="-0.488563" m12="0.212038" m22="-0.846372" m32="0.702908"
			m03="0" m13="0" m23="0" m33="1"/>
		<transform name="Bip01 L Finger0"
			m00="-0.446898" m10="-0.608011" m20="0.656204" m30="0.507882"
