<?xml version="1.0" encoding="ISO-8859-1" standalone="yes"?>

<!DOCTYPE animation [
	<!ELEMENT animation  (frame+)>
	<!ELEMENT frame      (transform+)>
	<!ELEMENT transform   EMPTY>
	<!ATTLIST frame index CDATA #REQUIRED>
	<!ATTLIST transform name CDATA #REQUIRED>
	<!ATTLIST transform m00 CDATA #REQUIRED>
	<!ATTLIST transform m01 CDATA #REQUIRED>
	<!ATTLIST transform m02 CDATA #REQUIRED>
	<!ATTLIST transform m03 CDATA #REQUIRED>
	<!ATTLIST transform m10 CDATA #REQUIRED>
	<!ATTLIST transform m11 CDATA #REQUIRED>
	<!ATTLIST transform m12 CDATA #REQUIRED>
	<!ATTLIST transform m13 CDATA #REQUIRED>
	<!ATTLIST transform m20 CDATA #REQUIRED>
	<!ATTLIST transform m21 CDATA #REQUIRED>
	<!ATTLIST transform m22 CDATA #REQUIRED>
	<!ATTLIST transform m23 CDATA #REQUIRED>
	<!ATTLIST transform m30 CDATA #REQUIRED>
	<!ATTLIST transform m31 CDATA #REQUIRED>
	<!ATTLIST transform m32 CDATA #REQUIRED>
	<!ATTLIST transform m33 CDATA #REQUIRED>
]>

<animation>
	<frame index="0">
		<transform name="Bip01 Tail"
			m00="0.0410284" m10="0.874865" m20="-0.482627" m30="0.0771096"
			m01="0.0899471" m11="-0.484306" m21="-0.870263" m31="-0.0235591"
			m02="-0.995101" m12="-0.00770544" m22="-0.0985619" m32="0.60331"
			m03="0" m13="0" m23="0" m33="1"/>
		<transform name="Bip01 Pelvis"
			m00="-0.0403318" m10="0.874896" m20="0.482628" m30="0.00667619"
			m01="-0.0903343" m11="-0.484236" m21="0.870262" m31="0.0120622"
			m02="0.995095" m12="-0.00849864" m22="0.0985633" m32="0.633681"
			m03="0" m13="0" m23="0" m33="1"/>
		<transform name="Bip01 Spine"
			m00="0.47764" m10="0.68802" m20="0.546341" m30="-0.0496253"
			m01="-0.218594" m11="-0.509238" m21="0.832402" m31="0.0246142"
			m02="0.850927" m12="-0.517015" m22="-0.0928351" m32="0.798723"
			m03="0" m13="0" m23="0" m33="1"/>
		<transform name="Bip01 L Thigh"
			m00="0.269899" m10="0.962282" m20="0.034163" m30="0.0861402"
			m01="0.0942046" m11="0.00892031" m21="-0.995513" m31="0.155349"
			m02="-0.958269" m12="0.271906" m22="-0.0882439" m32="0.649909"
			m03="0" m13="0" m23="0" m33="1"/>
		<transform name="Bip01 Spine1"
			m00="0.0346127" m10="0.710812" m20="0.702529" m30="0.0155234"
			m01="-0.174829" m11="-0.687805" m21="0.704528" m31="-0.00516204"
			m02="0.98399" m12="-0.147208" m22="0.100464" m32="0.914941"
			m03="0" m13="0" m23="0" m33="1"/>
		<transform name="Bip01 L Calf"
			m00="-0.675148" m10="0.736891" m20="0.034163" m30="0.166481"
			m01="0.0421137" m11="0.0847379" m21="-0.995513" m31="0.183391"
			m02="-0.736479" m12="-0.67068" m22="-0.0882439" m32="0.364662"
			m03="0" m13="0" m23="0" m33="1"/>
		<transform name="Bip01 L Foot"
			m00="-0.0133998" m10="0.995255" m20="0.0963682" m30="0.00404144"
			m01="-0.00766847" m11="0.0962717" m21="-0.995325" m31="0.193523"
			m02="-0.999881" m12="-0.0140761" m22="0.00634205" m32="0.187467"
			m03="0" m13="0" m23="0" m33="1"/>
		<transform name="Bip01 R Thigh"
			m00="0.414071" m10="0.775365" m20="-0.476816" m30="-0.0727877"
			m01="-0.34685" m11="-0.349909" m21="-0.870206" m31="-0.131225"
			m02="-0.84157" m12="0.525711" m22="0.124048" m32="0.617453"
			m03="0" m13="0" m23="0" m33="1"/>
		<transform name="Bip01 R Calf"
			m00="-0.630375" m10="0.612596" m20="-0.476816" m30="0.0504685"
			m01="0.240173" m11="-0.430184" m21="-0.870206" m31="-0.234471"
			m02="-0.738204" m12="-0.663074" m22="0.124048" m32="0.366944"
			m03="0" m13="0" m23="0" m33="1"/>
		<transform name="Bip01 R Foot"
			m00="-0.000653605" m10="0.876914" m20="-0.480646" m30="-0.101198"
			m01="0.00408791" m11="-0.48064" m21="-0.876908" m31="-0.176686"
			m02="-0.999991" m12="-0.00253799" m22="-0.00327059" m32="0.189334"
			m03="0" m13="0" m23="0" m33="1"/>
		<transform name="Bip01 Spine2"
			m00="-0.433829" m10="0.554684" m20="0.710012" m30="0.0201872"
			m01="-0.0945527" m11="-0.811708" m21="0.576359" m31="-0.0289445"
			m02="0.89602" m12="0.182908" m22="0.404589" m32="1.04929"
			m03="0" m13="0" m23="0" m33="1"/>
		<transform name="Bip01 L UpperArm"
			m00="0.661079" m10="-0.12665" m20="0.739551" m30="0.1131"
			m01="0.435001" m11="0.867791" m21="-0.240234" m31="0.0831718"
			m02="-0.61135" m12="0.480519" m22="0.628771" m32="1.26507"
			m03="0" m13="0" m23="0" m33="1"/>
		<transform name="Bip01 L Clavicle"
			m00="0.710011" m10="-0.554341" m20="-0.434271" m30="-0.0278111"
			m01="0.576361" m11="0.811781" m21="-0.0939063" m31="-0.0312146"
			m02="0.404589" m12="-0.183622" m22="0.895874" m32="1.18478"
			m03="0" m13="0" m23="0" m33="1"/>
		<transform name="Bip01 R Clavicle"
			m00="-0.799766" m10="-0.414468" m20="0.434271" m30="-0.0553993"
			m01="-0.417417" m11="0.90385" m21="0.0939063" m31="-0.0536097"
			m02="-0.431437" m12="-0.106169" m22="-0.895874" m32="1.16906"
			m03="0" m13="0" m23="0" m33="1"/>
		<transform name="Bip01 R UpperArm"
			m00="-0.711432" m10="-0.341569" m20="0.614161" m30="-0.214123"
			m01="-0.702555" m11="0.32487" m21="-0.633147" m31="-0.136452"
			m02="0.0167409" m12="-0.881924" m22="-0.471094" m32="1.08343"
			m03="0" m13="0" m23="0" m33="1"/>
		<transform name="Bip01 R Forearm"
			m00="0.271167" m10="-0.74113" m20="0.614161" m30="-0.45796"
			m01="-0.39129" m11="-0.667844" m21="-0.633147" m31="-0.377246"
			m02="0.879409" m12="-0.0686263" m22="-0.471094" m32="1.08917"
			m03="0" m13="0" m23="0" m33="1"/>
		<transform name="Bip01 R Hand"
			m00="0.206183" m10="0.518899" m20="-0.829598" m30="-0.387003"
			m01="-0.589683" m11="0.742462" m21="0.317842" m31="-0.479636"
			m02="0.780873" m12="0.423666" m22="0.459069" m32="1.31929"
			m03="0" m13="0" m23="0" m33="1"/>
		<transform name="Bip01 Neck"
			m00="-0.167759" m10="0.683914" m20="0.710013" m30="-0.0417069"
			m01="-0.419562" m11="-0.701269" m21="0.576359" m31="-0.0423078"
			m02="0.89209" m12="-0.201205" m22="0.404588" m32="1.17695"
			m03="0" m13="0" m23="0" m33="1"/>
		<transform name="Bip01 L Forearm"
			m00="0.581522" m10="0.338965" m20="0.739551" m30="0.339678"
			m01="-0.242383" m11="0.939967" m21="-0.240234" m31="0.232265"
			m02="-0.776584" m12="-0.0395539" m22="0.628771" m32="1.05554"
			m03="0" m13="0" m23="0" m33="1"/>
		<transform name="Bip01 L Hand"
			m00="0.656652" m10="-0.741912" m20="0.135553" m30="0.475318"
			m01="-0.57368" m11="-0.374677" m21="0.72836" m31="0.175729"
			m02="-0.48959" m12="-0.556043" m22="-0.671653" m32="0.874401"
			m03="0" m13="0" m23="0" m33="1"/>
		<transform name="Bip01 L Finger1"
			m00="0.329383" m10="-0.926105" m20="0.183942" m30="0.657101"
			m01="-0.845506" m11="-0.20259" m21="0.494042" m31="0.0169151"
			m02="-0.420271" m12="-0.318254" m22="-0.849757" m32="0.738866"
			m03="0" m13="0" m23="0" m33="1"/>
		<transform name="Bip01 L Finger11"
			m00="-0.645498" m10="-0.74128" m20="0.183942" m30="0.69249"
			m01="-0.591254" m11="0.63745" m21="0.494042" m31="-0.0739252"
			m02="-0.483478" m12="0.210147" m22="-0.849757" m32="0.693712"
			m03="0" m13="0" m23="0" m33="1"/>
		<transform name="Bip01 L Finger0"
			m00="-0.449824" m10="-0.610286" m20="0.65208" m30="0.515419"
			m01="-0.793007" m11="-0.0629462" m21="-0.605951" m31="-1.81091e-006"
			m02="0.41085" m12="-0.789676" m22="-0.455647" m32="0.917337"
			m03="0" m13="0" m23="0" m33="1"/>
		<transform name="Bip01 L Finger01"
			m00="-0.744552" m10="-0.142943" m20="0.65208" m30="0.454781"
			m01="-0.625142" m11="0.491956" m21="-0.605951" m31="-0.106902"
			m02="-0.234178" m12="-0.858805" m22="-0.455647" m32="0.972721"
			m03="0" m13="0" m23="0" m33="1"/>
		<transform name="Bip01 Prop3"
			m00="0.483285" m10="0.216801" m20="0.848194" m30="-1.17019"
			m01="0.799422" m11="-0.504231" m21="-0.326613" m31="-0.229876"
			m02="0.356876" m12="0.835912" m22="-0.417003" m32="1.87233"
			m03="0" m13="0" m23="0" m33="1"/>
		<transform name="Bip01 Prop1"
			m00="0.504091" m10="0.177183" m20="0.84528" m30="-1.17019"
			m01="0.748382" m11="-0.578117" m21="-0.325123" m31="-0.229876"
			m02="0.431064" m12="0.796484" m22="-0.424024" m32="1.87233"
			m03="0" m13="0" m23="0" m33="1"/>
		<transform name="Bip01 Head"
			m00="0.0644843" m10="0.996881" m20="0.0455049" m30="-0.0730219"
			m01="0.0723271" m11="-0.0501488" m21="0.996119" m31="-0.120626"
			m02="0.995294" m12="-0.0609428" m22="-0.0753354" m32="1.34347"
			m03="0" m13="0" m23="0" m33="1"/>
		<transform name="Bip01 L Toe0"
			m00="0.995159" m10="-0.017612" m20="0.0966895" m30="0.151521"
			m01="0.0964718" m11="-0.0128175" m21="-0.995253" m31="0.206596"
			m02="0.0187677" m12="0.999763" m22="-0.0110564" m32="-0.00187521"
			m03="0" m13="0" m23="0" m33="1"/>
		<transform name="Bip01 R Toe0"
			m00="0.876914" m10="0.000653605" m20="-0.480646" m30="0.0308338"
			m01="-0.48064" m11="-0.00408791" m21="-0.876908" m31="-0.248355"
			m02="-0.00253799" m12="0.999991" m22="-0.00327059" m32="0.00170983"
			m03="0" m13="0" m23="0" m33="1"/>
		<transform name="Bip01 Ponytail1"
			m00="-0.147707" m10="0.0403014" m20="-0.98821" m30="0.182008"
			m01="0.0368998" m11="0.998698" m21="0.0352137" m31="-0.0929592"
			m02="0.988343" m12="-0.0312635" m22="-0.149002" m32="1.86858"
			m03="0" m13="0" m23="0" m33="1"/>
	</frame>
	<frame index="1">
		<transform name="Bip01 Tail"
			m00="0.0408581" m10="0.874873" m20="-0.482627" m30="0.0459545"
			m01="0.0900414" m11="-0.484289" m21="-0.870263" m31="-0.0301266"
			m02="-0.9951" m12="-0.00789907" m22="-0.0985619" m32="0.603299"
			m03="0" m13="0" m23="0" m33="1"/>
		<transform name="Bip01 Pelvis"
			m00="-0.0401616" m10="0.874904" m20="0.482628" m30="-0.0244745"
			m01="-0.0904285" m11="-0.484218" m21="0.870262" m31="0.00549046"
			m02="0.995093" m12="-0.00869226" m22="0.0985633" m32="0.633686"
			m03="0" m13="0" m23="0" m33="1"/>
		<transform name="Bip01 Spine"
			m00="0.477703" m10="0.688002" m20="0.546308" m30="-0.0807483"
			m01="-0.2186" m11="-0.509203" m21="0.832422" m31="0.0180259"
			m02="0.85089" m12="-0.517074" m22="-0.0928511" m32="0.798738"
			m03="0" m13="0" m23="0" m33="1"/>
		<transform name="Bip01 L Thigh"
			m00="0.344618" m10="0.938223" m20="0.0312478" m30="0.0549895"
			m01="0.104305" m11="-0.00518922" m21="-0.994532" m31="0.148777"
			m02="-0.93293" m12="0.345993" m22="-0.0996501" m32="0.649914"
			m03="0" m13="0" m23="0" m33="1"/>
		<transform name="Bip01 Spine1"
			m00="0.0345967" m10="0.71083" m20="0.702513" m30="-0.0155909"
			m01="-0.174765" m11="-0.687799" m21="0.704549" m31="-0.011751"
			m02="0.984002" m12="-0.147149" m22="0.100432" m32="0.914951"
			m03="0" m13="0" m23="0" m33="1"/>
		<transform name="Bip01 L Calf"
			m00="-0.637596" m10="0.769737" m20="0.0312478" m30="0.157572"
			m01="0.0569455" m11="0.087543" m21="-0.994532" m31="0.179826"
			m02="-0.768264" m12="-0.63233" m22="-0.0996501" m32="0.372209"
			m03="0" m13="0" m23="0" m33="1"/>
		<transform name="Bip01 L Foot"
			m00="-0.0140861" m10="0.995237" m20="0.0964581" m30="0.00416739"
			m01="-0.00762033" m11="0.096358" m21="-0.995318" m31="0.193527"
			m02="-0.999872" m12="-0.0147552" m22="0.00622671" m32="0.187367"
			m03="0" m13="0" m23="0" m33="1"/>
		<transform name="Bip01 R Thigh"
			m00="0.480296" m10="0.738628" m20="-0.473016" m30="-0.103938"
			m01="-0.330014" m11="-0.347481" m21="-0.877694" m31="-0.137796"
			m02="-0.812654" m12="0.577656" m22="0.076864" m32="0.617458"
			m03="0" m13="0" m23="0" m33="1"/>
		<transform name="Bip01 R Calf"
			m00="-0.587509" m10="0.656574" m20="-0.473016" m30="0.0390309"
			m01="0.249203" m11="-0.409329" m21="-0.877694" m31="-0.236031"
			m02="-0.76989" m12="-0.63353" m22="0.076864" m32="0.375556"
			m03="0" m13="0" m23="0" m33="1"/>
		<transform name="Bip01 R Foot"
			m00="0.00533817" m10="0.876898" m20="-0.480646" m30="-0.102323"
			m01="0.000803816" m11="-0.480656" m21="-0.876909" m31="-0.176073"
			m02="-0.999985" m12="0.00429474" m22="-0.00327069" m32="0.190322"
			m03="0" m13="0" m23="0" m33="1"/>
		<transform name="Bip01 Spine2"
			m00="-0.433913" m10="0.554644" m20="0.709993" m30="-0.0109293"
			m01="-0.0944006" m11="-0.811696" m21="0.576401" m31="-0.0355246"
			m02="0.895996" m12="0.183084" m22="0.404564" m32="1.0493"
			m03="0" m13="0" m23="0" m33="1"/>
		<transform name="Bip01 L UpperArm"
			m00="0.660967" m10="-0.126585" m20="0.739662" m30="0.0819671"
			m01="0.435072" m11="0.867743" m21="-0.240279" m31="0.0766225"
			m02="-0.611421" m12="0.480622" m22="0.628623" m32="1.26508"
			m03="0" m13="0" m23="0" m33="1"/>
		<transform name="Bip01 L Clavicle"
			m00="0.709991" m10="-0.5543" m20="-0.434354" m30="-0.0589399"
			m01="0.576403" m11="0.811769" m21="-0.0937542" m31="-0.0377722"
			m02="0.404563" m12="-0.183798" m22="0.89585" m32="1.18479"
			m03="0" m13="0" m23="0" m33="1"/>
		<transform name="Bip01 R Clavicle"
			m00="-0.799739" m10="-0.414432" m20="0.434354" m30="-0.0865273"
			m01="-0.417461" m11="0.903845" m21="0.0937543" m31="-0.0601689"
			m02="-0.431444" m12="-0.106347" m22="-0.89585" m32="1.16907"
			m03="0" m13="0" m23="0" m33="1"/>
		<transform name="Bip01 R UpperArm"
			m00="-0.710265" m10="-0.351878" m20="0.609677" m30="-0.245246"
			m01="-0.703212" m11="0.315444" m21="-0.637172" m31="-0.143019"
			m02="0.031888" m12="-0.881293" m22="-0.471494" m32="1.08344"
			m03="0" m13="0" m23="0" m33="1"/>
		<transform name="Bip01 R Forearm"
			m00="0.253556" m10="-0.751002" m20="0.609677" m30="-0.488683"
			m01="-0.406806" m11="-0.654615" m21="-0.637172" m31="-0.384039"
			m02="0.877621" m12="-0.0864614" m22="-0.471494" m32="1.09437"
			m03="0" m13="0" m23="0" m33="1"/>
		<transform name="Bip01 R Hand"
			m00="0.196931" m10="0.528815" m20="-0.825574" m30="-0.422334"
			m01="-0.599722" m11="0.731123" m21="0.325259" m31="-0.49049"
			m02="0.775598" m12="0.431061" m22="0.461123" m32="1.32402"
			m03="0" m13="0" m23="0" m33="1"/>
		<transform name="Bip01 Neck"
			m00="-0.167851" m10="0.683912" m20="0.709993" m30="-0.0728352"
			m01="-0.419418" m11="-0.70132" m21="0.576401" m31="-0.0488663"
			m02="0.89214" m12="-0.201034" m22="0.404563" m32="1.17696"
			m03="0" m13="0" m23="0" m33="1"/>
		<transform name="Bip01 L Forearm"
			m00="0.581395" m10="0.33894" m20="0.739662" m30="0.308508"
			m01="-0.242299" m11="0.939977" m21="-0.240279" m31="0.225739"
			m02="-0.776705" m12="-0.0395225" m22="0.628623" m32="1.05552"
			m03="0" m13="0" m23="0" m33="1"/>
		<transform name="Bip01 L Hand"
			m00="0.656579" m10="-0.742" m20="0.135425" m30="0.444118"
			m01="-0.573622" m11="-0.374639" m21="0.728425" m31="0.169223"
			m02="-0.489756" m12="-0.555952" m22="-0.671608" m32="0.874351"
			m03="0" m13="0" m23="0" m33="1"/>
		<transform name="Bip01 L Finger1"
			m00="0.329327" m10="-0.926156" m20="0.183788" m30="0.625881"
			m01="-0.84546" m11="-0.202578" m21="0.494125" m31="0.0104256"
			m02="-0.420406" m12="-0.318114" m22="-0.849743" m32="0.73877"
			m03="0" m13="0" m23="0" m33="1"/>
		<transform name="Bip01 L Finger11"
			m00="-0.64557" m10="-0.741256" m20="0.183788" m30="0.661263"
			m01="-0.59122" m11="0.637416" m21="0.494125" m31="-0.0804098"
			m02="-0.483423" m12="0.210334" m22="-0.849743" m32="0.693602"
			m03="0" m13="0" m23="0" m33="1"/>
		<transform name="Bip01 L Finger0"
			m00="-0.44974" m10="-0.61042" m20="0.652014" m30="0.484229"
			m01="-0.793054" m11="-0.0628837" m21="-0.605897" m31="-0.0065106"
			m02="0.410852" m12="-0.789578" m22="-0.455815" m32="0.917264"
			m03="0" m13="0" m23="0" m33="1"/>
		<transform name="Bip01 L Finger01"
			m00="-0.744581" m10="-0.143098" m20="0.652014" m30="0.423602"
			m01="-0.625134" m11="0.492034" m21="-0.605897" m31="-0.113417"
			m02="-0.23411" m12="-0.858735" m22="-0.455815" m32="0.972649"
			m03="0" m13="0" m23="0" m33="1"/>
		<transform name="Bip01 Prop3"
			m00="0.494086" m10="0.208688" m20="0.843995" m30="-1.20257"
			m01="0.789193" m11="-0.51494" m21="-0.33468" m31="-0.234826"
			m02="0.364763" m12="0.831436" m22="-0.41912" m32="1.87852"
			m03="0" m13="0" m23="0" m33="1"/>
		<transform name="Bip01 Prop1"
			m00="0.514083" m10="0.168079" m20="0.841111" m30="-1.20257"
			m01="0.737182" m11="-0.587892" m21="-0.333084" m31="-0.234826"
			m02="0.438498" m12="0.791285" m22="-0.42613" m32="1.87852"
			m03="0" m13="0" m23="0" m33="1"/>
		<transform name="Bip01 Head"
			m00="0.00301966" m10="0.999" m20="0.044603" m30="-0.104168"
			m01="0.0766858" m11="-0.0447032" m21="0.996053" m31="-0.127158"
			m02="0.997051" m12="0.000412681" m22="-0.0767441" m32="1.34349"
			m03="0" m13="0" m23="0" m33="1"/>
		<transform name="Bip01 L Toe0"
			m00="0.995159" m10="-0.0175253" m20="0.0966994" m30="0.151516"
			m01="0.0964825" m11="-0.0128238" m21="-0.995252" m31="0.206621"
			m02="0.0186821" m12="0.999764" m22="-0.0110709" m32="-0.00207591"
			m03="0" m13="0" m23="0" m33="1"/>
		<transform name="Bip01 R Toe0"
			m00="0.876906" m10="-0.00399294" m20="-0.480646" m30="0.0308291"
			m01="-0.480655" m11="-0.00154118" m21="-0.876909" m31="-0.24836"
			m02="0.00276068" m12="0.999991" m22="-0.00327069" m32="0.00372889"
			m03="0" m13="0" m23="0" m33="1"/>
		<transform name="Bip01 Ponytail1"
			m00="-0.208152" m10="0.0366964" m20="-0.977408" m30="0.118073"
			m01="0.0400206" m11="0.998779" m21="0.0289759" m31="-0.0959298"
			m02="0.977278" m12="-0.0330851" m22="-0.209366" m32="1.8831"
			m03="0" m13="0" m23="0" m33="1"/>
	</frame>
	<frame index="2">
		<transform name="Bip01 Tail"
			m00="0.0403833" m10="0.874895" m20="-0.482627" m30="0.014439"
			m01="0.0903042" m11="-0.48424" m21="-0.870263" m31="-0.0367613"
			m02="-0.995095" m12="-0.00843919" m22="-0.0985619" m32="0.603323"
			m03="0" m13="0" m23="0" m33="1"/>
		<transform name="Bip01 Pelvis"
			m00="-0.0396867" m10="0.874926" m20="0.482628" m30="-0.0559775"
			m01="-0.0906913" m11="-0.484169" m21="0.870262" m31="-0.00115595"
			m02="0.995088" m12="-0.00923238" m22="0.0985633" m32="0.633752"
			m03="0" m13="0" m23="0" m33="1"/>
		<transform name="Bip01 Spine"
			m00="0.477877" m10="0.687955" m20="0.546215" m30="-0.112174"
			m01="-0.218611" m11="-0.509107" m21="0.832478" m31="0.0113333"
			m02="0.850789" m12="-0.517231" m22="-0.092896" m32="0.798834"
			m03="0" m13="0" m23="0" m33="1"/>
		<transform name="Bip01 L Thigh"
			m00="0.411852" m10="0.910857" m20="0.0267834" m30="0.0234865"
			m01="0.112527" m11="-0.0216694" m21="-0.993412" m31="0.142131"
			m02="-0.904276" m12="0.412153" m22="-0.111421" m32="0.64998"
			m03="0" m13="0" m23="0" m33="1"/>
		<transform name="Bip01 Spine1"
			m00="0.0345442" m10="0.710879" m20="0.702465" m30="-0.0469928"
			m01="-0.174577" m11="-0.687786" m21="0.704609" m31="-0.0184453"
			m02="0.984037" m12="-0.146975" m22="0.100344" m32="0.915033"
			m03="0" m13="0" m23="0" m33="1"/>
		<transform name="Bip01 L Calf"
			m00="-0.588424" m10="0.808109" m20="0.0267834" m30="0.146082"
			m01="0.0744374" m11="0.0871264" m21="-0.993412" m31="0.175627"
			m02="-0.805119" m12="-0.582554" m22="-0.111421" m32="0.380805"
			m03="0" m13="0" m23="0" m33="1"/>
		<transform name="Bip01 L Foot"
			m00="-0.0159489" m10="0.995186" m20="0.0967015" m30="0.00450866"
			m01="-0.0074899" m11="0.0965922" m21="-0.995296" m31="0.193536"
			m02="-0.999845" m12="-0.0165981" m22="0.0059133" m32="0.187095"
			m03="0" m13="0" m23="0" m33="1"/>
		<transform name="Bip01 R Thigh"
			m00="0.541003" m10="0.700691" m20="-0.465132" m30="-0.135441"
			m01="-0.310456" m11="-0.347612" m21="-0.88475" m31="-0.144443"
			m02="-0.781622" m12="0.623055" m22="0.0294746" m32="0.617524"
			m03="0" m13="0" m23="0" m33="1"/>
		<transform name="Bip01 R Calf"
			m00="-0.536981" m10="0.703778" m20="-0.465132" m30="0.0255983"
			m01="0.255519" m11="-0.389778" m21="-0.88475" m31="-0.236856"
			m02="-0.803966" m12="-0.593944" m22="0.0294746" m32="0.384859"
			m03="0" m13="0" m23="0" m33="1"/>
		<transform name="Bip01 R Foot"
			m00="0.0120993" m10="0.876831" m20="-0.480646" m30="-0.103598"
			m01="-0.00290228" m11="-0.480648" m21="-0.876909" m31="-0.175378"
			m02="-0.999923" m12="0.012005" m22="-0.00327072" m32="0.191427"
			m03="0" m13="0" m23="0" m33="1"/>
		<transform name="Bip01 Spine2"
			m00="-0.434155" m10="0.554527" m20="0.709936" m30="-0.0423384"
			m01="-0.0939664" m11="-0.811661" m21="0.576521" m31="-0.0421933"
			m02="0.895924" m12="0.183589" m22="0.404494" m32="1.04939"
			m03="0" m13="0" m23="0" m33="1"/>
		<transform name="Bip01 L UpperArm"
			m00="0.660655" m10="-0.126407" m20="0.73997" m30="0.0505109"
			m01="0.435272" m11="0.867608" m21="-0.240405" m31="0.0700417"
			m02="-0.611615" m12="0.480913" m22="0.628211" m32="1.26514"
			m03="0" m13="0" m23="0" m33="1"/>
		<transform name="Bip01 L Clavicle"
			m00="0.709934" m10="-0.554183" m20="-0.434597" m30="-0.0903847"
			m01="0.576523" m11="0.811734" m21="-0.09332" m31="-0.0443767"
			m02="0.404494" m12="-0.184304" m22="0.895777" m32="1.18486"
			m03="0" m13="0" m23="0" m33="1"/>
		<transform name="Bip01 R Clavicle"
			m00="-0.799661" m10="-0.414328" m20="0.434597" m30="-0.11797"
			m01="-0.417585" m11="0.903833" m21="0.0933201" m31="-0.0667781"
			m02="-0.431468" m12="-0.106857" m22="-0.895777" m32="1.16914"
			m03="0" m13="0" m23="0" m33="1"/>
		<transform name="Bip01 R UpperArm"
			m00="-0.708795" m10="-0.362888" m20="0.604915" m30="-0.276673"
			m01="-0.703795" m11="0.305718" m21="-0.641255" m31="-0.149653"
			m02="0.0477703" m12="-0.880255" m22="-0.47209" m32="1.08351"
			m03="0" m13="0" m23="0" m33="1"/>
		<transform name="Bip01 R Forearm"
			m00="0.235142" m10="-0.76078" m20="0.604915" m30="-0.519606"
			m01="-0.422573" m11="-0.640487" m21="-0.641255" m31="-0.390873"
			m02="0.875295" m12="-0.104835" m22="-0.47209" m32="1.09989"
			m03="0" m13="0" m23="0" m33="1"/>
		<transform name="Bip01 R Hand"
			m00="0.187503" m10="0.538852" m20="-0.821268" m30="-0.458076"
			m01="-0.609951" m11="0.719238" m21="0.33265" m31="-0.501449"
			m02="0.769937" m12="0.43856" m22="0.463533" m32="1.32893"
			m03="0" m13="0" m23="0" m33="1"/>
		<transform name="Bip01 Neck"
			m00="-0.168121" m10="0.683905" m20="0.709936" m30="-0.104279"
			m01="-0.419008" m11="-0.701467" m21="0.576521" m31="-0.0554731"
			m02="0.892282" m12="-0.200544" m22="0.404493" m32="1.17703"
			m03="0" m13="0" m23="0" m33="1"/>
		<transform name="Bip01 L Forearm"
			m00="0.581046" m10="0.338866" m20="0.73997" m30="0.276945"
			m01="-0.242054" m11="0.940008" m21="-0.240405" m31="0.219227"
			m02="-0.777043" m12="-0.0394264" m22="0.628211" m32="1.05551"
			m03="0" m13="0" m23="0" m33="1"/>
		<transform name="Bip01 L Hand"
			m00="0.656369" m10="-0.742253" m20="0.135059" m30="0.412473"
			m01="-0.573461" m11="-0.374532" m21="0.728607" m31="0.162768"
			m02="-0.490227" m12="-0.555686" m22="-0.671484" m32="0.874267"
			m03="0" m13="0" m23="0" m33="1"/>
		<transform name="Bip01 L Finger1"
			m00="0.32916" m10="-0.926303" m20="0.183346" m30="0.594178"
			m01="-0.845335" m11="-0.202539" m21="0.494355" m31="0.00401511"
			m02="-0.420788" m12="-0.31771" m22="-0.849705" m32="0.738556"
			m03="0" m13="0" m23="0" m33="1"/>
		<transform name="Bip01 L Finger11"
			m00="-0.645784" m10="-0.74118" m20="0.183346" m30="0.629543"
			m01="-0.591123" m11="0.637329" m21="0.494355" m31="-0.0868069"
			m02="-0.483258" m12="0.210867" m22="-0.849705" m32="0.693347"
			m03="0" m13="0" m23="0" m33="1"/>
		<transform name="Bip01 L Finger0"
			m00="-0.449504" m10="-0.6108" m20="0.65182" m30="0.452615"
			m01="-0.793182" m11="-0.0627069" m21="-0.605748" m31="-0.0129748"
			m02="0.410864" m12="-0.789298" m22="-0.456289" m32="0.917114"
			m03="0" m13="0" m23="0" m33="1"/>
		<transform name="Bip01 L Finger01"
			m00="-0.744666" m10="-0.143535" m20="0.65182" m30="0.39202"
			m01="-0.625105" m11="0.492253" m21="-0.605748" m31="-0.119899"
			m02="-0.233915" m12="-0.858536" m22="-0.456289" m32="0.972501"
			m03="0" m13="0" m23="0" m33="1"/>
		<transform name="Bip01 Prop3"
			m00="0.505028" m10="0.200423" m20="0.83951" m30="-1.23511"
			m01="0.77844" m11="-0.52589" m21="-0.34274" m31="-0.239937"
			m02="0.372797" m12="0.826602" m22="-0.421607" m32="1.8852"
			m03="0" m13="0" m23="0" m33="1"/>
		<transform name="Bip01 Prop1"
			m00="0.524201" m10="0.158808" m20="0.836656" m30="-1.23511"
			m01="0.725437" m11="-0.597859" m21="-0.341036" m31="-0.239937"
			m02="0.446043" m12="0.785713" m22="-0.428604" m32="1.8852"
			m03="0" m13="0" m23="0" m33="1"/>
		<transform name="Bip01 Head"
			m00="-0.067555" m10="0.996791" m20="0.042935" m30="-0.135662"
			m01="0.0823648" m11="-0.0373147" m21="0.995903" m31="-0.133688"
			m02="0.99431" m12="0.0708146" m22="-0.0795797" m32="1.34359"
			m03="0" m13="0" m23="0" m33="1"/>
		<transform name="Bip01 L Toe0"
			m00="0.99516" m10="-0.0174031" m20="0.0967132" m30="0.151501"
			m01="0.0964976" m11="-0.0128328" m21="-0.99525" m31="0.206691"
			m02="0.0185615" m12="0.999766" m22="-0.0110913" m32="-0.0026204"
			m03="0" m13="0" m23="0" m33="1"/>
		<transform name="Bip01 R Toe0"
			m00="0.876888" m10="-0.00685038" m20="-0.480646" m30="0.0308092"
			m01="-0.480657" m11="2.50394e-005" m21="-0.876909" m31="-0.248357"
			m02="0.0060192" m12="0.999977" m22="-0.00327072" m32="0.00600724"
			m03="0" m13="0" m23="0" m33="1"/>
		<transform name="Bip01 Ponytail1"
			m00="-0.276555" m10="0.0319626" m20="-0.960467" m30="0.0479046"
			m01="0.044028" m11="0.998819" m21="0.0205615" m31="-0.0977555"
			m02="0.959989" m12="-0.0366011" m22="-0.277635" m32="1.89727"
			m03="0" m13="0" m23="0" m33="1"/>
	</frame>
	<frame index="3">
		<transform name="Bip01 Tail"
			m00="0.0396575" m10="0.874928" m20="-0.482627" m30="-0.0163789"
			m01="0.0907059" m11="-0.484165" m21="-0.870263" m31="-0.0432415"
			m02="-0.995088" m12="-0.00926465" m22="-0.0985619" m32="0.603523"
			m03="0" m13="0" m23="0" m33="1"/>
		<transform name="Bip01 Pelvis"
			m00="-0.0389609" m10="0.874958" m20="0.482628" m30="-0.0867764"
			m01="-0.0910929" m11="-0.484094" m21="0.870262" m31="-0.00765415"
			m02="0.99508" m12="-0.0100578" m22="0.0985633" m32="0.634017"
			m03="0" m13="0" m23="0" m33="1"/>
		<transform name="Bip01 Spine"
			m00="0.478137" m10="0.687887" m20="0.546073" m30="-0.142855"
			m01="-0.218624" m11="-0.508962" m21="0.832563" m31="0.00476442"
			m02="0.85064" m12="-0.517464" m22="-0.0929646" m32="0.799145"
			m03="0" m13="0" m23="0" m33="1"/>
		<transform name="Bip01 L Thigh"
			m00="0.468656" m10="0.883126" m20="0.021231" m30="-0.00731237"
			m01="0.118899" m11="-0.0392457" m21="-0.99213" m31="0.135633"
			m02="-0.875343" m12="0.467492" m22="-0.123395" m32="0.650245"
			m03="0" m13="0" m23="0" m33="1"/>
		<transform name="Bip01 Spine1"
			m00="0.0344499" m10="0.710957" m20="0.702391" m30="-0.0776381"
			m01="-0.174279" m11="-0.687766" m21="0.704702" m31="-0.0250159"
			m02="0.984094" m12="-0.146689" m22="0.100212" m32="0.915324"
			m03="0" m13="0" m23="0" m33="1"/>
		<transform name="Bip01 L Calf"
			m00="-0.528604" m10="0.848603" m20="0.021231" m30="0.132192"
			m01="0.0936216" m11="0.0831396" m21="-0.99213" m31="0.171025"
			m02="-0.84369" m12="-0.522457" m22="-0.123395" m32="0.389683"
			m03="0" m13="0" m23="0" m33="1"/>
		<transform name="Bip01 L Foot"
			m00="-0.0186941" m10="0.995103" m20="0.097059" m30="0.00501083"
			m01="-0.00729833" m11="0.0969375" m21="-0.995264" m31="0.19355"
			m02="-0.999799" m12="-0.0193139" m22="0.00545043" m32="0.186693"
			m03="0" m13="0" m23="0" m33="1"/>
		<transform name="Bip01 R Thigh"
			m00="0.593768" m10="0.664618" m20="-0.453567" m30="-0.16624"
			m01="-0.288991" m11="-0.349934" m21="-0.891084" m31="-0.150941"
			m02="-0.750948" m12="0.660174" m22="-0.0157109" m32="0.617789"
			m03="0" m13="0" m23="0" m33="1"/>
		<transform name="Bip01 R Calf"
			m00="-0.479934" m10="0.75096" m20="-0.453567" m30="0.010506"
			m01="0.259067" m11="-0.372631" m21="-0.891084" m31="-0.236965"
			m02="-0.838181" m12="-0.545166" m22="-0.0157109" m32="0.394255"
			m03="0" m13="0" m23="0" m33="1"/>
		<transform name="Bip01 R Foot"
			m00="0.0192996" m10="0.876702" m20="-0.480646" m30="-0.104965"
			m01="-0.00684924" m11="-0.480608" m21="-0.876909" m31="-0.174634"
			m02="-0.99979" m12="0.020216" m22="-0.00327078" m32="0.192591"
			m03="0" m13="0" m23="0" m33="1"/>
		<transform name="Bip01 Spine2"
			m00="-0.434544" m10="0.554342" m20="0.709842" m30="-0.0729965"
			m01="-0.0932845" m11="-0.811607" m21="0.576708" m31="-0.0487233"
			m02="0.895806" m12="0.184388" m22="0.404391" m32="1.04969"
			m03="0" m13="0" m23="0" m33="1"/>
		<transform name="Bip01 L UpperArm"
			m00="0.66018" m10="-0.126144" m20="0.740439" m30="0.019777"
			m01="0.435589" m11="0.867395" m21="-0.240601" m31="0.0636498"
			m02="-0.611902" m12="0.481367" m22="0.627584" m32="1.2654"
			m03="0" m13="0" m23="0" m33="1"/>
		<transform name="Bip01 L Clavicle"
			m00="0.70984" m10="-0.553998" m20="-0.434986" m30="-0.1211"
			m01="0.576711" m11="0.811679" m21="-0.0926382" m31="-0.0508059"
			m02="0.40439" m12="-0.185103" m22="0.895659" m32="1.18514"
			m03="0" m13="0" m23="0" m33="1"/>
		<transform name="Bip01 R Clavicle"
			m00="-0.799535" m10="-0.414163" m20="0.434986" m30="-0.148682"
			m01="-0.41778" m11="0.903813" m21="0.0926382" m31="-0.0732146"
			m02="-0.431513" m12="-0.107661" m22="-0.895659" m32="1.16943"
			m03="0" m13="0" m23="0" m33="1"/>
		<transform name="Bip01 R UpperArm"
			m00="-0.707001" m10="-0.374505" m20="0.599914" m30="-0.30736"
			m01="-0.704283" m11="0.295703" m21="-0.645403" m31="-0.156128"
			m02="0.0643104" m12="-0.87881" m22="-0.472819" m32="1.08379"
			m03="0" m13="0" m23="0" m33="1"/>
		<transform name="Bip01 R Forearm"
			m00="0.215907" m10="-0.770382" m20="0.599914" m30="-0.549678"
			m01="-0.438453" m11="-0.625471" m21="-0.645403" m31="-0.397515"
			m02="0.872435" m12="-0.123687" m22="-0.472819" m32="1.10583"
			m03="0" m13="0" m23="0" m33="1"/>
		<transform name="Bip01 R Hand"
			m00="0.17786" m10="0.548937" m20="-0.816722" m30="-0.493181"
			m01="-0.620303" m11="0.706842" m21="0.339999" m31="-0.512247"
			m02="0.76393" m12="0.446143" m22="0.466226" m32="1.33412"
			m03="0" m13="0" m23="0" m33="1"/>
		<transform name="Bip01 Neck"
			m00="-0.168551" m10="0.683896" m20="0.709842" m30="-0.134993"
			m01="-0.418364" m11="-0.701697" m21="0.576709" m31="-0.0619059"
			m02="0.892503" m12="-0.199767" m22="0.40439" m32="1.17731"
			m03="0" m13="0" m23="0" m33="1"/>
		<transform name="Bip01 L Forearm"
			m00="0.580523" m10="0.338737" m20="0.740439" m30="0.246048"
			m01="-0.24165" m11="0.940062" m21="-0.240601" m31="0.212944"
			m02="-0.777559" m12="-0.0392527" m22="0.627584" m32="1.05567"
			m03="0" m13="0" m23="0" m33="1"/>
		<transform name="Bip01 L Hand"
			m00="0.656018" m10="-0.742669" m20="0.134474" m30="0.381455"
			m01="-0.573223" m11="-0.374365" m21="0.72888" m31="0.156579"
			m02="-0.490974" m12="-0.555242" m22="-0.671305" m32="0.874307"
			m03="0" m13="0" m23="0" m33="1"/>
		<transform name="Bip01 L Finger1"
			m00="0.328866" m10="-0.926549" m20="0.182629" m30="0.563062"
			m01="-0.845152" m11="-0.202467" m21="0.494698" m31="-0.00210801"
			m02="-0.421386" m12="-0.317038" m22="-0.849659" m32="0.738389"
			m03="0" m13="0" m23="0" m33="1"/>
		<transform name="Bip01 L Finger11"
			m00="-0.646156" m10="-0.741032" m20="0.182629" m30="0.598396"
			m01="-0.590958" m11="0.637215" m21="0.494698" m31="-0.0929103"
			m02="-0.482961" m12="0.211727" m22="-0.849659" m32="0.693116"
			m03="0" m13="0" m23="0" m33="1"/>
		<transform name="Bip01 L Finger0"
			m00="-0.449144" m10="-0.611411" m20="0.651495" m30="0.421642"
			m01="-0.793365" m11="-0.0624294" m21="-0.605537" m31="-0.0191779"
			m02="0.410904" m12="-0.788847" m22="-0.457032" m32="0.917054"
			m03="0" m13="0" m23="0" m33="1"/>
		<transform name="Bip01 L Finger01"
			m00="-0.744819" m10="-0.144214" m20="0.651495" m30="0.361096"
			m01="-0.625043" m11="0.492591" m21="-0.605537" m31="-0.126127"
			m02="-0.233594" m12="-0.858228" m22="-0.457032" m32="0.972445"
			m03="0" m13="0" m23="0" m33="1"/>
		<transform name="Bip01 Prop3"
			m00="0.516043" m10="0.19196" m20="0.834776" m30="-1.2668"
			m01="0.767188" m11="-0.537011" m21="-0.350773" m31="-0.244951"
			m02="0.38095" m12="0.821444" m22="-0.42439" m32="1.89241"
			m03="0" m13="0" m23="0" m33="1"/>
		<transform name="Bip01 Prop1"
			m00="0.534371" m10="0.149331" m20="0.831954" m30="-1.2668"
			m01="0.713179" m11="-0.60795" m21="-0.348957" m31="-0.244951"
			m02="0.453677" m12="0.779805" m22="-0.431371" m32="1.89241"
			m03="0" m13="0" m23="0" m33="1"/>
		<transform name="Bip01 Head"
			m00="-0.132894" m10="0.990248" m20="0.0418038" m30="-0.166455"
			m01="0.0864914" m11="-0.0304303" m21="0.995788" m31="-0.140001"
			m02="0.987349" m12="0.13595" m22="-0.081604" m32="1.34391"
			m03="0" m13="0" m23="0" m33="1"/>
		<transform name="Bip01 L Toe0"
			m00="0.99516" m10="-0.0173691" m20="0.0967169" m30="0.151476"
			m01="0.0965016" m11="-0.0128353" m21="-0.99525" m31="0.206793"
			m02="0.018528" m12="0.999767" m22="-0.011097" m32="-0.00342299"
			m03="0" m13="0" m23="0" m33="1"/>
		<transform name="Bip01 R Toe0"
			m00="0.876878" m10="-0.0079711" m20="-0.480646" m30="0.0307712"
			m01="-0.480657" m11="0.000639279" m21="-0.876909" m31="-0.248346"
			m02="0.00729719" m12="0.999968" m22="-0.0032708" m32="0.00843351"
			m03="0" m13="0" m23="0" m33="1"/>
		<transform name="Bip01 Ponytail1"
			m00="-0.33896" m10="0.0280285" m20="-0.940383" m30="-0.0196878"
			m01="0.0466231" m11="0.998828" m21="0.0129653" m31="-0.100315"
			m02="0.939645" m12="-0.0394489" m22="-0.33987" m32="1.90821"
			m03="0" m13="0" m23="0" m33="1"/>
	</frame>
	<frame index="4">
		<transform name="Bip01 Tail"
			m00="0.0387346" m10="0.874969" m20="-0.482627" m30="-0.0454414"
			m01="0.0912166" m11="-0.484069" m21="-0.870263" m31="-0.0493457"
			m02="-0.995077" m12="-0.0103143" m22="-0.0985619" m32="0.60408"
			m03="0" m13="0" m23="0" m33="1"/>
		<transform name="Bip01 Pelvis"
			m00="-0.038038" m10="0.874999" m20="0.482628" m30="-0.115815"
			m01="-0.0916035" m11="-0.483997" m21="0.870262" m31="-0.0137812"
			m02="0.995069" m12="-0.0111075" m22="0.0985633" m32="0.634656"
			m03="0" m13="0" m23="0" m33="1"/>
		<transform name="Bip01 Spine"
			m00="0.478457" m10="0.687808" m20="0.545893" m30="-0.171743"
			m01="-0.218633" m11="-0.50878" m21="0.832672" m31="-0.00145251"
			m02="0.850458" m12="-0.517748" m22="-0.0930518" m32="0.799842"
			m03="0" m13="0" m23="0" m33="1"/>
		<transform name="Bip01 L Thigh"
			m00="0.513071" m10="0.858215" m20="0.0150224" m30="-0.0363506"
			m01="0.123715" m11="-0.0566198" m21="-0.990701" m31="0.129506"
			m02="-0.849384" m12="0.510158" m22="-0.135224" m32="0.650884"
			m03="0" m13="0" m23="0" m33="1"/>
		<transform name="Bip01 Spine1"
			m00="0.0343093" m10="0.71106" m20="0.702294" m30="-0.106482"
			m01="-0.173883" m11="-0.687743" m21="0.704822" m31="-0.0312341"
			m02="0.984168" m12="-0.146299" m22="0.100046" m32="0.915995"
			m03="0" m13="0" m23="0" m33="1"/>
		<transform name="Bip01 L Calf"
			m00="-0.460336" m10="0.887618" m20="0.0150224" m30="0.116375"
			m01="0.113202" m11="0.0754756" m21="-0.990701" m31="0.166332"
			m02="-0.880498" m12="-0.454355" m22="-0.135224" m32="0.398049"
			m03="0" m13="0" m23="0" m33="1"/>
		<transform name="Bip01 L Foot"
			m00="-0.0220273" m10="0.994993" m20="0.0974915" m30="0.00561883"
			m01="-0.00706713" m11="0.0973578" m21="-0.995224" m31="0.193568"
			m02="-0.999732" m12="-0.0226111" m22="0.00488719" m32="0.186203"
			m03="0" m13="0" m23="0" m33="1"/>
		<transform name="Bip01 R Thigh"
			m00="0.636994" m10="0.633365" m20="-0.439417" m30="-0.195278"
			m01="-0.266612" m11="-0.353838" m21="-0.896503" m31="-0.157068"
			m02="-0.723296" m12="0.688221" m22="-0.0565294" m32="0.618428"
			m03="0" m13="0" m23="0" m33="1"/>
		<transform name="Bip01 R Calf"
			m00="-0.418525" m10="0.794827" m20="-0.439417" m30="-0.00566518"
			m01="0.260009" m11="-0.358718" m21="-0.896503" m31="-0.23643"
			m02="-0.870191" m12="-0.489461" m22="-0.0565294" m32="0.403126"
			m03="0" m13="0" m23="0" m33="1"/>
		<transform name="Bip01 R Foot"
			m00="0.0266082" m10="0.876511" m20="-0.480646" m30="-0.106361"
			m01="-0.0108559" m11="-0.480534" m21="-0.876909" m31="-0.173873"
			m02="-0.999587" m12="0.0285508" m22="-0.0032709" m32="0.193759"
			m03="0" m13="0" m23="0" m33="1"/>
		<transform name="Bip01 Spine2"
			m00="-0.435065" m10="0.554097" m20="0.709714" m30="-0.10186"
			m01="-0.0923908" m11="-0.811534" m21="0.576955" m31="-0.0548874"
			m02="0.895646" m12="0.185442" m22="0.404264" m32="1.05037"
			m03="0" m13="0" m23="0" m33="1"/>
		<transform name="Bip01 L UpperArm"
			m00="0.659579" m10="-0.125827" m20="0.741028" m30="-0.00918836"
			m01="0.436017" m11="0.867108" m21="-0.240857" m31="0.0576666"
			m02="-0.612245" m12="0.481965" m22="0.626789" m32="1.26603"
			m03="0" m13="0" m23="0" m33="1"/>
		<transform name="Bip01 L Clavicle"
			m00="0.709713" m10="-0.553753" m20="-0.435506" m30="-0.15004"
			m01="0.576957" m11="0.811606" m21="-0.0917445" m31="-0.0568379"
			m02="0.404263" m12="-0.186156" m22="0.895498" m32="1.1858"
			m03="0" m13="0" m23="0" m33="1"/>
		<transform name="Bip01 R Clavicle"
			m00="-0.799365" m10="-0.413945" m20="0.435506" m30="-0.177617"
			m01="-0.418035" m11="0.903786" m21="0.0917446" m31="-0.0792562"
			m02="-0.431582" m12="-0.10872" m22="-0.895498" m32="1.17009"
			m03="0" m13="0" m23="0" m33="1"/>
		<transform name="Bip01 R UpperArm"
			m00="-0.704865" m10="-0.386635" m20="0.594709" m30="-0.336261"
			m01="-0.704651" m11="0.285409" m21="-0.649621" m31="-0.162221"
			m02="0.081431" m12="-0.876958" m22="-0.473618" m32="1.08444"
			m03="0" m13="0" m23="0" m33="1"/>
		<transform name="Bip01 R Forearm"
			m00="0.195838" m10="-0.779724" m20="0.594709" m30="-0.577847"
			m01="-0.454313" m11="-0.609584" m21="-0.649621" m31="-0.403734"
			m02="0.86905" m12="-0.142963" m22="-0.473618" m32="1.11235"
			m03="0" m13="0" m23="0" m33="1"/>
		<transform name="Bip01 R Hand"
			m00="0.167965" m10="0.558999" m20="-0.811978" m30="-0.526602"
			m01="-0.630713" m11="0.693968" m21="0.347288" m31="-0.522615"
			m02="0.75762" m12="0.453793" m22="0.46913" m32="1.33975"
			m03="0" m13="0" m23="0" m33="1"/>
		<transform name="Bip01 Neck"
			m00="-0.169127" m10="0.683887" m20="0.709715" m30="-0.16393"
			m01="-0.417519" m11="-0.701998" m21="0.576955" m31="-0.0679427"
			m02="0.89279" m12="-0.198741" m22="0.404263" m32="1.17797"
			m03="0" m13="0" m23="0" m33="1"/>
		<transform name="Bip01 L Forearm"
			m00="0.579885" m10="0.338541" m20="0.741028" m30="0.216876"
			m01="-0.241074" m11="0.940144" m21="-0.240857" m31="0.207108"
			m02="-0.778213" m12="-0.0389734" m22="0.626789" m32="1.05619"
			m03="0" m13="0" m23="0" m33="1"/>
		<transform name="Bip01 L Hand"
			m00="0.655512" m10="-0.74326" m20="0.133674" m30="0.352135"
			m01="-0.572935" m11="-0.374147" m21="0.729218" m31="0.150877"
			m02="-0.491985" m12="-0.554598" m22="-0.671098" m32="0.874668"
			m03="0" m13="0" m23="0" m33="1"/>
		<transform name="Bip01 L Finger1"
			m00="0.32841" m10="-0.926907" m20="0.181629" m30="0.533602"
			m01="-0.844935" m11="-0.202347" m21="0.495118" m31="-0.00773036"
			m02="-0.422177" m12="-0.316066" m22="-0.849629" m32="0.73847"
			m03="0" m13="0" m23="0" m33="1"/>
		<transform name="Bip01 L Finger11"
			m00="-0.646729" m10="-0.740778" m20="0.181629" m30="0.568886"
			m01="-0.590715" m11="0.637114" m21="0.495118" m31="-0.0985093"
			m02="-0.482491" m12="0.212917" m22="-0.849629" m32="0.693112"
			m03="0" m13="0" m23="0" m33="1"/>
		<transform name="Bip01 L Finger0"
			m00="-0.44869" m10="-0.612251" m20="0.651019" m30="0.392382"
			m01="-0.793572" m11="-0.0620616" m21="-0.605304" m31="-0.0248979"
