<?xml version="1.0" encoding="ISO-8859-1" standalone="yes"?>

<!DOCTYPE animation [
	<!ELEMENT animation  (frame+)>
	<!ELEMENT frame      (transform+)>
	<!ELEMENT transform   EMPTY>
	<!ATTLIST frame index CDATA #REQUIRED>
	<!ATTLIST transform name CDATA #REQUIRED>
	<!ATTLIST transform m00 CDATA #REQUIRED>
	<!ATTLIST transform m01 CDATA #REQUIRED>
	<!ATTLIST transform m02 CDATA #REQUIRED>
	<!ATTLIST transform m03 CDATA #REQUIRED>
	<!ATTLIST transform m10 CDATA #REQUIRED>
	<!ATTLIST transform m11 CDATA #REQUIRED>
	<!ATTLIST transform m12 CDATA #REQUIRED>
	<!ATTLIST transform m13 CDATA #REQUIRED>
	<!ATTLIST transform m20 CDATA #REQUIRED>
	<!ATTLIST transform m21 CDATA #REQUIRED>
	<!ATTLIST transform m22 CDATA #REQUIRED>
	<!ATTLIST transform m23 CDATA #REQUIRED>
	<!ATTLIST transform m30 CDATA #REQUIRED>
	<!ATTLIST transform m31 CDATA #REQUIRED>
	<!ATTLIST transform m32 CDATA #REQUIRED>
	<!ATTLIST transform m33 CDATA #REQUIRED>
]>

<animation>
	<frame index="0">
		<transform name="warrior Bip Spine1"
			m00="-0.0116191" m10="0.967732" m20="0.251713" m30="-0.279891"
			m01="0.014746" m11="-0.251537" m21="0.967735" m31="0.0237871"
			m02="0.999824" m12="0.014956" m22="-0.0113475" m32="1.08991"
			m03="0" m13="0" m23="0" m33="1"/>
		<transform name="warrior Bip Pelvis"
			m00="-0.036827" m10="0.971393" m20="0.234604" m30="-0.136463"
			m01="-0.0831743" m11="-0.236928" m21="0.96796" m31="0.0332664"
			m02="0.995854" m12="0.016134" m22="0.0895203" m32="0.542642"
			m03="0" m13="0" m23="0" m33="1"/>
		<transform name="warrior Bip Neck"
			m00="0.676074" m10="0.692506" m20="0.251713" m30="-0.282875"
			m01="-0.167435" m11="-0.188291" m21="0.967735" m31="0.0274959"
			m02="0.717558" m12="-0.696407" m22="-0.0113495" m32="1.34"
			m03="0" m13="0" m23="0" m33="1"/>
		<transform name="warrior Bip Head"
			m00="-0.0723482" m10="0.99536" m20="0.0634317" m30="-0.185817"
			m01="-0.0810181" m11="-0.0692532" m21="0.994304" m31="0.00345875"
			m02="0.994083" m12="0.066797" m22="0.0856525" m32="1.44301"
			m03="0" m13="0" m23="0" m33="1"/>
		<transform name="warrior Bip R Clavicle"
			m00="-0.251711" m10="-0.967723" m20="0.0123897" m30="-0.294325"
			m01="-0.967736" m11="0.251523" m21="-0.0149463" m31="-0.0168489"
			m02="0.0113475" m12="-0.0157521" m22="-0.999812" m32="1.34044"
			m03="0" m13="0" m23="0" m33="1"/>
		<transform name="warrior Bip Spine"
			m00="-0.0295738" m10="0.969615" m20="0.242843" m30="-0.273085"
			m01="-0.0566547" m11="-0.244185" m21="0.968072" m31="0.0364052"
			m02="0.997956" m12="0.0148714" m22="0.0621547" m32="0.866768"
			m03="0" m13="0" m23="0" m33="1"/>
		<transform name="warrior Bip R UpperArm"
			m00="-0.246044" m10="-0.824251" m20="0.509973" m30="-0.348252"
			m01="-0.667011" m11="0.525736" m21="0.527918" m31="-0.224179"
			m02="-0.703248" m12="-0.210267" m22="-0.679139" m32="1.34287"
			m03="0" m13="0" m23="0" m33="1"/>
		<transform name="warrior Bip R Forearm"
			m00="0.428109" m10="-0.74609" m20="0.509973" m30="-0.418202"
			m01="-0.840564" m11="-0.121471" m21="0.527918" m31="-0.413809"
			m02="-0.331927" m12="-0.654671" m22="-0.679139" m32="1.14294"
			m03="0" m13="0" m23="0" m33="1"/>
		<transform name="warrior Bip R Hand"
			m00="0.427178" m10="0.834614" m20="-0.347761" m30="-0.331995"
			m01="-0.841595" m11="0.226436" m21="-0.490351" m31="-0.58307"
			m02="-0.330509" m12="0.502141" m22="0.799136" m32="1.0761"
			m03="0" m13="0" m23="0" m33="1"/>
		<transform name="warrior Bip Ponytail1"
			m00="0.997869" m10="-0.0152931" m20="0.0634289" m30="0.0291901"
			m01="-0.0618723" m11="0.0867807" m21="0.994304" m31="-0.0491839"
			m02="-0.0207104" m12="-0.99611" m22="0.0856496" m32="1.89542"
			m03="0" m13="0" m23="0" m33="1"/>
		<transform name="warrior Bip L Thigh"
			m00="-0.0939772" m10="0.972102" m20="-0.21491" m30="-0.0726054"
			m01="0.0221766" m11="-0.213768" m21="-0.976633" m31="0.296737"
			m02="-0.995327" m12="-0.0965472" m22="-0.00146859" m32="0.567008"
			m03="0" m13="0" m23="0" m33="1"/>
		<transform name="warrior Bip L Calf"
			m00="-0.337581" m10="0.916435" m20="-0.21491" m30="-0.0958593"
			m01="0.0756963" m11="-0.201143" m21="-0.976633" m31="0.302225"
			m02="-0.938248" m12="-0.345961" m22="-0.00146859" m32="0.320722"
			m03="0" m13="0" m23="0" m33="1"/>
		<transform name="warrior Bip L Foot"
			m00="-0.000885588" m10="0.999982" m20="0.00586052" m30="-0.148941"
			m01="-0.00281958" m11="0.00585801" m21="-0.999979" m31="0.314127"
			m02="-0.999996" m12="-0.000902088" m22="0.00281434" m32="0.17319"
			m03="0" m13="0" m23="0" m33="1"/>
		<transform name="warrior Bip R Thigh"
			m00="0.0335568" m10="0.972895" m20="-0.228798" m30="-0.200321"
			m01="0.143757" m11="-0.231245" m21="-0.962216" m31="-0.230205"
			m02="-0.989044" m12="-0.000602564" m22="-0.147621" m32="0.518275"
			m03="0" m13="0" m23="0" m33="1"/>
		<transform name="warrior Bip R Calf"
			m00="-0.720082" m10="0.655083" m20="-0.228798" m30="-0.192018"
			m01="0.269332" m11="-0.0400144" m21="-0.962216" m31="-0.194633"
			m02="-0.639486" m12="-0.754497" m22="-0.147621" m32="0.273544"
			m03="0" m13="0" m23="0" m33="1"/>
		<transform name="warrior Bip R Foot"
			m00="1.19601e-007" m10="0.866026" m20="-0.499998" m30="-0.305245"
			m01="0.0" m11="-0.499998" m21="-0.866026" m31="-0.152283"
			m02="-1.0" m12="1.57177e-007" m22="0.0" m32="0.17299"
			m03="0" m13="0" m23="0" m33="1"/>
		<transform name="warrior Bip L Clavicle"
			m00="0.251711" m10="-0.967723" m20="-0.0123897" m30="-0.271268"
			m01="0.967736" m11="0.251523" m21="0.0149463" m31="0.0717976"
			m02="-0.0113476" m12="-0.0157521" m22="0.999812" m32="1.3394"
			m03="0" m13="0" m23="0" m33="1"/>
		<transform name="warrior Bip L UpperArm"
			m00="0.704092" m10="-0.401779" m20="0.585516" m30="-0.217341"
			m01="0.670469" m11="0.647771" m21="-0.361751" m31="0.279127"
			m02="-0.233936" m12="0.647276" m22="0.725471" m32="1.33697"
			m03="0" m13="0" m23="0" m33="1"/>
		<transform name="warrior Bip L Forearm"
			m00="0.797536" m10="0.145286" m20="0.585516" m30="-0.017168"
			m01="0.0966661" m11="0.92725" m21="-0.361751" m31="0.469741"
			m02="-0.595476" m12="0.345109" m22="0.725471" m32="1.27046"
			m03="0" m13="0" m23="0" m33="1"/>
		<transform name="warrior Bip L Hand"
			m00="0.797536" m10="-0.24519" m20="-0.551197" m30="0.143429"
			m01="0.0966661" m11="-0.849934" m21="0.517946" m31="0.489206"
			m02="-0.595476" m12="-0.466363" m22="-0.654151" m32="1.15055"
			m03="0" m13="0" m23="0" m33="1"/>
		<transform name="warrior Bip R Toe0"
			m00="0.965926" m10="-3.9524e-007" m20="-0.258817" m30="-0.110279"
			m01="-0.258817" m11="2.34959e-007" m21="-0.965926" m31="-0.264846"
			m02="4.49119e-007" m12="1.0" m22="1.27824e-007" m32="0.000368374"
			m03="0" m13="0" m23="0" m33="1"/>
		<transform name="warrior Bip L Toe0"
			m00="1.0" m10="-2.03104e-006" m20="3.83398e-006" m30="0.0760291"
			m01="3.84014e-006" m11="-1.85158e-006" m21="-1.0" m31="0.314959"
			m02="2.03627e-006" m12="1.0" m22="-1.84964e-006" m32="0.000366028"
			m03="0" m13="0" m23="0" m33="1"/>
		<transform name="warrior Bip Prop1"
			m00="0.819097" m10="-0.472578" m20="-0.325193" m30="-0.125174"
			m01="0.284569" m11="0.826943" m21="-0.484959" m31="-0.64181"
			m02="0.498097" m12="0.304689" m22="0.811828" m32="0.812652"
			m03="0" m13="0" m23="0" m33="1"/>
	</frame>
	<frame index="1">
		<transform name="warrior Bip Spine1"
			m00="-0.047938" m10="0.94235" m20="0.331177" m30="-0.301577"
			m01="-0.0371094" m11="-0.33301" m21="0.942193" m31="0.00548196"
			m02="0.998161" m12="0.0328771" m22="0.0509339" m32="1.1051"
			m03="0" m13="0" m23="0" m33="1"/>
		<transform name="warrior Bip Pelvis"
			m00="-0.080013" m10="0.952109" m20="0.295103" m30="-0.137198"
			m01="-0.132526" m11="-0.303585" m21="0.943543" m31="0.0337566"
			m02="0.987945" m12="0.0363867" m22="0.15047" m32="0.564415"
			m03="0" m13="0" m23="0" m33="1"/>
		<transform name="warrior Bip Neck"
			m00="0.632445" m10="0.700239" m20="0.331176" m30="-0.313644"
			m01="-0.261712" m11="-0.209234" m21="0.942193" m31="-0.00377333"
			m02="0.729054" m12="-0.682559" m22="0.050932" m32="1.35477"
			m03="0" m13="0" m23="0" m33="1"/>
		<transform name="warrior Bip Head"
			m00="-0.153485" m10="0.979667" m20="0.129209" m30="-0.222849"
			m01="-0.122848" m11="-0.148661" m21="0.981228" m31="-0.0413449"
			m02="0.980485" m12="0.134731" m22="0.143168" m32="1.45944"
			m03="0" m13="0" m23="0" m33="1"/>
		<transform name="warrior Bip R Clavicle"
			m00="-0.331175" m10="-0.942312" m20="0.0486885" m30="-0.328732"
			m01="-0.942194" m11="0.333037" m21="0.0368443" m31="-0.0469507"
			m02="-0.0509339" m12="-0.0336721" m22="-0.998134" m32="1.35236"
			m03="0" m13="0" m23="0" m33="1"/>
		<transform name="warrior Bip Spine"
			m00="-0.0710934" m10="0.947416" m20="0.312006" m30="-0.285492"
			m01="-0.10672" m11="-0.318227" m21="0.941989" m31="0.0292786"
			m02="0.991744" m12="0.0336719" m22="0.123732" m32="0.883354"
			m03="0" m13="0" m23="0" m33="1"/>
		<transform name="warrior Bip R UpperArm"
			m00="-0.299536" m10="-0.712866" m20="0.634114" m30="-0.399683"
			m01="-0.609812" m11="0.654197" m21="0.447388" m31="-0.248808"
			m02="-0.733763" m12="-0.252681" m22="-0.63067" m32="1.34145"
			m03="0" m13="0" m23="0" m33="1"/>
		<transform name="warrior Bip R Forearm"
			m00="0.294954" m10="-0.714774" m20="0.634114" m30="-0.484841"
			m01="-0.893901" m11="0.0280294" m21="0.447388" m31="-0.422177"
			m02="-0.337555" m12="-0.698794" m22="-0.63067" m32="1.13284"
			m03="0" m13="0" m23="0" m33="1"/>
		<transform name="warrior Bip R Hand"
			m00="0.29067" m10="0.844876" m20="-0.449106" m30="-0.425447"
			m01="-0.897174" m11="0.0775287" m21="-0.434819" m31="-0.602178"
			m02="-0.332549" m12="0.529315" m22="0.780536" m32="1.06487"
			m03="0" m13="0" m23="0" m33="1"/>
		<transform name="warrior Bip Ponytail1"
			m00="0.988626" m10="0.0769768" m20="0.129206" m30="-0.047305"
			m01="-0.138674" m11="0.134014" m21="0.981229" m31="-0.132011"
			m02="0.0582164" m12="-0.987985" m22="0.143164" m32="1.92273"
			m03="0" m13="0" m23="0" m33="1"/>
		<transform name="warrior Bip L Thigh"
			m00="-0.0812604" m10="0.960511" m20="-0.26611" m30="-0.0568727"
			m01="0.118295" m11="-0.255811" m21="-0.959462" m31="0.290581"
			m02="-0.989648" m12="-0.109446" m22="-0.0928359" m32="0.605372"
			m03="0" m13="0" m23="0" m33="1"/>
		<transform name="warrior Bip L Calf"
			m00="-0.0979524" m10="0.958953" m20="-0.26611" m30="-0.07698"
			m01="0.122725" m11="-0.253716" m21="-0.959462" m31="0.319852"
			m02="-0.987595" m12="-0.12664" m22="-0.0928359" m32="0.360491"
			m03="0" m13="0" m23="0" m33="1"/>
		<transform name="warrior Bip L Foot"
			m00="0.0735134" m10="0.996012" m20="-0.0505524" m30="-0.0923822"
			m01="0.0509866" m11="-0.0543768" m21="-0.997218" m31="0.33915"
			m02="-0.99599" m12="0.0707314" m22="-0.0547807" m32="0.2052"
			m03="0" m13="0" m23="0" m33="1"/>
		<transform name="warrior Bip R Thigh"
			m00="0.0820641" m10="0.963057" m20="-0.256489" m30="-0.217523"
			m01="0.111715" m11="-0.264624" m21="-0.957859" m31="-0.223068"
			m02="-0.990346" m12="0.0499523" m22="-0.129304" m32="0.523459"
			m03="0" m13="0" m23="0" m33="1"/>
		<transform name="warrior Bip R Calf"
			m00="-0.687903" m10="0.678972" m20="-0.256489" m30="-0.197217"
			m01="0.274881" m11="-0.0833444" m21="-0.957859" m31="-0.195425"
			m02="-0.671736" m12="-0.729418" m22="-0.129304" m32="0.278406"
			m03="0" m13="0" m23="0" m33="1"/>
		<transform name="warrior Bip R Foot"
			m00="0.000807606" m10="0.866026" m20="-0.499998" m30="-0.305384"
			m01="-0.000466504" m11="-0.499998" m21="-0.866026" m31="-0.152202"
			m02="-1.0" m12="0.000932645" m22="2.07889e-007" m32="0.17278"
			m03="0" m13="0" m23="0" m33="1"/>
		<transform name="warrior Bip L Clavicle"
			m00="0.331175" m10="-0.942312" m20="-0.0486884" m30="-0.298396"
			m01="0.942194" m11="0.333037" m21="-0.0368442" m31="0.0393562"
			m02="0.0509338" m12="-0.0336721" m22="0.998134" m32="1.35703"
			m03="0" m13="0" m23="0" m33="1"/>
		<transform name="warrior Bip L UpperArm"
			m00="0.751319" m10="-0.431638" m20="0.499208" m30="-0.227444"
			m01="0.644794" m11="0.641255" m21="-0.415971" m31="0.241214"
			m02="-0.140571" m12="0.634413" m22="0.760105" m32="1.36794"
			m03="0" m13="0" m23="0" m33="1"/>
		<transform name="warrior Bip L Forearm"
			m00="0.850435" m10="0.165989" m20="0.499208" m30="-0.0138449"
			m01="0.0671669" m11="0.906894" m21="-0.415971" m31="0.424528"
			m02="-0.521775" m12="0.387286" m22="0.760105" m32="1.32798"
			m03="0" m13="0" m23="0" m33="1"/>
		<transform name="warrior Bip L Hand"
			m00="0.850435" m10="-0.250522" m20="-0.462601" m30="0.157404"
			m01="0.0671669" m11="-0.820432" m21="0.567784" m31="0.438053"
			m02="-0.521775" m12="-0.513935" m22="-0.680898" m32="1.22291"
			m03="0" m13="0" m23="0" m33="1"/>
		<transform name="warrior Bip R Toe0"
			m00="0.965926" m10="-3.03306e-007" m20="-0.258817" m30="-0.110279"
			m01="-0.258817" m11="1.77392e-007" m21="-0.965926" m31="-0.264846"
			m02="3.23693e-007" m12="1.0" m22="0.0" m32="0.000368378"
			m03="0" m13="0" m23="0" m33="1"/>
		<transform name="warrior Bip L Toe0"
			m00="0.996012" m10="-0.0735134" m20="-0.0505521" m30="0.144537"
			m01="-0.0543765" m11="-0.0509864" m21="-0.997218" m31="0.33571"
			m02="0.0707314" m12="0.99599" m22="-0.0547805" m32="0.0491936"
			m03="0" m13="0" m23="0" m33="1"/>
		<transform name="warrior Bip Prop1"
			m00="0.83941" m10="-0.337063" m20="-0.426355" m30="-0.223337"
			m01="0.137483" m11="0.890637" m21="-0.433432" m31="-0.691526"
			m02="0.525822" m12="0.305211" m22="0.793951" m32="0.806418"
			m03="0" m13="0" m23="0" m33="1"/>
	</frame>
	<frame index="2">
		<transform name="warrior Bip Spine1"
			m00="-0.0900644" m10="0.908444" m20="0.408189" m30="-0.325548"
			m01="-0.0908133" m11="-0.415638" m21="0.904985" m31="-0.0132068"
			m02="0.991787" m12="0.044438" m22="0.119933" m32="1.11803"
			m03="0" m13="0" m23="0" m33="1"/>
		<transform name="warrior Bip Pelvis"
			m00="-0.12874" m10="0.926798" m20="0.352806" m30="-0.13792"
			m01="-0.182723" m11="-0.371844" m21="0.910134" m31="0.0341785"
			m02="0.974699" m12="0.052705" m22="0.217218" m32="0.586321"
			m03="0" m13="0" m23="0" m33="1"/>
		<transform name="warrior Bip Neck"
			m00="0.578682" m10="0.706052" m20="0.408188" m30="-0.348149"
			m01="-0.358113" m11="-0.229686" m21="0.904986" m31="-0.0358884"
			m02="0.732722" m12="-0.669877" m22="0.119931" m32="1.3661"
			m03="0" m13="0" m23="0" m33="1"/>
		<transform name="warrior Bip Head"
			m00="-0.24082" m10="0.950889" m20="0.194461" m30="-0.265073"
			m01="-0.158783" m11="-0.236258" m21="0.958629" m31="-0.0872995"
			m02="0.957493" m12="0.19998" m22="0.207881" m32="1.47129"
			m03="0" m13="0" m23="0" m33="1"/>
		<transform name="warrior Bip R Clavicle"
			m00="-0.408186" m10="-0.908373" m20="0.0907878" m30="-0.366764"
			m01="-0.904986" m11="0.415708" m21="0.0904823" m31="-0.077364"
			m02="-0.119933" m12="-0.0452281" m22="-0.991751" m32="1.36053"
			m03="0" m13="0" m23="0" m33="1"/>
		<transform name="warrior Bip Spine"
			m00="-0.118235" m10="0.918038" m20="0.378453" m30="-0.298929"
			m01="-0.157878" m11="-0.393658" m21="0.905598" m31="0.0220125"
			m02="0.980355" m12="0.0473236" m22="0.191482" m32="0.898829"
			m03="0" m13="0" m23="0" m33="1"/>
		<transform name="warrior Bip R UpperArm"
			m00="-0.351383" m10="-0.575797" m20="0.738233" m30="-0.454214"
			m01="-0.530575" m11="0.77214" m21="0.349701" m31="-0.27125"
			m02="-0.771376" m12="-0.268809" m22="-0.57682" m32="1.33484"
			m03="0" m13="0" m23="0" m33="1"/>
		<transform name="warrior Bip R Forearm"
			m00="0.147981" m10="-0.658114" m20="0.738233" m30="-0.554112"
			m01="-0.918253" m11="0.185798" m21="0.349701" m31="-0.422092"
			m02="-0.367305" m12="-0.729634" m22="-0.57682" m32="1.11554"
			m03="0" m13="0" m23="0" m33="1"/>
		<transform name="warrior Bip R Hand"
			m00="0.13767" m10="0.833845" m20="-0.534555" m30="-0.524314"
			m01="-0.923699" m11="-0.0867264" m21="-0.373174" m31="-0.606997"
			m02="-0.357529" m12="0.545143" m22="0.758282" m32="1.04157"
			m03="0" m13="0" m23="0" m33="1"/>
		<transform name="warrior Bip Ponytail1"
			m00="0.964924" m10="0.176374" m20="0.194459" m30="-0.134953"
			m01="-0.22505" m11="0.174299" m21="0.95863" m31="-0.215435"
			m02="0.135184" m12="-0.968768" m22="0.207878" m32="1.94068"
			m03="0" m13="0" m23="0" m33="1"/>
		<transform name="warrior Bip L Thigh"
			m00="0.0740608" m10="0.947673" m20="-0.310534" m30="-0.041889"
			m01="0.197612" m11="-0.31916" m21="-0.926869" m31="0.28191"
			m02="-0.977479" m12="0.00727941" m22="-0.210909" m32="0.645446"
			m03="0" m13="0" m23="0" m33="1"/>
		<transform name="warrior Bip L Calf"
			m00="0.0424364" m10="0.949615" m20="-0.310534" m30="-0.0235632"
			m01="0.208139" m11="-0.312397" m21="-0.926869" m31="0.330807"
			m02="-0.977178" m12="-0.0253012" m22="-0.210909" m32="0.403576"
			m03="0" m13="0" m23="0" m33="1"/>
		<transform name="warrior Bip L Foot"
			m00="0.176032" m10="0.977362" m20="-0.117372" m30="-0.0168904"
			m01="0.108015" m11="-0.137692" m21="-0.984568" m31="0.363535"
			m02="-0.97844" m12="0.160637" m22="-0.129808" m32="0.249923"
			m03="0" m13="0" m23="0" m33="1"/>
		<transform name="warrior Bip R Thigh"
			m00="0.126337" m10="0.950119" m20="-0.285153" m30="-0.233952"
			m01="0.073875" m11="-0.295669" m21="-0.95243" m31="-0.213553"
			m02="-0.989233" m12="0.0992612" m22="-0.107544" m32="0.527196"
			m03="0" m13="0" m23="0" m33="1"/>
		<transform name="warrior Bip R Calf"
			m00="-0.656369" m10="0.698475" m20="-0.285153" m30="-0.202691"
			m01="0.275805" m11="-0.129651" m21="-0.95243" m31="-0.195273"
			m02="-0.702219" m12="-0.703792" m22="-0.107544" m32="0.282418"
			m03="0" m13="0" m23="0" m33="1"/>
		<transform name="warrior Bip R Foot"
			m00="0.00380308" m10="0.866018" m20="-0.499998" m30="-0.305899"
			m01="-0.00219589" m11="-0.499993" m21="-0.866026" m31="-0.151905"
			m02="-0.99999" m12="0.00439151" m22="2.05426e-007" m32="0.172"
			m03="0" m13="0" m23="0" m33="1"/>
		<transform name="warrior Bip L Clavicle"
			m00="0.408186" m10="-0.908373" m20="-0.0907878" m30="-0.329373"
			m01="0.904986" m11="0.415708" m21="-0.0904822" m31="0.00553458"
			m02="0.119933" m12="-0.0452281" m22="0.991751" m32="1.37152"
			m03="0" m13="0" m23="0" m33="1"/>
		<transform name="warrior Bip L UpperArm"
			m00="0.795821" m10="-0.454726" m20="0.399865" m30="-0.241922"
			m01="0.604061" m11="0.642165" m21="-0.471947" m31="0.199421"
			m02="-0.0421729" m12="0.617129" m22="0.785731" m32="1.39721"
			m03="0" m13="0" m23="0" m33="1"/>
		<transform name="warrior Bip L Forearm"
			m00="0.896394" m10="0.191271" m20="0.399865" m30="-0.015671"
			m01="0.0224687" m11="0.88134" m21="-0.471947" m31="0.371155"
			m02="-0.442687" m12="0.432035" m22="0.785731" m32="1.38522"
			m03="0" m13="0" m23="0" m33="1"/>
		<transform name="warrior Bip L Hand"
			m00="0.896394" m10="-0.258087" m20="-0.360372" m30="0.164832"
			m01="0.0224687" m11="-0.785506" m21="0.618445" m31="0.375679"
			m02="-0.442687" m12="-0.562468" m22="-0.698325" m32="1.29608"
			m03="0" m13="0" m23="0" m33="1"/>
		<transform name="warrior Bip R Toe0"
			m00="0.965926" m10="-3.77503e-007" m20="-0.258817" m30="-0.110279"
			m01="-0.258817" m11="1.23367e-007" m21="-0.965926" m31="-0.264846"
			m02="3.90391e-007" m12="1.0" m22="0.0" m32="0.000368304"
			m03="0" m13="0" m23="0" m33="1"/>
		<transform name="warrior Bip L Toe0"
			m00="0.977362" m10="-0.176032" m20="-0.117372" m30="0.233527"
			m01="-0.137692" m11="-0.108014" m21="-0.984568" m31="0.351183"
			m02="0.160637" m12="0.97844" m22="-0.129807" m32="0.117186"
			m03="0" m13="0" m23="0" m33="1"/>
		<transform name="warrior Bip Prop1"
			m00="0.838946" m10="-0.183891" m20="-0.512205" m30="-0.33523"
			m01="-0.0266588" m11="0.926165" m21="-0.376174" m31="-0.722384"
			m02="0.543561" m12="0.329245" m22="0.7721" m32="0.783579"
			m03="0" m13="0" m23="0" m33="1"/>
	</frame>
	<frame index="3">
		<transform name="warrior Bip Spine1"
			m00="-0.13694" m10="0.866491" m20="0.480043" m30="-0.350877"
			m01="-0.143542" m11="-0.496851" m21="0.855882" m31="-0.0310455"
			m02="0.980124" m12="0.0482983" m22="0.192417" m32="1.12691"
			m03="0" m13="0" m23="0" m33="1"/>
		<transform name="warrior Bip Pelvis"
			m00="-0.181719" m10="0.895768" m20="0.405681" m30="-0.138362"
			m01="-0.230937" m11="-0.439887" m21="0.867852" m31="0.0344409"
			m02="0.955848" m12="0.0640188" m22="0.286802" m32="0.606605"
			m03="0" m13="0" m23="0" m33="1"/>
		<transform name="warrior Bip Neck"
			m00="0.515871" m10="0.709532" m20="0.480043" m30="-0.3852"
			m01="-0.452825" m11="-0.249828" m21="0.855883" m31="-0.0669097"
			m02="0.727205" m12="-0.6589" m22="0.192415" m32="1.37206"
			m03="0" m13="0" m23="0" m33="1"/>
		<transform name="warrior Bip Head"
			m00="-0.331077" m10="0.908076" m20="0.256487" m30="-0.311141"
			m01="-0.185091" m11="-0.329032" m21="0.926002" m31="-0.131918"
			m02="0.925273" m12="0.259105" m22="0.277012" m32="1.47646"
			m03="0" m13="0" m23="0" m33="1"/>
		<transform name="warrior Bip R Clavicle"
			m00="-0.480041" m10="-0.866383" m20="0.13763" m30="-0.407105"
			m01="-0.855884" m11="0.496963" m21="0.143147" m31="-0.106139"
			m02="-0.192417" m12="-0.0490793" m22="-0.980085" m32="1.36317"
			m03="0" m13="0" m23="0" m33="1"/>
		<transform name="warrior Bip Spine"
			m00="-0.169765" m10="0.881876" m20="0.439857" m30="-0.312745"
			m01="-0.207299" m11="-0.468305" m21="0.858905" m31="0.0152083"
			m02="0.963435" m12="0.0546301" m22="0.262314" m32="0.911489"
			m03="0" m13="0" m23="0" m33="1"/>
		<transform name="warrior Bip R UpperArm"
			m00="-0.394621" m10="-0.418875" m20="0.817813" m30="-0.50995"
			m01="-0.432039" m11="0.870106" m21="0.237185" m31="-0.289505"
			m02="-0.810935" m12="-0.259729" m22="-0.524333" m32="1.32195"
			m03="0" m13="0" m23="0" m33="1"/>
		<transform name="warrior Bip R Forearm"
			m00="-0.00298578" m10="-0.575476" m20="0.817813" m30="-0.622141"
			m01="-0.909355" m11="0.341784" m21="0.237185" m31="-0.412333"
			m02="-0.41601" m12="-0.742974" m22="-0.524333" m32="1.0914"
			m03="0" m13="0" m23="0" m33="1"/>
		<transform name="warrior Bip R Hand"
			m00="-0.02151" m10="0.797904" m20="-0.602401" m30="-0.622742"
			m01="-0.915799" m11="-0.257436" m21="-0.308283" m31="-0.595446"
			m02="-0.40106" m12="0.545047" m22="0.736257" m32="1.00763"
			m03="0" m13="0" m23="0" m33="1"/>
		<transform name="warrior Bip Ponytail1"
			m00="0.925353" m10="0.279174" m20="0.256485" m30="-0.231205"
			m01="-0.318032" m11="0.203406" m21="0.926003" m31="-0.294584"
			m02="0.206346" m12="-0.93845" m22="0.277008" m32="1.94638"
			m03="0" m13="0" m23="0" m33="1"/>
		<transform name="warrior Bip L Thigh"
			m00="0.24408" m10="0.907916" m20="-0.340753" m30="-0.0279384"
			m01="0.254726" m11="-0.399067" m21="-0.880829" m31="0.270663"
			m02="-0.935703" m12="0.128194" m22="-0.328674" m32="0.68467"
			m03="0" m13="0" m23="0" m33="1"/>
		<transform name="warrior Bip L Calf"
			m00="0.1848" m10="0.921811" m20="-0.340753" m30="0.0324572"
			m01="0.280023" m11="-0.381742" m21="-0.880829" m31="0.333693"
			m02="-0.942038" m12="0.0673587" m22="-0.328674" m32="0.453138"
			m03="0" m13="0" m23="0" m33="1"/>
		<transform name="warrior Bip L Foot"
			m00="0.285279" m10="0.940646" m20="-0.183852" m30="0.0615155"
			m01="0.152176" m11="-0.233844" m21="-0.960291" m31="0.377724"
			m02="-0.946287" m12="0.245973" m22="-0.209855" m32="0.30501"
			m03="0" m13="0" m23="0" m33="1"/>
		<transform name="warrior Bip R Thigh"
			m00="0.167567" m10="0.93309" m20="-0.318221" m30="-0.248786"
			m01="0.0284538" m11="-0.327228" m21="-0.944517" m31="-0.201781"
			m02="-0.98545" m12="0.149215" m22="-0.0813825" m32="0.52854"
			m03="0" m13="0" m23="0" m33="1"/>
		<transform name="warrior Bip R Calf"
			m00="-0.631963" m10="0.706652" m20="-0.318221" m30="-0.207322"
			m01="0.275337" m11="-0.179101" m21="-0.944517" m31="-0.194741"
			m02="-0.724439" m12="-0.684518" m22="-0.0813825" m32="0.284699"
			m03="0" m13="0" m23="0" m33="1"/>
		<transform name="warrior Bip R Foot"
			m00="0.00844686" m10="0.865985" m20="-0.499998" m30="-0.306694"
			m01="-0.00487676" m11="-0.499975" m21="-0.866026" m31="-0.151446"
			m02="-0.999952" m12="0.00975356" m22="0.0" m32="0.170786"
			m03="0" m13="0" m23="0" m33="1"/>
		<transform name="warrior Bip L Clavicle"
			m00="0.480041" m10="-0.866383" m20="-0.13763" m30="-0.363133"
			m01="0.855884" m11="0.496963" m21="-0.143147" m31="-0.0277379"
			m02="0.192417" m12="-0.0490793" m22="0.980085" m32="1.3808"
			m03="0" m13="0" m23="0" m33="1"/>
		<transform name="warrior Bip L UpperArm"
			m00="0.833403" m10="-0.470105" m20="0.290586" m30="-0.260288"
			m01="0.549657" m11="0.650255" m21="-0.524448" m31="0.155628"
			m02="0.0575903" m12="0.596799" m22="0.800321" m32="1.42202"
			m03="0" m13="0" m23="0" m33="1"/>
		<transform name="warrior Bip L Forearm"
			m00="0.931536" m10="0.218632" m20="0.290586" m30="-0.0233522"
			m01="-0.0360569" m11="0.850679" m21="-0.524448" m31="0.311895"
			m02="-0.361857" m12="0.478065" m22="0.800321" m32="1.4384"
			m03="0" m13="0" m23="0" m33="1"/>
		<transform name="warrior Bip L Hand"
			m00="0.931536" m10="-0.265968" m20="-0.247995" m30="0.164228"
			m01="-0.0360569" m11="-0.746157" m21="0.664793" m31="0.304634"
			m02="-0.361857" m12="-0.610337" m22="-0.704662" m32="1.36553"
			m03="0" m13="0" m23="0" m33="1"/>
		<transform name="warrior Bip R Toe0"
			m00="0.965926" m10="-2.79057e-007" m20="-0.258817" m30="-0.110279"
			m01="-0.258817" m11="1.44859e-007" m21="-0.965926" m31="-0.264846"
			m02="2.88996e-007" m12="1.0" m22="0.0" m32="0.000368391"
			m03="0" m13="0" m23="0" m33="1"/>
		<transform name="warrior Bip L Toe0"
			m00="0.940646" m10="-0.285279" m20="-0.183852" m30="0.322526"
			m01="-0.233843" m11="-0.152176" m21="-0.960291" m31="0.351349"
			m02="0.245973" m12="0.946286" m22="-0.209854" m32="0.197035"
			m03="0" m13="0" m23="0" m33="1"/>
		<transform name="warrior Bip Prop1"
			m00="0.813487" m10="-0.0231563" m20="-0.581122" m30="-0.453213"
			m01="-0.199196" m11="0.927677" m21="-0.315811" m31="-0.730131"
			m02="0.546406" m12="0.372665" m22="0.750041" m32="0.745432"
			m03="0" m13="0" m23="0" m33="1"/>
	</frame>
	<frame index="4">
		<transform name="warrior Bip Spine1"
			m00="-0.187101" m10="0.817587" m20="0.544558" m30="-0.376569"
			m01="-0.192794" m11="-0.574129" m21="0.795743" m31="-0.0470296"
			m02="0.963236" m12="0.0438968" m22="0.265046" m32="1.13069"
			m03="0" m13="0" m23="0" m33="1"/>
		<transform name="warrior Bip Pelvis"
			m00="-0.237307" m10="0.859768" m20="0.452199" m30="-0.138327"
			m01="-0.274758" m11="-0.505893" m21="0.817668" m31="0.0344473"
			m02="0.931769" m12="0.069793" m22="0.35628" m32="0.623965"
			m03="0" m13="0" m23="0" m33="1"/>
		<transform name="warrior Bip Neck"
			m00="0.445822" m10="0.710422" m20="0.544558" m30="-0.423434"
			m01="-0.542294" m11="-0.269645" m21="0.795744" m31="-0.0952068"
			m02="0.712151" m12="-0.650071" m22="0.265044" m32="1.37162"
			m03="0" m13="0" m23="0" m33="1"/>
		<transform name="warrior Bip Head"
			m00="-0.420626" m10="0.851528" m20="0.313007" m30="-0.359432"
			m01="-0.1991" m11="-0.423243" m21="0.883869" m31="-0.173059"
			m02="0.885117" m12="0.309459" m22="0.347567" m32="1.47386"
			m03="0" m13="0" m23="0" m33="1"/>
		<transform name="warrior Bip R Clavicle"
			m00="-0.544556" m10="-0.81744" m20="0.187752" m30="-0.448294"
			m01="-0.795745" m11="0.57428" m21="0.192336" m31="-0.131684"
			m02="-0.265045" m12="-0.0446646" m22="-0.963201" m32="1.3594"
			m03="0" m13="0" m23="0" m33="1"/>
		<transform name="warrior Bip Spine"
			m00="-0.224083" m10="0.839848" m20="0.494411" m30="-0.3263"
			m01="-0.252544" m11="-0.540023" m21="0.802868" m31="0.00932569"
			m02="0.94128" m12="0.0550483" m22="0.333109" m32="0.920223"
			m03="0" m13="0" m23="0" m33="1"/>
		<transform name="warrior Bip R UpperArm"
			m00="-0.42436" m10="-0.249861" m20="0.870338" m30="-0.564961"
			m01="-0.319373" m11="0.940705" m21="0.114343" m31="-0.302165"
			m02="-0.847301" m12="-0.22944" m22="-0.478997" m32="1.30262"
			m03="0" m13="0" m23="0" m33="1"/>
		<transform name="warrior Bip R Forearm"
			m00="-0.148376" m10="-0.469571" m20="0.870338" m30="-0.685606"
			m01="-0.866584" m11="0.485755" m21="0.114343" m31="-0.392963"
			m02="-0.476463" m12="-0.737255" m22="-0.478997" m32="1.06173"
			m03="0" m13="0" m23="0" m33="1"/>
		<transform name="warrior Bip R Hand"
			m00="-0.176293" m10="0.736603" m20="-0.652944" m30="-0.715484"
			m01="-0.872133" m11="-0.424451" m21="-0.243361" m31="-0.567463"
			m02="-0.456403" m12="0.526552" m22="0.717244" m32="0.965791"
			m03="0" m13="0" m23="0" m33="1"/>
		<transform name="warrior Bip Ponytail1"
			m00="0.869901" m10="0.381182" m20="0.313006" m30="-0.332774"
			m01="-0.413678" m11="0.218274" m21="0.88387" m31="-0.365221"
			m02="0.268595" m12="-0.898363" m22="0.347564" m32="1.93865"
			m03="0" m13="0" m23="0" m33="1"/>
		<transform name="warrior Bip L Thigh"
			m00="0.416995" m10="0.836912" m20="-0.354531" m30="-0.0152417"
			m01="0.282258" m11="-0.490016" m21="-0.824752" m31="0.25701"
			m02="-0.863971" m12="0.243849" m22="-0.440559" m32="0.720942"
			m03="0" m13="0" m23="0" m33="1"/>
		<transform name="warrior Bip L Calf"
			m00="0.323718" m10="0.87722" m20="-0.354531" m30="0.0879405"
			m01="0.333764" m11="-0.456494" m21="-0.824752" m31="0.326852"
			m02="-0.885329" m12="0.148658" m22="-0.440559" m32="0.507159"
			m03="0" m13="0" m23="0" m33="1"/>
		<transform name="warrior Bip L Foot"
			m00="0.395691" m10="0.88483" m20="-0.245975" m30="0.138843"
			m01="0.179547" m11="-0.337199" m21="-0.924153" m31="0.379334"
			m02="-0.900661" m12="0.321515" m22="-0.292296" m32="0.367948"
			m03="0" m13="0" m23="0" m33="1"/>
		<transform name="warrior Bip R Thigh"
			m00="0.206133" m10="0.911231" m20="-0.356605" m30="-0.261412"
			m01="-0.0253412" m11="-0.359339" m21="-0.932863" m31="-0.188115"
			m02="-0.978196" m12="0.201331" m22="-0.0509798" m32="0.526989"
			m03="0" m13="0" m23="0" m33="1"/>
		<transform name="warrior Bip R Calf"
			m00="-0.618491" m10="0.700216" m20="-0.356605" m30="-0.210406"
			m01="0.276624" m11="-0.23075" m21="-0.932863" m31="-0.194386"
			m02="-0.735492" m12="-0.675613" m22="-0.0509798" m32="0.284942"
			m03="0" m13="0" m23="0" m33="1"/>
		<transform name="warrior Bip R Foot"
			m00="0.0141374" m10="0.865911" m20="-0.499998" m30="-0.307659"
			m01="-0.00816216" m11="-0.499932" m21="-0.866026" m31="-0.150889"
			m02="-0.999867" m12="0.0163244" m22="0.0" m32="0.169292"
			m03="0" m13="0" m23="0" m33="1"/>
		<transform name="warrior Bip L Clavicle"
			m00="0.544556" m10="-0.81744" m20="-0.187752" m30="-0.398412"
			m01="0.795745" m11="0.57428" m21="-0.192336" m31="-0.0587917"
			m02="0.265045" m12="-0.0446646" m22="0.963201" m32="1.38368"
			m03="0" m13="0" m23="0" m33="1"/>
		<transform name="warrior Bip L UpperArm"
			m00="0.861001" m10="-0.477381" m20="0.175454" m30="-0.281745"
			m01="0.484407" m11="0.664563" m21="-0.568951" m31="0.11169"
			m02="0.155006" m12="0.574859" m22="0.803437" m32="1.44047"
			m03="0" m13="0" m23="0" m33="1"/>
		<transform name="warrior Bip L Forearm"
			m00="0.953319" m10="0.24576" m20="0.175454" m30="-0.0369634"
			m01="-0.105536" m11="0.815571" m21="-0.568951" m31="0.249407"
			m02="-0.282921" m12="0.523875" m22="0.803437" m32="1.48454"
			m03="0" m13="0" m23="0" m33="1"/>
		<transform name="warrior Bip L Hand"
			m00="0.953319" m10="-0.272597" m20="-0.129896" m30="0.155003"
			m01="-0.105536" m11="-0.703825" m21="0.70249" m31="0.228155"
			m02="-0.282921" m12="-0.655988" m22="-0.699739" m32="1.42756"
			m03="0" m13="0" m23="0" m33="1"/>
		<transform name="warrior Bip R Toe0"
			m00="0.965926" m10="-2.57018e-007" m20="-0.258817" m30="-0.110279"
			m01="-0.258817" m11="0.0" m21="-0.965926" m31="-0.264846"
			m02="2.52045e-007" m12="1.0" m22="-1.22692e-007" m32="0.00036831"
			m03="0" m13="0" m23="0" m33="1"/>
		<transform name="warrior Bip L Toe0"
			m00="0.88483" m10="-0.395691" m20="-0.245975" m30="0.406347"
			m01="-0.337199" m11="-0.179547" m21="-0.924153" m31="0.334415"
			m02="0.321516" m12="0.900661" m22="-0.292296" m32="0.284856"
			m03="0" m13="0" m23="0" m33="1"/>
		<transform name="warrior Bip Prop1"
			m00="0.762021" m10="0.134602" m20="-0.633408" m30="-0.569596"
			m01="-0.369985" m11="0.893275" m21="-0.255286" m31="-0.713312"
			m02="0.531446" m12="0.428884" m22="0.730495" m32="0.695469"
			m03="0" m13="0" m23="0" m33="1"/>
	</frame>
	<frame index="5">
		<transform name="warrior Bip Spine1"
			m00="-0.238829" m10="0.763304" m20="0.600273" m30="-0.401635"
			m01="-0.236581" m11="-0.645272" m21="0.726397" m31="-0.060443"
			m02="0.941801" m12="0.0314717" m22="0.334693" m32="1.12915"
			m03="0" m13="0" m23="0" m33="1"/>
		<transform name="warrior Bip Pelvis"
			m00="-0.293674" m10="0.819892" m20="0.49146" m30="-0.13769"
			m01="-0.312375" m11="-0.568217" m21="0.761283" m31="0.0341162"
			m02="0.903426" m12="0.0700489" m22="0.422984" m32="0.637664"
			m03="0" m13="0" m23="0" m33="1"/>
		<transform name="warrior Bip Neck"
			m00="0.370861" m10="0.708615" m20="0.600272" m30="-0.461435"
			m01="-0.623563" m11="-0.288989" m21="0.726398" m31="-0.119567"
			m02="0.688209" m12="-0.643701" m22="0.334691" m32="1.36472"
			m03="0" m13="0" m23="0" m33="1"/>
		<transform name="warrior Bip Head"
			m00="-0.505901" m10="0.782778" m20="0.362384" m30="-0.408194"
			m01="-0.199476" m11="-0.514889" m21="0.833726" m31="-0.209086"
			m02="0.83921" m12="0.349496" m22="0.416629" m32="1.46352"
			m03="0" m13="0" m23="0" m33="1"/>
		<transform name="warrior Bip R Clavicle"
			m00="-0.600271" m10="-0.763115" m20="0.239437" m30="-0.488847"
			m01="-0.726399" m11="0.645458" m21="0.236067" m31="-0.15287"
			m02="-0.334693" m12="-0.0322226" m22="-0.941776" m32="1.34931"
			m03="0" m13="0" m23="0" m33="1"/>
		<transform name="warrior Bip Spine"
			m00="-0.279383" m10="0.793273" m20="0.540983" m30="-0.339012"
			m01="-0.291754" m11="-0.606915" m21="0.739279" m31="0.00466559"
			m02="0.914781" m12="0.0487078" m22="0.401002" m32="0.924605"
			m03="0" m13="0" m23="0" m33="1"/>
		<transform name="warrior Bip R UpperArm"
			m00="-0.438354" m10="-0.0772936" m20="0.895473" m30="-0.61745"
			m01="-0.199407" m11="0.97983" m21="-0.0130393" m31="-0.308495"
			m02="-0.876403" m12="-0.18428" m22="-0.444925" m32="1.27761"
			m03="0" m13="0" m23="0" m33="1"/>
		<transform name="warrior Bip R Forearm"
			m00="-0.280223" m10="-0.345837" m20="0.895473" m30="-0.742074"
			m01="-0.793141" m11="0.608898" m21="-0.0130393" m31="-0.365186"
			m02="-0.540742" m12="-0.713891" m22="-0.444925" m32="1.02845"
			m03="0" m13="0" m23="0" m33="1"/>
		<transform name="warrior Bip R Hand"
			m00="-0.317488" m10="0.652572" m20="-0.688005" m30="-0.798501"
			m01="-0.795685" m11="-0.578013" m21="-0.181066" m31="-0.524898"
			m02="-0.515835" m12="0.489949" m22="0.702755" m32="0.919562"
			m03="0" m13="0" m23="0" m33="1"/>
		<transform name="warrior Bip Ponytail1"
			m00="0.799986" m10="0.478226" m20="0.362383" m30="-0.435965"
			m01="-0.507599" m11="0.217351" m21="0.833728" m31="-0.42413"
			m02="0.319946" m12="-0.850916" m22="0.416625" m32="1.91811"
			m03="0" m13="0" m23="0" m33="1"/>
		<transform name="warrior Bip L Thigh"
			m00="0.580221" m10="0.734596" m20="-0.351727" m30="-0.00391847"
			m01="0.276398" m11="-0.583823" m21="-0.763383" m31="0.241331"
			m02="-0.766125" m12="0.345715" m22="-0.541788" m32="0.752796"
			m03="0" m13="0" m23="0" m33="1"/>
		<transform name="warrior Bip L Calf"
			m00="0.454013" m10="0.818633" m20="-0.351727" m30="0.139653"
			m01="0.367027" m11="-0.531542" m21="-0.763383" m31="0.309724"
			m02="-0.811889" m12="0.217493" m22="-0.541788" m32="0.563225"
			m03="0" m13="0" m23="0" m33="1"/>
		<transform name="warrior Bip L Foot"
			m00="0.501682" m10="0.811218" m20="-0.300399" m30="0.211043"
			m01="0.188225" m11="-0.441308" m21="-0.877393" m31="0.367436"
			m02="-0.844326" m12="0.38363" m22="-0.374088" m32="0.435562"
			m03="0" m13="0" m23="0" m33="1"/>
		<transform name="warrior Bip R Thigh"
			m00="0.240763" m10="0.884236" m20="-0.400199" m30="-0.271462"
			m01="-0.087327" m11="-0.390921" m21="-0.916272" m31="-0.173099"
			m02="-0.966647" m12="0.255552" m22="-0.0169014" m32="0.522531"
			m03="0" m13="0" m23="0" m33="1"/>
		<transform name="warrior Bip R Calf"
			m00="-0.615657" m10="0.678828" m20="-0.400199" m30="-0.211888"
			m01="0.282469" m11="-0.284" m21="-0.916272" m31="-0.194707"
			m02="-0.735648" m12="-0.677153" m22="-0.0169014" m32="0.283342"
			m03="0" m13="0" m23="0" m33="1"/>
		<transform name="warrior Bip R Foot"
			m00="0.0202953" m10="0.865789" m20="-0.499998" m30="-0.308695"
			m01="-0.0117175" m11="-0.499861" m21="-0.866026" m31="-0.150291"
			m02="-0.999725" m12="0.023435" m22="0.0" m32="0.167667"
			m03="0" m13="0" m23="0" m33="1"/>
		<transform name="warrior Bip L Clavicle"
			m00="0.600271" m10="-0.763115" m20="-0.239437" m30="-0.433861"
			m01="0.726399" m11="0.645458" m21="-0.236067" m31="-0.0863304"
			m02="0.334693" m12="-0.0322226" m22="0.941776" m32="1.37997"
			m03="0" m13="0" m23="0" m33="1"/>
		<transform name="warrior Bip L UpperArm"
			m00="0.877003" m10="-0.476842" m20="0.0590471" m30="-0.305258"
			m01="0.412262" m11="0.683658" m21="-0.602205" m31="0.0692948"
			m02="0.246789" m12="0.552479" m22="0.796155" m32="1.45168"
			m03="0" m13="0" m23="0" m33="1"/>
		<transform name="warrior Bip L Forearm"
			m00="0.96084" m10="0.270741" m20="0.0590471" m30="-0.0559269"
			m01="-0.18202" m11="0.777314" m21="-0.602205" m31="0.186501"
			m02="-0.20894" m12="0.567875" m22="0.796155" m32="1.52184"
			m03="0" m13="0" m23="0" m33="1"/>
		<transform name="warrior Bip L Hand"
			m00="0.96084" m10="-0.27689" m20="-0.0109162" m30="0.137554"
			m01="-0.18202" m11="-0.660354" m21="0.728561" m31="0.149848"
			m02="-0.20894" m12="-0.698043" m22="-0.684894" m32="1.47977"
			m03="0" m13="0" m23="0" m33="1"/>
		<transform name="warrior Bip R Toe0"
			m00="0.965926" m10="-4.01412e-007" m20="-0.258817" m30="-0.110279"
			m01="-0.258817" m11="2.24645e-007" m21="-0.965926" m31="-0.264846"
			m02="4.58905e-007" m12="1.0" m22="0.0" m32="0.000368396"
			m03="0" m13="0" m23="0" m33="1"/>
		<transform name="warrior Bip L Toe0"
			m00="0.811218" m10="-0.501682" m20="-0.300399" m30="0.480271"
			m01="-0.441308" m11="-0.188225" m21="-0.877393" m31="0.300577"
			m02="0.38363" m12="0.844326" m22="-0.374088" m32="0.376178"
			m03="0" m13="0" m23="0" m33="1"/>
		<transform name="warrior Bip Prop1"
			m00="0.686722" m10="0.28006" m20="-0.670805" m30="-0.67774"
			m01="-0.529053" m11="0.825404" m21="-0.197002" m31="-0.673508"
			m02="0.498513" m12="0.490178" m22="0.71499" m32="0.638563"
			m03="0" m13="0" m23="0" m33="1"/>
	</frame>
	<frame index="6">
		<transform name="warrior Bip Spine1"
			m00="-0.290342" m10="0.705481" m20="0.646528" m30="-0.425178"
			m01="-0.273564" m11="-0.708628" m21="0.650391" m31="-0.0708808"
			m02="0.916986" m12="0.0119692" m22="0.398739" m32="1.12282"
			m03="0" m13="0" m23="0" m33="1"/>
		<transform name="warrior Bip Pelvis"
			m00="-0.348996" m10="0.777451" m20="0.523232" m30="-0.136389"
			m01="-0.342681" m11="-0.625543" m21="0.700903" m31="0.0333981"
			m02="0.872222" m12="0.065311" m22="0.48473" m32="0.647543"
			m03="0" m13="0" m23="0" m33="1"/>
		<transform name="warrior Bip Neck"
			m00="0.293548" m10="0.704153" m20="0.646528" m30="-0.497858"
			m01="-0.694513" m11="-0.307637" m21="0.650393" m31="-0.13925"
			m02="0.656872" m12="-0.639944" m22="0.398737" m32="1.35219"
			m03="0" m13="0" m23="0" m33="1"/>
		<transform name="warrior Bip Head"
			m00="-0.5838" m10="0.704395" m20="0.40374" m30="-0.455716"
			m01="-0.186285" m11="-0.600225" m21="0.777835" m31="-0.238955"
			m02="0.790238" m12="0.378889" m22="0.481629" m32="1.44649"
			m03="0" m13="0" m23="0" m33="1"/>
		<transform name="warrior Bip R Clavicle"
			m00="-0.646526" m10="-0.705251" m20="0.290904" m30="-0.527389"
			m01="-0.650393" m11="0.708844" m21="0.273" m31="-0.169074"
