<?xml version="1.0" encoding="ISO-8859-1" standalone="yes"?>

<!DOCTYPE animation [
	<!ELEMENT animation  (frame+)>
	<!ELEMENT frame      (transform+)>
	<!ELEMENT transform   EMPTY>
	<!ATTLIST frame index CDATA #REQUIRED>
	<!ATTLIST transform name CDATA #REQUIRED>
	<!ATTLIST transform m00 CDATA #REQUIRED>
	<!ATTLIST transform m01 CDATA #REQUIRED>
	<!ATTLIST transform m02 CDATA #REQUIRED>
	<!ATTLIST transform m03 CDATA #REQUIRED>
	<!ATTLIST transform m10 CDATA #REQUIRED>
	<!ATTLIST transform m11 CDATA #REQUIRED>
	<!ATTLIST transform m12 CDATA #REQUIRED>
	<!ATTLIST transform m13 CDATA #REQUIRED>
	<!ATTLIST transform m20 CDATA #REQUIRED>
	<!ATTLIST transform m21 CDATA #REQUIRED>
	<!ATTLIST transform m22 CDATA #REQUIRED>
	<!ATTLIST transform m23 CDATA #REQUIRED>
	<!ATTLIST transform m30 CDATA #REQUIRED>
	<!ATTLIST transform m31 CDATA #REQUIRED>
	<!ATTLIST transform m32 CDATA #REQUIRED>
	<!ATTLIST transform m33 CDATA #REQUIRED>
]>

<animation>
	<frame index="0">
		<transform name="warrior Bip Spine1"
			m00="0.0183339" m10="0.984793" m20="0.17276" m30="-0.263365"
			m01="0.0618396" m11="-0.173576" m21="0.982877" m31="0.03205"
			m02="0.997918" m12="-0.0073365" m22="-0.0640815" m32="1.07432"
			m03="0" m13="0" m23="0" m33="1"/>
		<transform name="warrior Bip Pelvis"
			m00="-1.87178e-007" m10="0.984808" m20="0.173645" m30="-0.138134"
			m01="-0.0376753" m11="-0.173522" m21="0.984109" m31="0.0244912"
			m02="0.99929" m12="-0.00654197" m22="0.037103" m32="0.52257"
			m03="0" m13="0" m23="0" m33="1"/>
		<transform name="warrior Bip Neck"
			m00="0.709318" m10="0.68339" m20="0.17276" m30="-0.258859"
			m01="-0.0790073" m11="-0.166464" m21="0.982877" m31="0.047532"
			m02="0.700447" m12="-0.710822" m22="-0.0640835" m32="1.32393"
			m03="0" m13="0" m23="0" m33="1"/>
		<transform name="warrior Bip Head"
			m00="-1.28949e-006" m10="1.0" m20="1.41398e-006" m30="-0.157028"
			m01="-0.037674" m11="-1.46649e-006" m21="0.99929" m31="0.0361896"
			m02="0.99929" m12="1.23457e-006" m22="0.037674" m32="1.42448"
			m03="0" m13="0" m23="0" m33="1"/>
		<transform name="warrior Bip R Clavicle"
			m00="-0.172758" m10="-0.984808" m20="-0.0175496" m30="-0.266693"
			m01="-0.982877" m11="0.173524" m21="-0.0619777" m31="0.00249619"
			m02="0.0640815" m12="0.00654202" m22="-0.997923" m32="1.32678"
			m03="0" m13="0" m23="0" m33="1"/>
		<transform name="warrior Bip Spine"
			m00="0.00557073" m10="0.984803" m20="0.173584" m30="-0.264414"
			m01="-0.0106716" m11="-0.173518" m21="0.984773" m31="0.0344016"
			m02="0.999928" m12="-0.00733831" m22="0.00954276" m32="0.850729"
			m03="0" m13="0" m23="0" m33="1"/>
		<transform name="warrior Bip R UpperArm"
			m00="-0.198962" m10="-0.906726" m20="0.371836" m30="-0.303705"
			m01="-0.701955" m11="0.396622" m21="0.591566" m31="-0.208077"
			m02="-0.683866" m12="-0.143313" m22="-0.715394" m32="1.34051"
			m03="0" m13="0" m23="0" m33="1"/>
		<transform name="warrior Bip R Forearm"
			m00="0.538747" m10="-0.755969" m20="0.371836" m30="-0.360269"
			m01="-0.765106" m11="-0.254287" m21="0.591566" m31="-0.407643"
			m02="-0.352653" m12="-0.603198" m22="-0.715394" m32="1.14609"
			m03="0" m13="0" m23="0" m33="1"/>
		<transform name="warrior Bip R Hand"
			m00="0.538747" m10="0.80924" m20="-0.23427" m30="-0.251784"
			m01="-0.765106" m11="0.353577" m21="-0.538141" m31="-0.561709"
			m02="-0.352653" m12="0.469164" m22="0.809643" m32="1.07508"
			m03="0" m13="0" m23="0" m33="1"/>
		<transform name="warrior Bip Ponytail1"
			m00="0.995228" m10="-0.0975722" m20="-1.63025e-006" m30="0.0908489"
			m01="0.00367728" m11="0.0374913" m21="0.99929" m31="0.019717"
			m02="-0.0975029" m12="-0.994522" m22="0.0376712" m32="1.86262"
			m03="0" m13="0" m23="0" m33="1"/>
		<transform name="warrior Bip L Thigh"
			m00="0.176052" m10="0.97078" m20="-0.163072" m30="-0.0908692"
			m01="-0.017217" m11="-0.162597" m21="-0.986542" m31="0.292358"
			m02="-0.98423" m12="0.17649" m22="-0.0119116" m32="0.532669"
			m03="0" m13="0" m23="0" m33="1"/>
		<transform name="warrior Bip L Calf"
			m00="-0.660602" m10="0.732812" m20="-0.163072" m30="-0.0473065"
			m01="0.118147" m11="-0.11303" m21="-0.986542" m31="0.288098"
			m02="-0.741382" m12="-0.670978" m22="-0.0119116" m32="0.289129"
			m03="0" m13="0" m23="0" m33="1"/>
		<transform name="warrior Bip L Foot"
			m00="-2.41222e-007" m10="1.0" m20="6.37706e-006" m30="-0.151181"
			m01="2.50816e-006" m11="6.37055e-006" m21="-1.0" m31="0.306675"
			m02="-1.0" m12="-2.4173e-007" m22="-2.50373e-006" m32="0.172552"
			m03="0" m13="0" m23="0" m33="1"/>
		<transform name="warrior Bip R Thigh"
			m00="-0.0165236" m10="0.982401" m20="-0.186053" m30="-0.1854"
			m01="0.175115" m11="-0.180358" m21="-0.967887" m31="-0.243375"
			m02="-0.984409" m12="-0.0485736" m22="-0.169053" m32="0.512471"
			m03="0" m13="0" m23="0" m33="1"/>
		<transform name="warrior Bip R Calf"
			m00="-0.749422" m10="0.635414" m20="-0.186053" m30="-0.189488"
			m01="0.251064" m11="0.012708" m21="-0.967887" m31="-0.200044"
			m02="-0.612645" m12="-0.772067" m22="-0.169053" m32="0.268887"
			m03="0" m13="0" m23="0" m33="1"/>
		<transform name="warrior Bip R Foot"
			m00="-2.45324e-007" m10="0.866026" m20="-0.499999" m30="-0.307329"
			m01="5.99233e-007" m11="-0.499999" m21="-0.866026" m31="-0.160567"
			m02="-1.0" m12="-5.08348e-007" m22="-3.93399e-007" m32="0.172553"
			m03="0" m13="0" m23="0" m33="1"/>
		<transform name="warrior Bip L Clavicle"
			m00="0.172758" m10="-0.984808" m20="0.0175497" m30="-0.250868"
			m01="0.982877" m11="0.173524" m21="0.0619778" m31="0.0925297"
			m02="-0.0640815" m12="0.00654202" m22="0.997923" m32="1.32091"
			m03="0" m13="0" m23="0" m33="1"/>
		<transform name="warrior Bip L UpperArm"
			m00="0.658965" m10="-0.366337" m20="0.656935" m30="-0.213856"
			m01="0.68114" m11="0.661133" m21="-0.314567" m31="0.303103"
			m02="-0.319084" m12="0.654752" m22="0.68519" m32="1.30718"
			m03="0" m13="0" m23="0" m33="1"/>
		<transform name="warrior Bip L Forearm"
			m00="0.742367" m10="0.131637" m20="0.656935" m30="-0.0265131"
			m01="0.111205" m11="0.942699" m21="-0.314567" m31="0.496751"
			m02="-0.6607" m12="0.306579" m22="0.68519" m32="1.21647"
			m03="0" m13="0" m23="0" m33="1"/>
		<transform name="warrior Bip L Hand"
			m00="0.742367" m10="-0.244209" m20="-0.623902" m30="0.122974"
			m01="0.111205" m11="-0.873376" m21="0.47418" m31="0.519144"
			m02="-0.6607" m12="-0.421397" m22="-0.621208" m32="1.08343"
			m03="0" m13="0" m23="0" m33="1"/>
		<transform name="warrior Bip R Toe0"
			m00="0.965926" m10="0.0" m20="-0.258817" m30="-0.112363"
			m01="-0.258817" m11="-4.49436e-007" m21="-0.965926" m31="-0.27313"
			m02="-1.60217e-007" m12="1.0" m22="-4.17841e-007" m32="-6.88209e-005"
			m03="0" m13="0" m23="0" m33="1"/>
		<transform name="warrior Bip L Toe0"
			m00="1.0" m10="2.41469e-007" m20="6.37706e-006" m30="0.0739461"
			m01="6.37055e-006" m11="-2.50817e-006" m21="-1.0" m31="0.306677"
			m02="-2.41976e-007" m12="1.0" m22="-2.50375e-006" m32="-6.98611e-005"
			m03="0" m13="0" m23="0" m33="1"/>
		<transform name="warrior Bip Prop1"
			m00="0.78473" m10="-0.582342" m20="-0.212311" m30="-0.0465192"
			m01="0.408591" m11="0.743567" m21="-0.529303" m31="-0.587011"
			m02="0.466103" m12="0.328611" m22="0.821439" m32="0.795576"
			m03="0" m13="0" m23="0" m33="1"/>
	</frame>
	<frame index="1">
		<transform name="warrior Bip Spine1"
			m00="0.00519895" m10="0.984967" m20="0.172664" m30="-0.297577"
			m01="0.0356901" m11="-0.172739" m21="0.984321" m31="0.0116945"
			m02="0.999349" m12="0.00104498" m22="-0.0360517" m32="1.07309"
			m03="0" m13="0" m23="0" m33="1"/>
		<transform name="warrior Bip Pelvis"
			m00="-0.0130583" m10="0.984972" m20="0.172222" m30="-0.165121"
			m01="-0.0638374" m11="-0.172707" m21="0.982902" m31="0.0186649"
			m02="0.997875" m12="0.00184077" m22="0.0651333" m32="0.523028"
			m03="0" m13="0" m23="0" m33="1"/>
		<transform name="warrior Bip Neck"
			m00="0.700153" m10="0.6928" m20="0.172663" m30="-0.296356"
			m01="-0.0969065" m11="-0.147383" m21="0.984321" m31="0.0206356"
			m02="0.707386" m12="-0.705908" m22="-0.0360537" m32="1.32306"
			m03="0" m13="0" m23="0" m33="1"/>
		<transform name="warrior Bip Head"
			m00="-0.0658907" m10="0.997767" m20="0.010925" m30="-0.195842"
			m01="-0.0476497" m11="-0.0140827" m21="0.998765" m31="0.00672365"
			m02="0.996688" m12="0.0652887" m22="0.0484713" m32="1.42461"
			m03="0" m13="0" m23="0" m33="1"/>
		<transform name="warrior Bip R Clavicle"
			m00="-0.172661" m10="-0.984971" m20="-0.0044146" m30="-0.304185"
			m01="-0.984321" m11="0.172708" m21="-0.0358276" m31="-0.0244641"
			m02="0.0360516" m12="-0.00184068" m22="-0.999348" m32="1.32463"
			m03="0" m13="0" m23="0" m33="1"/>
		<transform name="warrior Bip Spine"
			m00="-0.00752148" m10="0.984977" m20="0.172521" m30="-0.295699"
			m01="-0.0368563" m11="-0.172682" m21="0.984288" m31="0.0199013"
			m02="0.999292" m12="0.00104482" m22="0.0376014" m32="0.849649"
			m03="0" m13="0" m23="0" m33="1"/>
		<transform name="warrior Bip R UpperArm"
			m00="-0.226531" m10="-0.896285" m20="0.381257" m30="-0.341176"
			m01="-0.675257" m11="0.426611" m21="0.601689" m31="-0.235347"
			m02="-0.701934" m12="-0.121145" m22="-0.701864" m32="1.33236"
			m03="0" m13="0" m23="0" m33="1"/>
		<transform name="warrior Bip R Forearm"
			m00="0.493464" m10="-0.781752" m20="0.381257" m30="-0.405579"
			m01="-0.774456" m11="-0.195417" m21="0.601689" m31="-0.427322"
			m02="-0.395868" m12="-0.592179" m22="-0.701864" m32="1.1328"
			m03="0" m13="0" m23="0" m33="1"/>
		<transform name="warrior Bip R Hand"
			m00="0.493464" m10="0.83627" m20="-0.23905" m30="-0.306212"
			m01="-0.774456" m11="0.297375" m21="-0.558378" m31="-0.583271"
			m02="-0.395868" m12="0.460674" m22="0.794398" m32="1.05308"
			m03="0" m13="0" m23="0" m33="1"/>
		<transform name="warrior Bip Ponytail1"
			m00="0.99987" m10="0.0118456" m20="0.0109223" m30="0.0225833"
			m01="-0.0114829" m11="0.0483386" m21="0.998765" m31="-0.0176131"
			m02="0.011303" m12="-0.998761" m22="0.0484683" m32="1.87779"
			m03="0" m13="0" m23="0" m33="1"/>
		<transform name="warrior Bip L Thigh"
			m00="0.208623" m10="0.964323" m20="-0.162962" m30="-0.118243"
			m01="0.0156015" m11="-0.169889" m21="-0.98534" m31="0.286203"
			m02="-0.977872" m12="0.203023" m22="-0.0504877" m32="0.540756"
			m03="0" m13="0" m23="0" m33="1"/>
		<transform name="warrior Bip L Calf"
			m00="-0.629773" m10="0.759493" m20="-0.162962" m30="-0.0666209"
			m01="0.143274" m11="-0.0926177" m21="-0.98534" m31="0.290064"
			m02="-0.763451" m12="-0.643889" m22="-0.0504877" m32="0.29879"
			m03="0" m13="0" m23="0" m33="1"/>
		<transform name="warrior Bip L Foot"
			m00="0.0310132" m10="0.999494" m20="0.007056" m30="-0.165648"
			m01="0.0297317" m11="0.00613377" m21="-0.999539" m31="0.312592"
			m02="-0.999077" m12="0.0312087" m22="-0.0295264" m32="0.178743"
			m03="0" m13="0" m23="0" m33="1"/>
		<transform name="warrior Bip R Thigh"
			m00="0.09206" m10="0.965981" m20="-0.241674" m30="-0.211999"
			m01="0.166117" m11="-0.254202" m21="-0.952778" m31="-0.248873"
			m02="-0.981799" m12="0.0475665" m22="-0.183868" m32="0.505299"
			m03="0" m13="0" m23="0" m33="1"/>
		<transform name="warrior Bip R Calf"
			m00="-0.782648" m10="0.573634" m20="-0.241674" m30="-0.189219"
			m01="0.303408" m11="0.0125512" m21="-0.952778" m31="-0.207769"
			m02="-0.543512" m12="-0.819016" m22="-0.183868" m32="0.262361"
			m03="0" m13="0" m23="0" m33="1"/>
		<transform name="warrior Bip R Foot"
			m00="0.0291751" m10="0.866502" m20="-0.498321" m30="-0.312284"
			m01="-0.00145385" m11="-0.498495" m21="-0.866891" m31="-0.16006"
			m02="-0.999573" m12="0.0260162" m22="-0.0132839" m32="0.176898"
			m03="0" m13="0" m23="0" m33="1"/>
		<transform name="warrior Bip L Clavicle"
			m00="0.172661" m10="-0.984971" m20="0.00441461" m30="-0.288369"
			m01="0.984321" m11="0.172708" m21="0.0358277" m31="0.0657017"
			m02="-0.0360517" m12="-0.00184068" m22="0.999348" m32="1.32133"
			m03="0" m13="0" m23="0" m33="1"/>
		<transform name="warrior Bip L UpperArm"
			m00="0.619629" m10="-0.411226" m20="0.668545" m30="-0.251378"
			m01="0.727801" m11="0.619941" m21="-0.29322" m31="0.276585"
			m02="-0.293879" m12="0.668255" m22="0.683425" m32="1.31361"
			m03="0" m13="0" m23="0" m33="1"/>
		<transform name="warrior Bip L Forearm"
			m00="0.740896" m10="0.0641876" m20="0.668545" m30="-0.0752177"
			m01="0.183295" m11="0.93831" m21="-0.29322" m31="0.483498"
			m02="-0.646123" m12="0.339786" m22="0.683425" m32="1.23006"
			m03="0" m13="0" m23="0" m33="1"/>
		<transform name="warrior Bip L Hand"
			m00="0.740896" m10="-0.179819" m20="-0.647099" m30="0.0739737"
			m01="0.183295" m11="-0.872778" m21="0.452395" m31="0.520407"
			m02="-0.646123" m12="-0.453788" m22="-0.613678" m32="1.09995"
			m03="0" m13="0" m23="0" m33="1"/>
		<transform name="warrior Bip R Toe0"
			m00="0.96595" m10="-0.0293012" m20="-0.257063" m30="-0.112175"
			m01="-0.257131" m11="0.00150111" m21="-0.966375" m31="-0.272536"
			m02="0.0287018" m12="0.999569" m22="-0.00608425" m32="0.0102067"
			m03="0" m13="0" m23="0" m33="1"/>
		<transform name="warrior Bip L Toe0"
			m00="0.999492" m10="-0.0310665" m20="0.00716754" m30="0.0647189"
			m01="0.00613677" m11="-0.0331483" m21="-0.999432" m31="0.319105"
			m02="0.0312865" m12="0.998968" m22="-0.0329408" m32="0.0133064"
			m03="0" m13="0" m23="0" m33="1"/>
		<transform name="warrior Bip Prop1"
			m00="0.814293" m10="-0.538601" m20="-0.216416" m30="-0.109345"
			m01="0.353531" m11="0.7559" m21="-0.551027" m31="-0.606895"
			m02="0.460373" m12="0.372187" m22="0.805936" m32="0.767461"
			m03="0" m13="0" m23="0" m33="1"/>
	</frame>
	<frame index="2">
		<transform name="warrior Bip Spine1"
			m00="-0.00792909" m10="0.98503" m20="0.172199" m30="-0.331737"
			m01="0.00950439" m11="-0.172123" m21="0.98503" m31="-0.00858542"
			m02="0.999923" m12="0.00944704" m22="-0.00799734" m32="1.0713"
			m03="0" m13="0" m23="0" m33="1"/>
		<transform name="warrior Bip Pelvis"
			m00="-0.0260721" m10="0.985024" m20="0.170433" m30="-0.192092"
			m01="-0.0899612" m11="-0.172111" m21="0.980961" m31="0.0128695"
			m02="0.995604" m12="0.0102434" m22="0.0931013" m32="0.523387"
			m03="0" m13="0" m23="0" m33="1"/>
		<transform name="warrior Bip Neck"
			m00="0.690915" m10="0.702128" m20="0.172199" m30="-0.3338"
			m01="-0.114987" m11="-0.128431" m21="0.98503" m31="-0.00619416"
			m02="0.713733" m12="-0.700373" m22="-0.00799931" m32="1.32141"
			m03="0" m13="0" m23="0" m33="1"/>
		<transform name="warrior Bip Head"
			m00="-0.131294" m10="0.991084" m20="0.0226899" m30="-0.234612"
			m01="-0.0567567" m11="-0.0303653" m21="0.997926" m31="-0.0227018"
			m02="0.989717" m12="0.129734" m22="0.0602374" m32="1.42387"
			m03="0" m13="0" m23="0" m33="1"/>
		<transform name="warrior Bip R Clavicle"
			m00="-0.172197" m10="-0.985024" m20="0.00871349" m30="-0.341607"
			m01="-0.98503" m11="0.172112" m21="-0.00964141" m31="-0.0513242"
			m02="0.00799732" m12="-0.0102433" m22="-0.999916" m32="1.32169"
			m03="0" m13="0" m23="0" m33="1"/>
		<transform name="warrior Bip Spine"
			m00="-0.0205797" m10="0.98504" m20="0.171091" m30="-0.32694"
			m01="-0.0630232" m11="-0.172065" m21="0.983067" m31="0.00547249"
			m02="0.9978" m12="0.00944853" m22="0.0656215" m32="0.848187"
			m03="0" m13="0" m23="0" m33="1"/>
		<transform name="warrior Bip R UpperArm"
			m00="-0.253593" m10="-0.885134" m20="0.390164" m30="-0.378499"
			m01="-0.647156" m11="0.455032" m21="0.611666" m31="-0.262359"
			m02="-0.718944" m12="-0.0973827" m22="-0.688213" m32="1.32341"
			m03="0" m13="0" m23="0" m33="1"/>
		<transform name="warrior Bip R Forearm"
			m00="0.447112" m10="-0.804899" m20="0.390164" m30="-0.450595"
			m01="-0.779272" m11="-0.13638" m21="0.611666" m31="-0.446345"
			m02="-0.439119" m12="-0.577528" m22="-0.688213" m32="1.11901"
			m03="0" m13="0" m23="0" m33="1"/>
		<transform name="warrior Bip R Hand"
			m00="0.447112" m10="0.860616" m20="-0.243783" m30="-0.360562"
			m01="-0.779272" m11="0.240983" m21="-0.5785" m31="-0.603264"
			m02="-0.439119" m12="0.448628" m22="0.778401" m32="1.03059"
			m03="0" m13="0" m23="0" m33="1"/>
		<transform name="warrior Bip Ponytail1"
			m00="0.992403" m10="0.120917" m20="0.0226874" m30="-0.046529"
			m01="-0.0297671" m11="0.0570685" m21="0.997926" m31="-0.0550671"
			m02="0.119372" m12="-0.991021" m22="0.0602343" m32="1.88997"
			m03="0" m13="0" m23="0" m33="1"/>
		<transform name="warrior Bip L Thigh"
			m00="0.275669" m10="0.947402" m20="-0.162589" m30="-0.145701"
			m01="0.0599463" m11="-0.185757" m21="-0.980765" m31="0.279879"
			m02="-0.959382" m12="0.26062" m22="-0.108001" m32="0.548728"
			m03="0" m13="0" m23="0" m33="1"/>
		<transform name="warrior Bip L Calf"
			m00="-0.557784" m10="0.813905" m20="-0.162589" m30="-0.0774891"
			m01="0.18165" m11="-0.071434" m21="-0.980765" m31="0.294712"
			m02="-0.809864" m12="-0.57659" m22="-0.108001" m32="0.311337"
			m03="0" m13="0" m23="0" m33="1"/>
		<transform name="warrior Bip L Foot"
			m00="0.0937891" m10="0.995256" m20="0.0258447" m30="-0.165196"
			m01="0.0662295" m11="0.0196646" m21="-0.997611" m31="0.323275"
			m02="-0.993387" m12="0.0952767" m22="-0.064071" m32="0.183992"
			m03="0" m13="0" m23="0" m33="1"/>
		<transform name="warrior Bip R Thigh"
			m00="0.185684" m10="0.93596" m20="-0.299167" m30="-0.238483"
			m01="0.152444" m11="-0.328215" m21="-0.932221" m31="-0.25414"
			m02="-0.970712" m12="0.127492" m22="-0.203626" m32="0.498046"
			m03="0" m13="0" m23="0" m33="1"/>
		<transform name="warrior Bip R Calf"
			m00="-0.794752" m10="0.52808" m20="-0.299167" m30="-0.192537"
			m01="0.361537" m11="0.0159864" m21="-0.932221" m31="-0.216419"
			m02="-0.487504" m12="-0.849044" m22="-0.203626" m32="0.257851"
			m03="0" m13="0" m23="0" m33="1"/>
		<transform name="warrior Bip R Foot"
			m00="0.0591451" m10="0.866224" m20="-0.496144" m30="-0.317505"
			m01="-0.00269564" m11="-0.496873" m21="-0.867819" m31="-0.15957"
			m02="-0.998246" m12="0.0526647" m22="-0.0270526" m32="0.181195"
			m03="0" m13="0" m23="0" m33="1"/>
		<transform name="warrior Bip L Clavicle"
			m00="0.172197" m10="-0.985024" m20="-0.00871348" m30="-0.325833"
			m01="0.98503" m11="0.172112" m21="0.00964149" m31="0.0389065"
			m02="-0.00799741" m12="-0.0102433" m22="0.999916" m32="1.32096"
			m03="0" m13="0" m23="0" m33="1"/>
		<transform name="warrior Bip L UpperArm"
			m00="0.577721" m10="-0.454776" m20="0.677803" m30="-0.288942"
			m01="0.771153" m11="0.57626" m21="-0.270642" m31="0.249941"
			m02="-0.26751" m12="0.679045" m22="0.68362" m32="1.31925"
			m03="0" m13="0" m23="0" m33="1"/>
		<transform name="warrior Bip L Forearm"
			m00="0.735234" m10="-0.00373404" m20="0.677803" m30="-0.124696"
			m01="0.254217" m11="0.928508" m21="-0.270642" m31="0.469179"
			m02="-0.628335" m12="0.371294" m22="0.68362" m32="1.24319"
			m03="0" m13="0" m23="0" m33="1"/>
		<transform name="warrior Bip L Hand"
			m00="0.735234" m10="-0.114553" m20="-0.668063" m30="0.0233551"
			m01="0.254217" m11="-0.867065" m21="0.428453" m31="0.52037"
			m02="-0.628335" m12="-0.484846" m22="-0.608374" m32="1.11667"
			m03="0" m13="0" m23="0" m33="1"/>
		<transform name="warrior Bip R Toe0"
			m00="0.965099" m10="-0.059636" m20="-0.255005" m30="-0.112285"
			m01="-0.255293" m11="0.00287871" m21="-0.96686" m31="-0.271895"
			m02="0.0583937" m12="0.998216" m22="-0.0124464" m32="0.0207319"
			m03="0" m13="0" m23="0" m33="1"/>
		<transform name="warrior Bip L Toe0"
			m00="0.995228" m10="-0.0937376" m20="0.0271163" m30="0.0750529"
			m01="0.0196637" m11="-0.0795344" m21="-0.996638" m31="0.339135"
			m02="0.0955791" m12="0.992415" m22="-0.0773116" m32="0.033961"
			m03="0" m13="0" m23="0" m33="1"/>
		<transform name="warrior Bip Prop1"
			m00="0.841232" m10="-0.493648" m20="-0.220546" m30="-0.172418"
			m01="0.298033" m11="0.763718" m21="-0.572636" m31="-0.624209"
			m02="0.451116" m12="0.415989" m22="0.789587" m32="0.738942"
			m03="0" m13="0" m23="0" m33="1"/>
	</frame>
	<frame index="3">
		<transform name="warrior Bip Spine1"
			m00="-0.021039" m10="0.984983" m20="0.171366" m30="-0.36584"
			m01="-0.0166952" m11="-0.171726" m21="0.985003" m31="-0.0287772"
			m02="0.999639" m12="0.0178625" m22="0.0200574" m32="1.06897"
			m03="0" m13="0" m23="0" m33="1"/>
		<transform name="warrior Bip Pelvis"
			m00="-0.0390307" m10="0.984966" m20="0.168279" m30="-0.219047"
			m01="-0.116024" m11="-0.171736" m21="0.978287" m31="0.00710497"
			m02="0.992479" m12="0.0186587" m22="0.120983" m32="0.523689"
			m03="0" m13="0" m23="0" m33="1"/>
		<transform name="warrior Bip Neck"
			m00="0.681611" m10="0.711365" m20="0.171365" m30="-0.371182"
			m01="-0.133232" m11="-0.109624" m21="0.985003" m31="-0.0329393"
			m02="0.719482" m12="-0.694221" m22="0.0200555" m32="1.31901"
			m03="0" m13="0" m23="0" m33="1"/>
		<transform name="warrior Bip Head"
			m00="-0.195907" m10="0.97999" m20="0.0352208" m30="-0.273329"
			m01="-0.0647722" m11="-0.0487701" m21="0.996708" m31="-0.0520663"
			m02="0.978481" m12="0.192981" m22="0.0730305" m32="1.4223"
			m03="0" m13="0" m23="0" m33="1"/>
		<transform name="warrior Bip R Clavicle"
			m00="-0.171363" m10="-0.984966" m20="0.0218234" m30="-0.378949"
			m01="-0.985004" m11="0.171737" m21="0.0165585" m31="-0.078066"
			m02="-0.0200574" m12="-0.0186586" m22="-0.999625" m32="1.31801"
			m03="0" m13="0" m23="0" m33="1"/>
		<transform name="warrior Bip Spine"
			m00="-0.0335927" m10="0.984993" m20="0.169295" m30="-0.358132"
			m01="-0.0891498" m11="-0.171669" m21="0.981113" m31="-0.00887723"
			m02="0.995452" m12="0.0178656" m22="0.0935787" m32="0.846387"
			m03="0" m13="0" m23="0" m33="1"/>
		<transform name="warrior Bip R UpperArm"
			m00="-0.280133" m10="-0.873314" m20="0.398559" m30="-0.415662"
			m01="-0.617736" m11="0.481794" m21="0.621512" m31="-0.289095"
			m02="-0.734798" m12="-0.0720986" m22="-0.674444" m32="1.31371"
			m03="0" m13="0" m23="0" m33="1"/>
		<transform name="warrior Bip R Forearm"
			m00="0.399854" m10="-0.825389" m20="0.398559" m30="-0.495304"
			m01="-0.779558" m11="-0.0775398" m21="0.621512" m31="-0.464717"
			m02="-0.482085" m12="-0.559214" m22="-0.674444" m32="1.10481"
			m03="0" m13="0" m23="0" m33="1"/>
		<transform name="warrior Bip R Hand"
			m00="0.399854" m10="0.882257" m20="-0.248475" m30="-0.414787"
			m01="-0.779558" m11="0.184762" m21="-0.598458" m31="-0.621693"
			m02="-0.482085" m12="0.432997" m22="0.761648" m32="1.00774"
			m03="0" m13="0" m23="0" m33="1"/>
		<transform name="warrior Bip Ponytail1"
			m00="0.972953" m10="0.2283" m20="0.0352187" m30="-0.116335"
			m01="-0.0508886" m11="0.0631164" m21="0.996708" m31="-0.0925072"
			m02="0.225326" m12="-0.971543" m22="0.0730272" m32="1.89914"
			m03="0" m13="0" m23="0" m33="1"/>
		<transform name="warrior Bip L Thigh"
			m00="0.36905" m10="0.915829" m20="-0.158301" m30="-0.173243"
			m01="0.11156" m11="-0.212743" m21="-0.970719" m31="0.273387"
			m02="-0.92269" m12="0.340584" m22="-0.180683" m32="0.55662"
			m03="0" m13="0" m23="0" m33="1"/>
		<transform name="warrior Bip L Calf"
			m00="-0.445591" m10="0.88113" m20="-0.158301" m30="-0.0819244"
			m01="0.233529" m11="-0.0562992" m21="-0.970719" m31="0.300991"
			m02="-0.864241" m12="-0.469511" m22="-0.180683" m32="0.328307"
			m03="0" m13="0" m23="0" m33="1"/>
		<transform name="warrior Bip L Foot"
			m00="0.181671" m10="0.981809" m20="0.0551959" m30="-0.15199"
			m01="0.109073" m11="0.0356647" m21="-0.993394" m31="0.337712"
			m02="-0.977291" m12="0.186491" m22="-0.100609" m32="0.192412"
			m03="0" m13="0" m23="0" m33="1"/>
		<transform name="warrior Bip R Thigh"
			m00="0.26815" m10="0.894866" m20="-0.356807" m30="-0.264852"
			m01="0.135489" m11="-0.40172" m21="-0.905684" m31="-0.259177"
			m02="-0.953802" m12="0.194515" m22="-0.228966" m32="0.490759"
			m03="0" m13="0" m23="0" m33="1"/>
		<transform name="warrior Bip R Calf"
			m00="-0.791357" m10="0.49643" m20="-0.356807" m30="-0.198501"
			m01="0.423285" m11="0.0238006" m21="-0.905684" m31="-0.225651"
			m02="-0.441116" m12="-0.867751" m22="-0.228966" m32="0.254748"
			m03="0" m13="0" m23="0" m33="1"/>
		<transform name="warrior Bip R Foot"
			m00="0.0895306" m10="0.865136" m20="-0.493482" m30="-0.322935"
			m01="-0.00378774" m11="-0.495172" m21="-0.868787" m31="-0.159093"
			m02="-0.995977" m12="0.0796522" m22="-0.0410561" m32="0.185386"
			m03="0" m13="0" m23="0" m33="1"/>
		<transform name="warrior Bip L Clavicle"
			m00="0.171363" m10="-0.984966" m20="-0.0218234" m30="-0.363252"
			m01="0.985004" m11="0.171737" m21="-0.0165584" m31="0.0121623"
			m02="0.0200574" m12="-0.0186586" m22="0.999625" m32="1.31985"
			m03="0" m13="0" m23="0" m33="1"/>
		<transform name="warrior Bip L UpperArm"
			m00="0.533385" m10="-0.496812" m20="0.684601" m30="-0.326539"
			m01="0.811025" m11="0.530282" m21="-0.247062" m31="0.223191"
			m02="-0.240288" m12="0.687008" m22="0.685771" m32="1.32414"
			m03="0" m13="0" m23="0" m33="1"/>
		<transform name="warrior Bip L Forearm"
			m00="0.725374" m10="-0.0717892" m20="0.684601" m30="-0.174898"
			m01="0.32357" m11="0.91338" m21="-0.247062" m31="0.453765"
			m02="-0.607564" m12="0.400729" m22="0.685771" m32="1.25583"
			m03="0" m13="0" m23="0" m33="1"/>
		<transform name="warrior Bip L Hand"
			m00="0.725374" m10="-0.0487271" m20="-0.686628" m30="-0.0288321"
			m01="0.32357" m11="-0.856282" m21="0.402596" m31="0.518921"
			m02="-0.607564" m12="-0.514205" m22="-0.605358" m32="1.13349"
			m03="0" m13="0" m23="0" m33="1"/>
		<transform name="warrior Bip R Toe0"
			m00="0.963301" m10="-0.090588" m20="-0.252675" m30="-0.112715"
			m01="-0.253348" m11="0.00418058" m21="-0.967366" m31="-0.271223"
			m02="0.0886881" m12="0.99588" m22="-0.0189231" m32="0.0313908"
			m03="0" m13="0" m23="0" m33="1"/>
		<transform name="warrior Bip L Toe0"
			m00="0.981688" m10="-0.180649" m20="0.0604562" m30="0.100402"
			m01="0.0356294" m11="-0.137643" m21="-0.989841" m31="0.364569"
			m02="0.187135" m12="0.973869" m22="-0.128686" m32="0.0656947"
			m03="0" m13="0" m23="0" m33="1"/>
		<transform name="warrior Bip Prop1"
			m00="0.865519" m10="-0.447642" m20="-0.224707" m30="-0.235656"
			m01="0.242456" m11="0.767002" m21="-0.594073" m31="-0.638963"
			m02="0.438283" m12="0.4597" m22="0.772388" m32="0.710232"
			m03="0" m13="0" m23="0" m33="1"/>
	</frame>
	<frame index="4">
		<transform name="warrior Bip Spine1"
			m00="-0.0341195" m10="0.984825" m20="0.170166" m30="-0.399878"
			m01="-0.0428862" m11="-0.171551" m21="0.984241" m31="-0.0488684"
			m02="0.998497" m12="0.0262841" m22="0.0480886" m32="1.06616"
			m03="0" m13="0" m23="0" m33="1"/>
		<transform name="warrior Bip Pelvis"
			m00="-0.0519227" m10="0.984798" m20="0.165763" m30="-0.245987"
			m01="-0.142004" m11="-0.171581" m21="0.974882" m31="0.00137146"
			m02="0.988503" m12="0.0270795" m22="0.148755" m32="0.523978"
			m03="0" m13="0" m23="0" m33="1"/>
		<transform name="warrior Bip Neck"
			m00="0.67225" m10="0.720502" m20="0.170165" m30="-0.408492"
			m01="-0.151628" m11="-0.0909803" m21="0.984242" m31="-0.0595817"
			m02="0.72463" m12="-0.687459" m22="0.0480866" m32="1.31591"
			m03="0" m13="0" m23="0" m33="1"/>
		<transform name="warrior Bip Head"
			m00="-0.259433" m10="0.964545" m20="0.0484383" m30="-0.311983"
			m01="-0.0714821" m11="-0.0691961" m21="0.995039" m31="-0.0813495"
			m02="0.963112" m12="0.254684" m22="0.0868995" m32="1.41994"
			m03="0" m13="0" m23="0" m33="1"/>
		<transform name="warrior Bip R Clavicle"
			m00="-0.170163" m10="-0.984798" m20="0.0349037" m30="-0.416203"
			m01="-0.984242" m11="0.171582" m21="0.0427496" m31="-0.104671"
			m02="-0.0480886" m12="-0.0270793" m22="-0.998476" m32="1.31363"
			m03="0" m13="0" m23="0" m33="1"/>
		<transform name="warrior Bip Spine"
			m00="-0.0465494" m10="0.984835" m20="0.167135" m30="-0.389273"
			m01="-0.115214" m11="-0.171493" m21="0.978425" m31="-0.0231404"
			m02="0.992249" m12="0.0262889" m22="0.121449" m32="0.844293"
			m03="0" m13="0" m23="0" m33="1"/>
		<transform name="warrior Bip R UpperArm"
			m00="-0.306137" m10="-0.860863" m20="0.406443" m30="-0.452659"
			m01="-0.587092" m11="0.50681" m21="0.631242" m31="-0.315537"
			m02="-0.749402" m12="-0.0453731" m22="-0.660559" m32="1.30333"
			m03="0" m13="0" m23="0" m33="1"/>
		<transform name="warrior Bip R Forearm"
			m00="0.351849" m10="-0.843212" m20="0.406443" m30="-0.539694"
			m01="-0.775347" m11="-0.0192605" m21="0.631242" m31="-0.482447"
			m02="-0.524442" m12="-0.537236" m22="-0.660559" m32="1.09027"
			m03="0" m13="0" m23="0" m33="1"/>
		<transform name="warrior Bip R Hand"
			m00="0.351849" m10="0.901181" m20="-0.25313" m30="-0.468843"
			m01="-0.775347" m11="0.129074" m21="-0.618205" m31="-0.638575"
			m02="-0.524442" m12="0.413778" m22="0.744142" m32="0.984667"
			m03="0" m13="0" m23="0" m33="1"/>
		<transform name="warrior Bip Ponytail1"
			m00="0.941796" m10="0.332676" m20="0.0484365" m30="-0.186679"
			m01="-0.0744741" m11="0.0659595" m21="0.995039" m31="-0.129794"
			m02="0.327831" m12="-0.940732" m22="0.0868962" m32="1.90533"
			m03="0" m13="0" m23="0" m33="1"/>
		<transform name="warrior Bip L Thigh"
			m00="0.479231" m10="0.865424" m20="-0.146214" m30="-0.200868"
			m01="0.165125" m11="-0.252516" m21="-0.953399" m31="0.266727"
			m02="-0.862016" m12="0.432754" m22="-0.263917" m32="0.564467"
			m03="0" m13="0" m23="0" m33="1"/>
		<transform name="warrior Bip L Calf"
			m00="-0.29609" m10="0.943903" m20="-0.146214" m30="-0.0822859"
			m01="0.296731" m11="-0.0546047" m21="-0.953399" m31="0.307585"
			m02="-0.9079" m12="-0.325678" m22="-0.263917" m32="0.351168"
			m03="0" m13="0" m23="0" m33="1"/>
		<transform name="warrior Bip L Foot"
			m00="0.28694" m10="0.953361" m20="0.0936354" m30="-0.128844"
			m01="0.157319" m11="0.0495215" m21="-0.986305" m31="0.354244"
			m02="-0.944942" m12="0.297741" m22="-0.135772" m32="0.208408"
			m03="0" m13="0" m23="0" m33="1"/>
		<transform name="warrior Bip R Thigh"
			m00="0.341541" m10="0.844402" m20="-0.412716" m30="-0.291107"
			m01="0.11657" m11="-0.47379" m21="-0.872889" m31="-0.263984"
			m02="-0.93261" m12="0.250017" m22="-0.26025" m32="0.483488"
			m03="0" m13="0" m23="0" m33="1"/>
		<transform name="warrior Bip R Calf"
			m00="-0.775343" m10="0.478026" m20="-0.412716" m30="-0.206595"
			m01="0.486615" m11="0.0356426" m21="-0.872889" m31="-0.235139"
			m02="-0.402553" m12="-0.877622" m22="-0.26025" m32="0.252721"
			m03="0" m13="0" m23="0" m33="1"/>
		<transform name="warrior Bip R Foot"
			m00="0.11995" m10="0.863219" m20="-0.490372" m30="-0.328512"
			m01="-0.004796" m11="-0.493429" m21="-0.869773" m31="-0.158623"
			m02="-0.992768" m12="0.106681" m22="-0.0550471" m32="0.189423"
			m03="0" m13="0" m23="0" m33="1"/>
		<transform name="warrior Bip L Clavicle"
			m00="0.170163" m10="-0.984798" m20="-0.0349037" m30="-0.400616"
			m01="0.984242" m11="0.171582" m21="-0.0427495" m31="-0.0145128"
			m02="0.0480885" m12="-0.0270793" m22="0.998476" m32="1.31803"
			m03="0" m13="0" m23="0" m33="1"/>
		<transform name="warrior Bip L UpperArm"
			m00="0.486784" m10="-0.53716" m20="0.68884" m30="-0.36416"
			m01="0.847273" m11="0.482211" m21="-0.222713" m31="0.196353"
			m02="-0.212533" m12="0.692049" m22="0.689854" m32="1.32834"
			m03="0" m13="0" m23="0" m33="1"/>
		<transform name="warrior Bip L Forearm"
			m00="0.711338" m10="-0.139633" m20="0.68884" m30="-0.225768"
			m01="0.390972" m11="0.89305" m21="-0.222713" m31="0.437232"
			m02="-0.584071" m12="0.427742" m22="0.689854" m32="1.26791"
			m03="0" m13="0" m23="0" m33="1"/>
		<transform name="warrior Bip L Hand"
			m00="0.711338" m10="0.0173374" m20="-0.702636" m30="-0.0825286"
			m01="0.390972" m11="-0.840511" m21="0.375075" m31="0.51596"
			m02="-0.584071" m12="-0.541516" m22="-0.604666" m32="1.1503"
			m03="0" m13="0" m23="0" m33="1"/>
		<transform name="warrior Bip R Toe0"
			m00="0.960533" m10="-0.121718" m20="-0.250122" m30="-0.113472"
			m01="-0.251345" m11="0.00545078" m21="-0.967882" m31="-0.270535"
			m02="0.119172" m12="0.99255" m22="-0.0253576" m32="0.0420663"
			m03="0" m13="0" m23="0" m33="1"/>
		<transform name="warrior Bip L Toe0"
			m00="0.953041" m10="-0.283133" m20="0.107465" m30="0.135316"
			m01="0.0493984" m11="-0.204764" m21="-0.977564" m31="0.392549"
			m02="0.298786" m12="0.936967" m22="-0.181163" m32="0.11232"
			m03="0" m13="0" m23="0" m33="1"/>
		<transform name="warrior Bip Prop1"
			m00="0.887134" m10="-0.400744" m20="-0.228904" m30="-0.298976"
			m01="0.18716" m11="0.765767" m21="-0.615281" m31="-0.651183"
			m02="0.421857" m12="0.502996" m22="0.754342" m32="0.68155"
			m03="0" m13="0" m23="0" m33="1"/>
	</frame>
	<frame index="5">
		<transform name="warrior Bip Spine1"
			m00="-0.0471594" m10="0.984556" m20="0.168599" m30="-0.433846"
			m01="-0.069046" m11="-0.171596" m21="0.982745" m31="-0.0688467"
			m02="0.996498" m12="0.0347046" m22="0.076072" m32="1.06291"
			m03="0" m13="0" m23="0" m33="1"/>
		<transform name="warrior Bip Pelvis"
			m00="-0.0647373" m10="0.984519" m20="0.162886" m30="-0.272912"
			m01="-0.167879" m11="-0.171647" m21="0.970749" m31="-0.00433105"
			m02="0.98368" m12="0.0354986" m22="0.176392" m32="0.524294"
			m03="0" m13="0" m23="0" m33="1"/>
		<transform name="warrior Bip Neck"
			m00="0.66284" m10="0.729533" m20="0.168598" m30="-0.445722"
			m01="-0.170157" m11="-0.0725144" m21="0.982745" m31="-0.0861033"
			m02="0.729171" m12="-0.680091" m22="0.07607" m32="1.31216"
			m03="0" m13="0" m23="0" m33="1"/>
		<transform name="warrior Bip Head"
			m00="-0.321581" m10="0.944833" m20="0.062258" m30="-0.350564"
			m01="-0.0766832" m11="-0.0915215" m21="0.992846" m31="-0.110531"
			m02="0.943772" m12="0.314507" m22="0.101884" m32="1.41684"
			m03="0" m13="0" m23="0" m33="1"/>
		<transform name="warrior Bip R Clavicle"
			m00="-0.168596" m10="-0.984519" m20="0.0479434" m30="-0.45336"
			m01="-0.982745" m11="0.171648" m21="0.0689094" m31="-0.131122"
			m02="-0.076072" m12="-0.0354983" m22="-0.99647" m32="1.3086"
			m03="0" m13="0" m23="0" m33="1"/>
		<transform name="warrior Bip Spine"
			m00="-0.0594385" m10="0.984566" m20="0.164612" m30="-0.420359"
			m01="-0.141192" m11="-0.171538" m21="0.975007" m31="-0.0373098"
			m02="0.988196" m12="0.034711" m22="0.149209" m32="0.84195"
			m03="0" m13="0" m23="0" m33="1"/>
		<transform name="warrior Bip R UpperArm"
			m00="-0.331595" m10="-0.84782" m20="0.41382" m30="-0.48948"
			m01="-0.55532" m11="0.530003" m21="0.640872" m31="-0.341668"
			m02="-0.762669" m12="-0.017292" m22="-0.646557" m32="1.2923"
			m03="0" m13="0" m23="0" m33="1"/>
		<transform name="warrior Bip R Forearm"
			m00="0.303252" m10="-0.858366" m20="0.41382" m30="-0.583753"
			m01="-0.766702" m11="0.0380979" m21="0.640872" m31="-0.499544"
			m02="-0.565868" m12="-0.511622" m22="-0.646557" m32="1.07547"
			m03="0" m13="0" m23="0" m33="1"/>
		<transform name="warrior Bip R Hand"
			m00="0.303252" m10="0.91739" m20="-0.25775" m30="-0.522688"
			m01="-0.766702" m11="0.0742743" m21="-0.637692" m31="-0.653932"
			m02="-0.565868" m12="0.390998" m22="0.725888" m32="0.961526"
			m03="0" m13="0" m23="0" m33="1"/>
		<transform name="warrior Bip Ponytail1"
			m00="0.899352" m10="0.43277" m20="0.0622566" m30="-0.257402"
			m01="-0.100069" m11="0.0651294" m21="0.992847" m31="-0.166789"
			m02="0.425619" m12="-0.899149" m22="0.101881" m32="1.90858"
			m03="0" m13="0" m23="0" m33="1"/>
		<transform name="warrior Bip L Thigh"
			m00="0.595502" m10="0.793842" m20="-0.123256" m30="-0.228575"
			m01="0.214713" m11="-0.305121" m21="-0.927793" m31="0.259899"
			m02="-0.774129" m12="0.526038" m22="-0.352148" m32="0.572306"
			m03="0" m13="0" m23="0" m33="1"/>
		<transform name="warrior Bip L Calf"
			m00="-0.116878" m10="0.985468" m20="-0.123256" m30="-0.0812229"
			m01="0.365956" m11="-0.0726391" m21="-0.927793" m31="0.313028"
			m02="-0.923264" m12="-0.153545" m22="-0.352148" m32="0.380754"
			m03="0" m13="0" m23="0" m33="1"/>
		<transform name="warrior Bip L Foot"
			m00="0.400855" m10="0.905524" m20="0.139073" m30="-0.0996011"
			m01="0.209135" m11="0.0573486" m21="-0.976204" m31="0.370572"
			m02="-0.891952" m12="0.420401" m22="-0.166389" m32="0.235579"
			m03="0" m13="0" m23="0" m33="1"/>
		<transform name="warrior Bip R Thigh"
			m00="0.407309" m10="0.786082" m20="-0.464946" m30="-0.317248"
			m01="0.0968875" m11="-0.543407" m21="-0.833859" m31="-0.268561"
			m02="-0.908137" m12="0.294591" m22="-0.297496" m32="0.476282"
			m03="0" m13="0" m23="0" m33="1"/>
		<transform name="warrior Bip R Calf"
			m00="-0.748559" m10="0.472742" m20="-0.464946" m30="-0.216463"
			m01="0.549682" m11="0.0502814" m21="-0.833859" m31="-0.244587"
			m02="-0.370822" m12="-0.879765" m22="-0.297496" m32="0.251571"
			m03="0" m13="0" m23="0" m33="1"/>
		<transform name="warrior Bip R Foot"
			m00="0.150029" m10="0.860488" m20="-0.486879" m30="-0.334168"
			m01="-0.00579067" m11="-0.491679" m21="-0.870757" m31="-0.158154"
			m02="-0.988665" m12="0.133458" m22="-0.0687833" m32="0.193262"
			m03="0" m13="0" m23="0" m33="1"/>
		<transform name="warrior Bip L Clavicle"
			m00="0.168596" m10="-0.984519" m20="-0.0479434" m30="-0.437916"
			m01="0.982745" m11="0.171648" m21="-0.0689093" m31="-0.0411009"
			m02="0.0760719" m12="-0.0354983" m22="0.99647" m32="1.31556"
			m03="0" m13="0" m23="0" m33="1"/>
		<transform name="warrior Bip L UpperArm"
			m00="0.438091" m10="-0.575655" m20="0.690433" m30="-0.401796"
			m01="0.879779" m11="0.432265" m21="-0.19783" m31="0.169444"
			m02="-0.184568" m12="0.694095" m22="0.69582" m32="1.33186"
			m03="0" m13="0" m23="0" m33="1"/>
		<transform name="warrior Bip L Forearm"
			m00="0.693172" m10="-0.206917" m20="0.690433" m30="-0.277247"
			m01="0.456057" m11="0.867684" m21="-0.19783" m31="0.419565"
			m02="-0.558143" m12="0.452007" m22="0.69582" m32="1.27939"
			m03="0" m13="0" m23="0" m33="1"/>
		<transform name="warrior Bip L Hand"
			m00="0.693172" m10="0.0833116" m20="-0.715941" m30="-0.137666"
			m01="0.456057" m11="-0.819874" m21="0.346148" m31="0.511399"
			m02="-0.558143" m12="-0.56645" m22="-0.606309" m32="1.167"
			m03="0" m13="0" m23="0" m33="1"/>
		<transform name="warrior Bip R Toe0"
			m00="0.956823" m10="-0.152578" m20="-0.247408" m30="-0.11455"
			m01="-0.249326" m11="0.00673294" m21="-0.968396" m31="-0.269844"
			m02="0.149422" m12="0.988268" m22="-0.0315995" m32="0.0526419"
			m03="0" m13="0" m23="0" m33="1"/>
		<transform name="warrior Bip L Toe0"
			m00="0.904878" m10="-0.391606" m20="0.166855" m30="0.173453"
			m01="0.0570704" m11="-0.276832" m21="-0.959222" m31="0.419584"
			m02="0.421828" m12="0.877501" m22="-0.22815" m32="0.176252"
			m03="0" m13="0" m23="0" m33="1"/>
		<transform name="warrior Bip Prop1"
			m00="0.90607" m10="-0.353107" m20="-0.233138" m30="-0.362299"
			m01="0.132505" m11="0.760058" m21="-0.636203" m31="-0.660909"
			m02="0.401846" m12="0.545552" m22="0.735454" m32="0.65311"
			m03="0" m13="0" m23="0" m33="1"/>
	</frame>
	<frame index="6">
		<transform name="warrior Bip Spine1"
			m00="-0.0601475" m10="0.984177" m20="0.166666" m30="-0.467738"
			m01="-0.0951523" m11="-0.171861" m21="0.980515" m31="-0.0886998"
			m02="0.993644" m12="0.0431168" m22="0.103984" m32="1.05926"
			m03="0" m13="0" m23="0" m33="1"/>
		<transform name="warrior Bip Pelvis"
			m00="-0.0774633" m10="0.98413" m20="0.159651" m30="-0.299821"
