<?xml version="1.0" encoding="ISO-8859-1" standalone="yes"?>

<!DOCTYPE animation [
	<!ELEMENT animation  (frame+)>
	<!ELEMENT frame      (transform+)>
	<!ELEMENT transform   EMPTY>
	<!ATTLIST frame index CDATA #REQUIRED>
	<!ATTLIST transform name CDATA #REQUIRED>
	<!ATTLIST transform m00 CDATA #REQUIRED>
	<!ATTLIST transform m01 CDATA #REQUIRED>
	<!ATTLIST transform m02 CDATA #REQUIRED>
	<!ATTLIST transform m03 CDATA #REQUIRED>
	<!ATTLIST transform m10 CDATA #REQUIRED>
	<!ATTLIST transform m11 CDATA #REQUIRED>
	<!ATTLIST transform m12 CDATA #REQUIRED>
	<!ATTLIST transform m13 CDATA #REQUIRED>
	<!ATTLIST transform m20 CDATA #REQUIRED>
	<!ATTLIST transform m21 CDATA #REQUIRED>
	<!ATTLIST transform m22 CDATA #REQUIRED>
	<!ATTLIST transform m23 CDATA #REQUIRED>
	<!ATTLIST transform m30 CDATA #REQUIRED>
	<!ATTLIST transform m31 CDATA #REQUIRED>
	<!ATTLIST transform m32 CDATA #REQUIRED>
	<!ATTLIST transform m33 CDATA #REQUIRED>
]>

<animation>
	<frame index="0">
		<transform name="warrior Bip Spine1"
			m00="0.122168" m10="0.922705" m20="-0.365637" m30="-0.0918661"
			m01="0.229282" m11="0.332194" m21="0.914919" m31="-0.106573"
			m02="0.965663" m12="-0.195608" m22="-0.170976" m32="1.17984"
			m03="0" m13="0" m23="0" m33="1"/>
		<transform name="warrior Bip Pelvis"
			m00="0.28747" m10="0.919158" m20="-0.269277" m30="-0.124509"
			m01="-0.208907" m11="0.334547" m21="0.918932" m31="0.0323841"
			m02="0.934729" m12="-0.207911" m22="0.288191" m32="0.635019"
			m03="0" m13="0" m23="0" m33="1"/>
		<transform name="warrior Bip Neck"
			m00="0.122168" m10="0.922705" m20="-0.365637" m30="-0.0614238"
			m01="0.229282" m11="0.332194" m21="0.914919" m31="-0.0492791"
			m02="0.965663" m12="-0.195608" m22="-0.170976" m32="1.42133"
			m03="0" m13="0" m23="0" m33="1"/>
		<transform name="warrior Bip Head"
			m00="0.325706" m10="0.937624" m20="-0.121561" m30="-0.0438848"
			m01="0.0794256" m11="0.100983" m21="0.991713" m31="-0.0163631"
			m02="0.942129" m12="-0.332662" m22="-0.0415804" m32="1.55996"
			m03="0" m13="0" m23="0" m33="1"/>
		<transform name="warrior Bip R Clavicle"
			m00="0.365639" m10="-0.922801" m20="-0.121434" m30="-0.0445714"
			m01="-0.914918" m11="-0.332379" m21="-0.229018" m31="-0.0911453"
			m02="0.170976" m12="0.19484" m22="-0.965818" m32="1.42913"
			m03="0" m13="0" m23="0" m33="1"/>
		<transform name="warrior Bip Spine"
			m00="0.233615" m10="0.921037" m20="-0.311632" m30="-0.143919"
			m01="-0.056382" m11="0.332793" m21="0.941313" m31="-0.0938998"
			m02="0.970693" m12="-0.202335" m22="0.129675" m32="0.96275"
			m03="0" m13="0" m23="0" m33="1"/>
		<transform name="warrior Bip R UpperArm"
			m00="-0.0581318" m10="-0.952448" m20="-0.299105" m30="0.0337643"
			m01="-0.865865" m11="-0.101022" m21="0.489971" m31="-0.287159"
			m02="-0.496888" m12="0.287468" m22="-0.818819" m32="1.46576"
			m03="0" m13="0" m23="0" m33="1"/>
		<transform name="warrior Bip R Forearm"
			m00="0.833023" m10="-0.465412" m20="-0.299105" m30="0.0172371"
			m01="-0.284454" m11="-0.824023" m21="0.489971" m31="-0.533324"
			m02="-0.474508" m12="-0.323075" m22="-0.818819" m32="1.3245"
			m03="0" m13="0" m23="0" m33="1"/>
		<transform name="warrior Bip R Hand"
			m00="0.907004" m10="0.263036" m20="0.32887" m30="0.18498"
			m01="-0.0398181" m11="0.831006" m21="-0.554836" m31="-0.590603"
			m02="-0.419235" m12="0.490144" m22="0.7642" m32="1.22895"
			m03="0" m13="0" m23="0" m33="1"/>
		<transform name="warrior Bip Ponytail1"
			m00="0.744621" m10="-0.643048" m20="-0.178967" m30="0.331383"
			m01="0.154118" m11="-0.095243" m21="0.983451" m31="0.0435389"
			m02="-0.649451" m12="-0.759881" m22="0.0281854" m32="1.89053"
			m03="0" m13="0" m23="0" m33="1"/>
		<transform name="warrior Bip L Thigh"
			m00="-0.914766" m10="0.40276" m20="0.0314121" m30="-0.197804"
			m01="0.100633" m11="0.302485" m21="-0.947827" m31="0.28251"
			m02="-0.391249" m12="-0.863879" m22="-0.317234" m32="0.713461"
			m03="0" m13="0" m23="0" m33="1"/>
		<transform name="warrior Bip L Calf"
			m00="-0.994946" m10="-0.0953757" m20="0.0314121" m30="-0.424156"
			m01="-0.0599383" m11="0.3131" m21="-0.947827" m31="0.307411"
			m02="0.0805644" m12="-0.944919" m22="-0.317234" m32="0.61665"
			m03="0" m13="0" m23="0" m33="1"/>
		<transform name="warrior Bip L Foot"
			m00="-0.89128" m10="0.118754" m20="0.437627" m30="-0.580603"
			m01="-0.395929" m11="0.266649" m21="-0.878714" m31="0.297986"
			m02="-0.221044" m12="-0.95645" m22="-0.190641" m32="0.629318"
			m03="0" m13="0" m23="0" m33="1"/>
		<transform name="warrior Bip R Thigh"
			m00="0.604898" m10="0.765937" m20="-0.217805" m30="-0.0512147"
			m01="0.174595" m11="-0.394435" m21="-0.902185" m31="-0.217742"
			m02="-0.776926" m12="0.507703" m22="-0.372322" m32="0.556575"
			m03="0" m13="0" m23="0" m33="1"/>
		<transform name="warrior Bip R Calf"
			m00="0.591156" m10="0.776592" m20="-0.217805" m30="0.0984625"
			m01="0.181595" m11="-0.391262" m21="-0.902185" m31="-0.17454"
			m02="-0.785849" m12="0.49378" m22="-0.372322" m32="0.364331"
			m03="0" m13="0" m23="0" m33="1"/>
		<transform name="warrior Bip R Foot"
			m00="0.530026" m10="0.776457" m20="-0.340863" m30="0.191417"
			m01="-0.177244" m11="-0.29165" m21="-0.93996" m31="-0.145986"
			m02="-0.829251" m12="0.558619" m22="-0.0169602" m32="0.240763"
			m03="0" m13="0" m23="0" m33="1"/>
		<transform name="warrior Bip L Clavicle"
			m00="-0.365639" m10="-0.922801" m20="0.121434" m30="-0.0780645"
			m01="0.914918" m11="-0.332379" m21="0.229018" m31="-0.00733694"
			m02="-0.170976" m12="0.19484" m22="0.965818" m32="1.41347"
			m03="0" m13="0" m23="0" m33="1"/>
		<transform name="warrior Bip L UpperArm"
			m00="-0.751569" m10="-0.463699" m20="0.469178" m30="-0.1564"
			m01="0.476221" m11="-0.873563" m21="-0.10051" m31="0.188677"
			m02="0.456463" m12="0.147892" m22="0.877365" m32="1.37684"
			m03="0" m13="0" m23="0" m33="1"/>
		<transform name="warrior Bip L Forearm"
			m00="0.816038" m10="-0.33757" m20="0.469178" m30="-0.370071"
			m01="0.429114" m11="0.897641" m21="-0.10051" m31="0.324066"
			m02="-0.387224" m12="0.283351" m22="0.877365" m32="1.50661"
			m03="0" m13="0" m23="0" m33="1"/>
		<transform name="warrior Bip L Hand"
			m00="0.826188" m10="0.262791" m20="-0.498352" m30="-0.205748"
			m01="0.426793" m11="-0.869358" m21="0.249126" m31="0.410475"
			m02="-0.367778" m12="-0.418518" m22="-0.830411" m32="1.42864"
			m03="0" m13="0" m23="0" m33="1"/>
		<transform name="warrior Bip R Toe0"
			m00="0.776457" m10="-0.530026" m20="-0.340863" m30="0.457713"
			m01="-0.29165" m11="0.177244" m21="-0.93996" m31="-0.24224"
			m02="0.558619" m12="0.829251" m22="-0.0169602" m32="0.223376"
			m03="0" m13="0" m23="0" m33="1"/>
		<transform name="warrior Bip L Toe0"
			m00="-0.100307" m10="0.893544" m20="0.437627" m30="-0.707723"
			m01="0.162988" m11="0.44866" m21="-0.878714" m31="0.28967"
			m02="-0.981516" m12="-0.0168132" m22="-0.190641" m32="0.375838"
			m03="0" m13="0" m23="0" m33="1"/>
		<transform name="warrior Bip Prop1"
			m00="0.317411" m10="-0.898032" m20="0.304613" m30="0.323212"
			m01="0.818118" m11="0.0968965" m21="-0.566828" m31="-0.359186"
			m02="0.479514" m12="0.429127" m22="0.765452" m32="0.927429"
			m03="0" m13="0" m23="0" m33="1"/>
	</frame>
	<frame index="1">
		<transform name="warrior Bip Spine1"
			m00="0.130152" m10="0.937461" m20="-0.322843" m30="-0.109314"
			m01="0.232075" m11="0.287764" m21="0.929157" m31="-0.104933"
			m02="0.963951" m12="-0.195855" m22="-0.180108" m32="1.17419"
			m03="0" m13="0" m23="0" m33="1"/>
		<transform name="warrior Bip Pelvis"
			m00="0.276131" m10="0.934046" m20="-0.226516" m30="-0.134597"
			m01="-0.21711" m11="0.290207" m21="0.93201" m31="0.0321526"
			m02="0.936277" m12="-0.208178" m22="0.282926" m32="0.628551"
			m03="0" m13="0" m23="0" m33="1"/>
		<transform name="warrior Bip Neck"
			m00="0.130152" m10="0.937461" m20="-0.322843" m30="-0.0768762"
			m01="0.232075" m11="0.287764" m21="0.929157" m31="-0.0469361"
			m02="0.963951" m12="-0.195855" m22="-0.180108" m32="1.41525"
			m03="0" m13="0" m23="0" m33="1"/>
		<transform name="warrior Bip Head"
			m00="0.351113" m10="0.930992" m20="-0.0998689" m30="-0.0581918"
			m01="0.0862299" m11="0.0740557" m21="0.993519" m31="-0.0136192"
			m02="0.932354" m12="-0.357449" m22="-0.0542774" m32="1.55363"
			m03="0" m13="0" m23="0" m33="1"/>
		<transform name="warrior Bip R Clavicle"
			m00="0.322846" m10="-0.937563" m20="-0.129405" m30="-0.0619827"
			m01="-0.929156" m11="-0.287951" m21="-0.231845" m31="-0.0894595"
			m02="0.180107" m12="0.195088" m22="-0.964107" m32="1.42347"
			m03="0" m13="0" m23="0" m33="1"/>
		<transform name="warrior Bip Spine"
			m00="0.228972" m10="0.935834" m20="-0.267929" m30="-0.160327"
			m01="-0.0605225" m11="0.288395" m21="0.955597" m31="-0.0913431"
			m02="0.97155" m12="-0.20259" m22="0.122674" m32="0.95691"
			m03="0" m13="0" m23="0" m33="1"/>
		<transform name="warrior Bip R UpperArm"
			m00="-0.0467704" m10="-0.96078" m20="-0.27334" m30="0.00718445"
			m01="-0.863654" m11="-0.0985988" m21="0.494349" m31="-0.288524"
			m02="-0.501911" m12="0.259192" m22="-0.82517" m32="1.46206"
			m03="0" m13="0" m23="0" m33="1"/>
		<transform name="warrior Bip R Forearm"
			m00="0.838862" m10="-0.470741" m20="-0.27334" m30="-0.00611264"
			m01="-0.297302" m11="-0.816842" m21="0.494349" m31="-0.53406"
			m02="-0.455985" m12="-0.333426" m22="-0.82517" m32="1.31937"
			m03="0" m13="0" m23="0" m33="1"/>
		<transform name="warrior Bip R Hand"
			m00="0.915348" m10="0.260668" m20="0.306905" m30="0.162806"
			m01="-0.0538201" m11="0.834548" m21="-0.5483" m31="-0.593926"
			m02="-0.399051" m12="0.485368" m22="0.777931" m32="1.22755"
			m03="0" m13="0" m23="0" m33="1"/>
		<transform name="warrior Bip Ponytail1"
			m00="0.695184" m10="-0.700505" m20="-0.161285" m30="0.32658"
			m01="0.134054" m11="-0.0940958" m21="0.986497" m31="0.0425901"
			m02="-0.706222" m12="-0.707417" m22="0.0284915" m32="1.87377"
			m03="0" m13="0" m23="0" m33="1"/>
		<transform name="warrior Bip L Thigh"
			m00="-0.812169" m10="0.583239" m20="0.0146178" m30="-0.196253"
			m01="0.18389" m11="0.279687" m21="-0.942316" m31="0.285839"
			m02="-0.553684" m12="-0.762632" m22="-0.334405" m32="0.705561"
			m03="0" m13="0" m23="0" m33="1"/>
		<transform name="warrior Bip L Calf"
			m00="-0.993035" m10="-0.116912" m20="0.0146178" m30="-0.397218"
			m01="-0.0527858" m11="0.330536" m21="-0.942316" m31="0.331341"
			m02="0.105336" m12="-0.936524" m22="-0.334405" m32="0.568556"
			m03="0" m13="0" m23="0" m33="1"/>
		<transform name="warrior Bip L Foot"
			m00="-0.879045" m10="0.240275" m20="0.411761" m30="-0.553365"
			m01="-0.343901" m11="0.278575" m21="-0.896732" m31="0.32304"
			m02="-0.330169" m12="-0.929873" m22="-0.162249" m32="0.585119"
			m03="0" m13="0" m23="0" m33="1"/>
		<transform name="warrior Bip R Thigh"
			m00="0.723293" m10="0.643967" m20="-0.249306" m30="-0.0729413"
			m01="0.0727983" m11="-0.430127" m21="-0.899828" m31="-0.221533"
			m02="-0.686693" m12="0.632691" m22="-0.357987" m32="0.551541"
			m03="0" m13="0" m23="0" m33="1"/>
		<transform name="warrior Bip R Calf"
			m00="0.0925223" m10="0.963995" m20="-0.249306" m30="0.106032"
			m01="0.345837" m11="-0.265904" m21="-0.899828" m31="-0.20352"
			m02="-0.933722" m12="-0.00296506" m22="-0.357987" m32="0.381624"
			m03="0" m13="0" m23="0" m33="1"/>
		<transform name="warrior Bip R Foot"
			m00="0.472511" m10="0.814198" m20="-0.337363" m30="0.12058"
			m01="-0.155383" m11="-0.299833" m21="-0.941252" m31="-0.14914"
			m02="-0.867519" m12="0.497173" m22="-0.0151614" m32="0.234804"
			m03="0" m13="0" m23="0" m33="1"/>
		<transform name="warrior Bip L Clavicle"
			m00="-0.322846" m10="-0.937563" m20="0.129405" m30="-0.0915561"
			m01="0.929156" m11="-0.287951" m21="0.231845" m31="-0.00434687"
			m02="-0.180107" m12="0.195088" m22="0.964107" m32="1.40698"
			m03="0" m13="0" m23="0" m33="1"/>
		<transform name="warrior Bip L UpperArm"
			m00="-0.769469" m10="-0.485923" m20="0.414482" m30="-0.160723"
			m01="0.500954" m11="-0.861743" m21="-0.0802746" m31="0.194717"
			m02="0.396184" m12="0.145868" m22="0.90651" m32="1.36839"
			m03="0" m13="0" m23="0" m33="1"/>
		<transform name="warrior Bip L Forearm"
			m00="0.840845" m10="-0.348116" m20="0.414482" m30="-0.379483"
			m01="0.41481" m11="0.90636" m21="-0.0802746" m31="0.337138"
			m02="-0.347725" m12="0.23943" m22="0.90651" m32="1.48102"
			m03="0" m13="0" m23="0" m33="1"/>
		<transform name="warrior Bip L Hand"
			m00="0.849782" m10="0.260536" m20="-0.458248" m30="-0.210166"
			m01="0.412939" m11="-0.869353" m21="0.271491" m31="0.420667"
			m02="-0.327646" m12="-0.419937" m22="-0.846346" m32="1.41101"
			m03="0" m13="0" m23="0" m33="1"/>
		<transform name="warrior Bip R Toe0"
			m00="0.814198" m10="-0.472511" m20="-0.337363" m30="0.385444"
			m01="-0.299833" m11="0.155383" m21="-0.941252" m31="-0.243463"
			m02="0.497173" m12="0.867519" m22="-0.0151614" m32="0.196978"
			m03="0" m13="0" m23="0" m33="1"/>
		<transform name="warrior Bip L Toe0"
			m00="0.0341375" m10="0.910652" m20="0.411761" m30="-0.651015"
			m01="0.193096" m11="0.398228" m21="-0.896732" m31="0.32639"
			m02="-0.980586" m12="0.110122" m22="-0.162249" m32="0.318785"
			m03="0" m13="0" m23="0" m33="1"/>
		<transform name="warrior Bip Prop1"
			m00="0.315129" m10="-0.906026" m20="0.282509" m30="0.309753"
			m01="0.821004" m11="0.11093" m21="-0.560041" m31="-0.367667"
			m02="0.476073" m12="0.408426" m22="0.778808" m32="0.926235"
			m03="0" m13="0" m23="0" m33="1"/>
	</frame>
	<frame index="2">
		<transform name="warrior Bip Spine1"
			m00="0.137517" m10="0.950776" m20="-0.277695" m30="-0.128909"
			m01="0.236847" m11="0.240662" m21="0.941268" m31="-0.10338"
			m02="0.961766" m12="-0.195211" m22="-0.192093" m32="1.16718"
			m03="0" m13="0" m23="0" m33="1"/>
		<transform name="warrior Bip Pelvis"
			m00="0.263647" m10="0.947508" m20="-0.180882" m30="-0.14639"
			m01="-0.22707" m11="0.243208" m21="0.943021" m31="0.0320744"
			m02="0.937512" m12="-0.207552" m22="0.279272" m32="0.620935"
			m03="0" m13="0" m23="0" m33="1"/>
		<transform name="warrior Bip Neck"
			m00="0.137517" m10="0.950776" m20="-0.277695" m30="-0.0946317"
			m01="0.236847" m11="0.240662" m21="0.941268" m31="-0.0441836"
			m02="0.961766" m12="-0.195211" m22="-0.192093" m32="1.4077"
			m03="0" m13="0" m23="0" m33="1"/>
		<transform name="warrior Bip Head"
			m00="0.380563" m10="0.921563" m20="-0.0767663" m30="-0.0748897"
			m01="0.0916316" m11="0.0450252" m21="0.994775" m31="-0.0101816"
			m02="0.920204" m12="-0.385608" m22="-0.0673094" m32="1.54577"
			m03="0" m13="0" m23="0" m33="1"/>
		<transform name="warrior Bip R Clavicle"
			m00="0.277698" m10="-0.950884" m20="-0.136759" m30="-0.0818038"
			m01="-0.941267" m11="-0.240853" m21="-0.236655" m31="-0.087267"
			m02="0.192092" m12="0.194446" m22="-0.961921" m32="1.41647"
			m03="0" m13="0" m23="0" m33="1"/>
		<transform name="warrior Bip Spine"
			m00="0.223411" m10="0.949197" m20="-0.221613" m30="-0.178675"
			m01="-0.064839" m11="0.241328" m21="0.968275" m31="-0.0888334"
			m02="0.972565" m12="-0.201954" m22="0.11546" m32="0.949677"
			m03="0" m13="0" m23="0" m33="1"/>
		<transform name="warrior Bip R UpperArm"
			m00="-0.0370387" m10="-0.968603" m20="-0.245839" m30="-0.0223098"
			m01="-0.861223" m11="-0.0938415" m21="0.499489" m31="-0.288926"
			m02="-0.506876" m12="0.230222" m22="-0.830707" m32="1.45763"
			m03="0" m13="0" m23="0" m33="1"/>
		<transform name="warrior Bip R Forearm"
			m00="0.843534" m10="-0.477509" m20="-0.245839" m30="-0.0328403"
			m01="-0.311942" m11="-0.80821" m21="0.499489" m31="-0.533771"
			m02="-0.4372" m12="-0.344648" m22="-0.830707" m32="1.31352"
			m03="0" m13="0" m23="0" m33="1"/>
		<transform name="warrior Bip R Hand"
			m00="0.923021" m10="0.260561" m20="0.283089" m30="0.13702"
			m01="-0.0698811" m11="0.837072" m21="-0.542611" m31="-0.596585"
			m02="-0.378349" m12="0.481059" m22="0.790844" m32="1.22548"
			m03="0" m13="0" m23="0" m33="1"/>
		<transform name="warrior Bip Ponytail1"
			m00="0.639962" m10="-0.755476" m20="-0.140372" m30="0.320466"
			m01="0.112827" m11="-0.0883133" m21="0.989682" m31="0.0411981"
			m02="-0.760078" m12="-0.649197" m22="0.0287211" m32="1.85359"
			m03="0" m13="0" m23="0" m33="1"/>
		<transform name="warrior Bip L Thigh"
			m00="-0.664122" m10="0.747616" m20="0.00335677" m30="-0.195624"
			m01="0.257596" m11="0.233038" m21="-0.93773" m31="0.288757"
			m02="-0.701845" m12="-0.621903" m22="-0.347348" m32="0.69695"
			m03="0" m13="0" m23="0" m33="1"/>
		<transform name="warrior Bip L Calf"
			m00="-0.988002" m10="-0.154405" m20="0.00335677" m30="-0.359955"
			m01="-0.056743" m11="0.342699" m21="-0.93773" m31="0.352497"
			m02="0.14364" m12="-0.92667" m22="-0.347348" m32="0.523284"
			m03="0" m13="0" m23="0" m33="1"/>
		<transform name="warrior Bip L Foot"
			m00="-0.850809" m10="0.360654" m20="0.38217" m30="-0.515311"
			m01="-0.294144" m11="0.275792" m21="-0.915105" m31="0.343575"
			m02="-0.435436" m12="-0.890993" m22="-0.128562" m32="0.54587"
			m03="0" m13="0" m23="0" m33="1"/>
		<transform name="warrior Bip R Thigh"
			m00="0.717254" m10="0.637213" m20="-0.281969" m30="-0.0971551"
			m01="0.03059" m11="-0.43306" m21="-0.900846" m31="-0.224609"
			m02="-0.69614" m12="0.637509" m22="-0.330107" m32="0.54492"
			m03="0" m13="0" m23="0" m33="1"/>
		<transform name="warrior Bip R Calf"
			m00="-0.0649117" m10="0.957225" m20="-0.281969" m30="0.0803236"
			m01="0.361192" m11="-0.240869" m21="-0.900846" m31="-0.217039"
			m02="-0.93023" m12="-0.16032" m22="-0.330107" m32="0.372665"
			m03="0" m13="0" m23="0" m33="1"/>
		<transform name="warrior Bip R Foot"
			m00="0.362957" m10="0.866571" m20="-0.342515" m30="0.0701165"
			m01="-0.12263" m11="-0.319962" m21="-0.93946" m31="-0.160245"
			m02="-0.923701" m12="0.382986" m22="-0.00986454" m32="0.226394"
			m03="0" m13="0" m23="0" m33="1"/>
		<transform name="warrior Bip L Clavicle"
			m00="-0.277698" m10="-0.950884" m20="0.136759" m30="-0.107242"
			m01="0.941267" m11="-0.240853" m21="0.236655" m31="-0.00104506"
			m02="-0.192093" m12="0.194446" m22="0.961921" m32="1.39888"
			m03="0" m13="0" m23="0" m33="1"/>
		<transform name="warrior Bip L UpperArm"
			m00="-0.781996" m10="-0.509371" m20="0.359198" m30="-0.166736"
			m01="0.526055" m11="-0.848474" m21="-0.0579473" m31="0.200614"
			m02="0.334287" m12="0.143643" m22="0.931461" m32="1.35772"
			m03="0" m13="0" m23="0" m33="1"/>
		<transform name="warrior Bip L Forearm"
			m00="0.863489" m10="-0.354068" m20="0.359198" m30="-0.389057"
			m01="0.399292" m11="0.914991" m21="-0.0579473" m31="0.350171"
			m02="-0.308145" m12="0.193462" m22="0.931461" m32="1.45276"
			m03="0" m13="0" m23="0" m33="1"/>
		<transform name="warrior Bip L Hand"
			m00="0.871201" m10="0.25819" m20="-0.417548" m30="-0.21518"
			m01="0.397917" m11="-0.869518" m21="0.292577" m31="0.430575"
			m02="-0.287525" m12="-0.421043" m22="-0.860263" m32="1.39071"
			m03="0" m13="0" m23="0" m33="1"/>
		<transform name="warrior Bip R Toe0"
			m00="0.866571" m10="-0.362957" m20="-0.342515" m30="0.327859"
			m01="-0.319962" m11="0.12263" m21="-0.93946" m31="-0.253446"
			m02="0.382986" m12="0.923701" m22="-0.00986454" m32="0.153164"
			m03="0" m13="0" m23="0" m33="1"/>
		<transform name="warrior Bip L Toe0"
			m00="0.186177" m10="0.905143" m20="0.38217" m30="-0.580986"
			m01="0.212517" m11="0.342664" m21="-0.915105" m31="0.354888"
			m02="-0.959257" m12="0.251589" m22="-0.128562" m32="0.270118"
			m03="0" m13="0" m23="0" m33="1"/>
		<transform name="warrior Bip Prop1"
			m00="0.315036" m10="-0.913188" m20="0.258534" m30="0.293283"
			m01="0.822749" m11="0.12698" m21="-0.55404" m31="-0.375801"
			m02="0.473114" m12="0.387251" m22="0.791328" m32="0.924798"
			m03="0" m13="0" m23="0" m33="1"/>
	</frame>
	<frame index="3">
		<transform name="warrior Bip Spine1"
			m00="0.145313" m10="0.962273" m20="-0.230033" m30="-0.149466"
			m01="0.241973" m11="0.190875" m21="0.951323" m31="-0.101667"
			m02="0.95934" m12="-0.193902" m22="-0.205107" m32="1.15911"
			m03="0" m13="0" m23="0" m33="1"/>
		<transform name="warrior Bip Pelvis"
			m00="0.249893" m10="0.959167" m20="-0.132488" m30="-0.158778"
			m01="-0.238274" m11="0.193537" m21="0.951719" m31="0.0323033"
			m02="0.938498" m12="-0.206259" m22="0.276908" m32="0.612431"
			m03="0" m13="0" m23="0" m33="1"/>
		<transform name="warrior Bip Neck"
			m00="0.145313" m10="0.962273" m20="-0.230033" m30="-0.113241"
			m01="0.241973" m11="0.190875" m21="0.951323" m31="-0.041184"
			m02="0.95934" m12="-0.193902" m22="-0.205107" m32="1.39902"
			m03="0" m13="0" m23="0" m33="1"/>
		<transform name="warrior Bip Head"
			m00="0.412294" m10="0.909557" m20="-0.0521458" m30="-0.0923791"
			m01="0.0939662" m11="0.0144773" m21="0.99547" m31="-0.00644622"
			m02="0.906192" m12="-0.415326" m22="-0.0794987" m32="1.53674"
			m03="0" m13="0" m23="0" m33="1"/>
		<transform name="warrior Bip R Clavicle"
			m00="0.230036" m10="-0.962388" m20="-0.144547" m30="-0.102594"
			m01="-0.951323" m11="-0.19107" m21="-0.24182" m31="-0.0847337"
			m02="0.205106" m12="0.193138" m22="-0.959494" m32="1.40839"
			m03="0" m13="0" m23="0" m33="1"/>
		<transform name="warrior Bip Spine"
			m00="0.217244" m10="0.960747" m20="-0.172541" m30="-0.19785"
			m01="-0.0697058" m11="0.19158" m21="0.978998" m31="-0.086043"
			m02="0.973625" m12="-0.200655" m22="0.108589" m32="0.941368"
			m03="0" m13="0" m23="0" m33="1"/>
		<transform name="warrior Bip R UpperArm"
			m00="-0.0288036" m10="-0.975833" m20="-0.216611" m30="-0.0533109"
			m01="-0.858813" m11="-0.086725" m21="0.504895" m31="-0.288547"
			m02="-0.511479" m12="0.200571" m22="-0.83556" m32="1.45233"
			m03="0" m13="0" m23="0" m33="1"/>
		<transform name="warrior Bip R Forearm"
			m00="0.84693" m10="-0.485582" m20="-0.216611" m30="-0.0615001"
			m01="-0.328522" m11="-0.798219" m21="0.504895" m31="-0.532707"
			m02="-0.418071" m12="-0.356449" m22="-0.83556" m32="1.30692"
			m03="0" m13="0" m23="0" m33="1"/>
		<transform name="warrior Bip R Hand"
			m00="0.929885" m10="0.262672" m20="0.257522" m30="0.109044"
			m01="-0.0881465" m11="0.838788" m21="-0.537275" m31="-0.59886"
			m02="-0.357133" m12="0.476904" m22="0.80313" m32="1.22273"
			m03="0" m13="0" m23="0" m33="1"/>
		<transform name="warrior Bip Ponytail1"
			m00="0.580459" m10="-0.80596" m20="-0.116174" m30="0.313918"
			m01="0.092163" m11="-0.0767265" m21="0.992783" m31="0.0383824"
			m02="-0.809057" m12="-0.586977" m22="0.0297431" m32="1.83104"
			m03="0" m13="0" m23="0" m33="1"/>
		<transform name="warrior Bip L Thigh"
			m00="-0.476863" m10="0.878961" m20="-0.0054357" m30="-0.19484"
			m01="0.313475" m11="0.164286" m21="-0.935277" m31="0.291354"
			m02="-0.821179" m12="-0.447703" m22="-0.353875" m32="0.687802"
			m03="0" m13="0" m23="0" m33="1"/>
		<transform name="warrior Bip L Calf"
			m00="-0.980289" m10="-0.197496" m20="-0.0054357" m30="-0.312836"
			m01="-0.064907" m11="0.347914" m21="-0.935277" m31="0.368921"
			m02="0.186604" m12="-0.916489" m22="-0.353875" m32="0.484608"
			m03="0" m13="0" m23="0" m33="1"/>
		<transform name="warrior Bip L Foot"
			m00="-0.807421" m10="0.477439" m20="0.346588" m30="-0.466979"
			m01="-0.246832" m11="0.260204" m21="-0.933471" m31="0.358715"
			m02="-0.535859" m12="-0.839253" m22="-0.092247" m32="0.51395"
			m03="0" m13="0" m23="0" m33="1"/>
		<transform name="warrior Bip R Thigh"
			m00="0.684052" m10="0.655775" m20="-0.319425" m30="-0.122716"
			m01="-0.00155738" m11="-0.436594" m21="-0.899657" m31="-0.226747"
			m02="-0.729432" m12="0.61591" m22="-0.297632" m32="0.537059"
			m03="0" m13="0" m23="0" m33="1"/>
		<transform name="warrior Bip R Calf"
			m00="-0.143759" m10="0.936643" m20="-0.319425" m30="0.0465474"
			m01="0.356458" m11="-0.252101" m21="-0.899657" m31="-0.227132"
			m02="-0.923185" m12="-0.243195" m22="-0.297632" m32="0.356567"
			m03="0" m13="0" m23="0" m33="1"/>
		<transform name="warrior Bip R Foot"
			m00="0.241811" m10="0.904546" m20="-0.351175" m30="0.0239424"
			m01="-0.0853699" m11="-0.34068" m21="-0.936295" m31="-0.171082"
			m02="-0.966561" m12="0.256386" m22="-0.00515901" m32="0.211403"
			m03="0" m13="0" m23="0" m33="1"/>
		<transform name="warrior Bip L Clavicle"
			m00="-0.230036" m10="-0.962388" m20="0.144547" m30="-0.123666"
			m01="0.951323" m11="-0.19107" m21="0.24182" m31="0.00240931"
			m02="-0.205106" m12="0.193138" m22="0.959494" m32="1.3896"
			m03="0" m13="0" m23="0" m33="1"/>
		<transform name="warrior Bip L UpperArm"
			m00="-0.788816" m10="-0.53417" m20="0.304028" m30="-0.172949"
			m01="0.551616" m11="-0.83344" m21="-0.0331385" m31="0.206223"
			m02="0.27109" m12="0.141566" m22="0.952087" m32="1.34566"
			m03="0" m13="0" m23="0" m33="1"/>
		<transform name="warrior Bip L Forearm"
			m00="0.884013" m10="-0.355088" m20="0.304028" m30="-0.397209"
			m01="0.38232" m11="0.923436" m21="-0.0331385" m31="0.363046"
			m02="-0.268983" m12="0.145531" m22="0.952087" m32="1.42273"
			m03="0" m13="0" m23="0" m33="1"/>
		<transform name="warrior Bip L Hand"
			m00="0.890504" m10="0.255426" m20="-0.37651" m30="-0.219199"
			m01="0.381496" m11="-0.870125" m21="0.311999" m31="0.440033"
			m02="-0.247918" m12="-0.421474" m22="-0.872294" m32="1.36857"
			m03="0" m13="0" m23="0" m33="1"/>
		<transform name="warrior Bip R Toe0"
			m00="0.904546" m10="-0.241811" m20="-0.351175" m30="0.269322"
			m01="-0.34068" m11="0.0853699" m21="-0.936295" m31="-0.262515"
			m02="0.256386" m12="0.966561" m22="-0.00515901" m32="0.102273"
			m03="0" m13="0" m23="0" m33="1"/>
		<transform name="warrior Bip L Toe0"
			m00="0.341821" m10="0.873519" m20="0.346588" m30="-0.498872"
			m01="0.217268" m11="0.285355" m21="-0.933471" m31="0.374685"
			m02="-0.914305" m12="0.394382" m22="-0.092247" m32="0.23251"
			m03="0" m13="0" m23="0" m33="1"/>
		<transform name="warrior Bip Prop1"
			m00="0.317083" m10="-0.919383" m20="0.232792" m30="0.275154"
			m01="0.823561" m11="0.145195" m21="-0.54833" m31="-0.384039"
			m02="0.470325" m12="0.365585" m22="0.803207" m32="0.923007"
			m03="0" m13="0" m23="0" m33="1"/>
	</frame>
	<frame index="4">
		<transform name="warrior Bip Spine1"
			m00="0.154217" m10="0.971417" m20="-0.180463" m30="-0.170608"
			m01="0.245204" m11="0.139305" m21="0.959411" m31="-0.0994777"
			m02="0.957127" m12="-0.192208" m22="-0.216712" m32="1.15033"
			m03="0" m13="0" m23="0" m33="1"/>
		<transform name="warrior Bip Pelvis"
			m00="0.235072" m10="0.968482" m20="-0.0823611" m30="-0.17162"
			m01="-0.249814" m11="0.142089" m21="0.957812" m31="0.0330607"
			m02="0.939326" m12="-0.20458" m22="0.275342" m32="0.603347"
			m03="0" m13="0" m23="0" m33="1"/>
		<transform name="warrior Bip Neck"
			m00="0.154217" m10="0.971417" m20="-0.180463" m30="-0.132157"
			m01="0.245204" m11="0.139305" m21="0.959411" m31="-0.0381804"
			m02="0.957127" m12="-0.192208" m22="-0.216712" m32="1.38968"
			m03="0" m13="0" m23="0" m33="1"/>
		<transform name="warrior Bip Head"
			m00="0.443422" m10="0.89593" m20="-0.0261949" m30="-0.110017"
			m01="0.0917626" m11="-0.0163056" m21="0.995647" m31="-0.00297863"
			m02="0.891603" m12="-0.443896" m22="-0.0894431" m32="1.52709"
			m03="0" m13="0" m23="0" m33="1"/>
		<transform name="warrior Bip R Clavicle"
			m00="0.180466" m10="-0.971539" m20="-0.153443" m30="-0.123781"
			m01="-0.95941" m11="-0.139503" m21="-0.245093" m31="-0.0821064"
			m02="0.216712" m12="0.191446" m22="-0.95728" m32="1.39958"
			m03="0" m13="0" m23="0" m33="1"/>
		<transform name="warrior Bip Spine"
			m00="0.210829" m10="0.969946" m20="-0.121472" m30="-0.217557"
			m01="-0.0755197" m11="0.140056" m21="0.987259" m31="-0.0825636"
			m02="0.974601" m12="-0.19897" m22="0.102778" m32="0.932366"
			m03="0" m13="0" m23="0" m33="1"/>
		<transform name="warrior Bip R UpperArm"
			m00="-0.0218956" m10="-0.982255" m20="-0.186267" m30="-0.0851179"
			m01="-0.856774" m11="-0.0775807" m21="0.509823" m31="-0.287652"
			m02="-0.515227" m12="0.170752" m22="-0.839872" m32="1.44601"
			m03="0" m13="0" m23="0" m33="1"/>
		<transform name="warrior Bip R Forearm"
			m00="0.848941" m10="-0.494574" m20="-0.186267" m30="-0.0913425"
			m01="-0.346793" m11="-0.787283" m21="0.509823" m31="-0.531232"
			m02="-0.398791" m12="-0.368214" m22="-0.839872" m32="1.29953"
			m03="0" m13="0" m23="0" m33="1"/>
		<transform name="warrior Bip R Hand"
			m00="0.935703" m10="0.26677" m20="0.230855" m30="0.0796055"
			m01="-0.108311" m11="0.839996" m21="-0.531673" m31="-0.601065"
			m02="-0.335752" m12="0.472484" m22="0.81488" m32="1.21923"
			m03="0" m13="0" m23="0" m33="1"/>
		<transform name="warrior Bip Ponytail1"
			m00="0.520083" m10="-0.849448" m20="-0.0891766" m30="0.306555"
			m01="0.0743209" m11="-0.0590045" m21="0.995487" m31="0.0332505"
			m02="-0.850876" m12="-0.524363" m22="0.0324445" m32="1.80789"
			m03="0" m13="0" m23="0" m33="1"/>
		<transform name="warrior Bip L Thigh"
			m00="-0.268116" m10="0.96326" m20="-0.0156027" m30="-0.194038"
			m01="0.344301" m11="0.0806823" m21="-0.935386" m31="0.29377"
			m02="-0.899761" m12="-0.256164" m22="-0.353284" m32="0.678293"
			m03="0" m13="0" m23="0" m33="1"/>
		<transform name="warrior Bip L Calf"
			m00="-0.972422" m10="-0.232707" m20="-0.0156027" m30="-0.260381"
			m01="-0.0680362" m11="0.347022" m21="-0.935386" m31="0.378964"
			m02="0.223085" m12="-0.908528" m22="-0.353284" m32="0.455654"
			m03="0" m13="0" m23="0" m33="1"/>
		<transform name="warrior Bip L Foot"
			m00="-0.75043" m10="0.586847" m20="0.304081" m30="-0.413287"
			m01="-0.201926" m11="0.234512" m21="-0.95091" m31="0.368266"
			m02="-0.629349" m12="-0.774994" m22="-0.0574859" m32="0.490732"
			m03="0" m13="0" m23="0" m33="1"/>
		<transform name="warrior Bip R Thigh"
			m00="0.630781" m10="0.686986" m20="-0.360785" m30="-0.149202"
			m01="-0.0306719" m11="-0.442514" m21="-0.896237" m31="-0.227648"
			m02="-0.775355" m12="0.576395" m22="-0.258058" m32="0.528402"
			m03="0" m13="0" m23="0" m33="1"/>
		<transform name="warrior Bip R Calf"
			m00="-0.211922" m10="0.908253" m20="-0.360785" m30="0.00687928"
			m01="0.348235" m11="-0.274758" m21="-0.896237" m31="-0.235238"
			m02="-0.913138" m12="-0.31557" m22="-0.258058" m32="0.336546"
			m03="0" m13="0" m23="0" m33="1"/>
		<transform name="warrior Bip R Foot"
			m00="0.113096" m10="0.927219" m20="-0.357036" m30="-0.026443"
			m01="-0.0417318" m11="-0.354592" m21="-0.934089" m31="-0.180481"
			m02="-0.992707" m12="0.120541" m22="-0.00140827" m32="0.192963"
			m03="0" m13="0" m23="0" m33="1"/>
		<transform name="warrior Bip L Clavicle"
			m00="-0.180466" m10="-0.971539" m20="0.153443" m30="-0.140312"
			m01="0.95941" m11="-0.139503" m21="0.245093" m31="0.00577751"
			m02="-0.216712" m12="0.191446" m22="0.95728" m32="1.37973"
			m03="0" m13="0" m23="0" m33="1"/>
		<transform name="warrior Bip L UpperArm"
			m00="-0.789736" m10="-0.559938" m20="0.250571" m30="-0.178975"
			m01="0.577172" m11="-0.816603" m21="-0.00572132" m31="0.211323"
			m02="0.207821" m12="0.140105" m22="0.968081" m32="1.3333"
			m03="0" m13="0" m23="0" m33="1"/>
		<transform name="warrior Bip L Forearm"
			m00="0.902179" m10="-0.351122" m20="0.250571" m30="-0.403496"
			m01="0.364066" m11="0.931355" m21="-0.00572132" m31="0.375413"
			m02="-0.231362" m12="0.0963863" m22="0.968081" m32="1.39239"
			m03="0" m13="0" m23="0" m33="1"/>
		<transform name="warrior Bip L Hand"
			m00="0.907486" m10="0.252035" m20="-0.336076" m30="-0.221828"
			m01="0.363852" m11="-0.871429" m21="0.328973" m31="0.448723"
			m02="-0.209953" m12="-0.42082" m22="-0.882513" m32="1.3458"
			m03="0" m13="0" m23="0" m33="1"/>
		<transform name="warrior Bip R Toe0"
			m00="0.927219" m10="-0.113096" m20="-0.357036" m30="0.201822"
			m01="-0.354592" m11="0.0417318" m21="-0.934089" m31="-0.267513"
			m02="0.120541" m12="0.992707" m22="-0.00140827" m32="0.0487366"
			m03="0" m13="0" m23="0" m33="1"/>
		<transform name="warrior Bip L Toe0"
			m00="0.496601" m10="0.812971" m20="0.304081" m30="-0.410713"
			m01="0.20972" m11="0.227569" m21="-0.95091" m31="0.386204"
			m02="-0.842262" m12="0.535994" m22="-0.0574859" m32="0.20762"
			m03="0" m13="0" m23="0" m33="1"/>
		<transform name="warrior Bip Prop1"
			m00="0.32104" m10="-0.924403" m20="0.205943" m30="0.255815"
			m01="0.823766" m11="0.165272" m21="-0.542305" m31="-0.392793"
			m02="0.467271" m12="0.34375" m22="0.814551" m32="0.920651"
			m03="0" m13="0" m23="0" m33="1"/>
	</frame>
	<frame index="5">
		<transform name="warrior Bip Spine1"
			m00="0.164237" m10="0.977823" m20="-0.129952" m30="-0.192159"
			m01="0.24432" m11="0.0873119" m21="0.965756" m31="-0.0966"
			m02="0.955685" m12="-0.190362" m22="-0.224562" m32="1.14126"
			m03="0" m13="0" m23="0" m33="1"/>
		<transform name="warrior Bip Pelvis"
			m00="0.219603" m10="0.975066" m20="-0.0319345" m30="-0.185"
			m01="-0.260811" m11="0.0902187" m21="0.961165" m31="0.0345307"
			m02="0.940081" m12="-0.202746" m22="0.27412" m32="0.594069"
			m03="0" m13="0" m23="0" m33="1"/>
		<transform name="warrior Bip Neck"
			m00="0.164237" m10="0.977823" m20="-0.129952" m30="-0.151204"
			m01="0.24432" m11="0.0873119" m21="0.965756" m31="-0.0355177"
			m02="0.955685" m12="-0.190362" m22="-0.224562" m32="1.38025"
			m03="0" m13="0" m23="0" m33="1"/>
		<transform name="warrior Bip Head"
			m00="0.470861" m10="0.882207" m20="0.000878068" m30="-0.127626"
			m01="0.084244" m11="-0.0459543" m21="0.995385" m31="-0.000442907"
			m02="0.878176" m12="-0.468614" m22="-0.0959588" m32="1.51745"
			m03="0" m13="0" m23="0" m33="1"/>
		<transform name="warrior Bip R Clavicle"
			m00="0.129955" m10="-0.977954" m20="-0.163458" m30="-0.14514"
			m01="-0.965755" m11="-0.0875091" m21="-0.24425" m31="-0.0797403"
			m02="0.224562" m12="0.189602" m22="-0.955836" m32="1.39051"
			m03="0" m13="0" m23="0" m33="1"/>
		<transform name="warrior Bip Spine"
			m00="0.204388" m10="0.976409" m20="-0.0696471" m30="-0.237667"
			m01="-0.0826827" m11="0.0881148" m21="0.992673" m31="-0.0780945"
			m02="0.975392" m12="-0.197132" m22="0.0987417" m32="0.923119"
			m03="0" m13="0" m23="0" m33="1"/>
		<transform name="warrior Bip R UpperArm"
			m00="-0.0162916" m10="-0.987668" m20="-0.155715" m30="-0.117299"
			m01="-0.855378" m11="-0.066875" m21="0.513668" m31="-0.286646"
			m02="-0.517747" m12="0.141564" m22="-0.84374" m32="1.43862"
			m03="0" m13="0" m23="0" m33="1"/>
		<transform name="warrior Bip R Forearm"
			m00="0.849479" m10="-0.504121" m20="-0.155715" m30="-0.121931"
			m01="-0.366282" m11="-0.775875" m21="0.513668" m31="-0.529829"
			m02="-0.379766" m12="-0.379315" m22="-0.84374" m32="1.29143"
			m03="0" m13="0" m23="0" m33="1"/>
		<transform name="warrior Bip R Hand"
			m00="0.94025" m10="0.272618" m20="0.203985" m30="0.0491261"
			m01="-0.129828" m11="0.840896" m21="-0.525393" m31="-0.603586"
			m02="-0.314762" m12="0.467517" m22="0.826046" m32="1.21496"
			m03="0" m13="0" m23="0" m33="1"/>
		<transform name="warrior Bip Ponytail1"
			m00="0.463515" m10="-0.884045" m20="-0.0601446" m30="0.297578"
			m01="0.0611008" m11="-0.0358266" m21="0.997488" m31="0.0251374"
			m02="-0.88398" m12="-0.466026" m22="0.0374097" m32="1.78623"
			m03="0" m13="0" m23="0" m33="1"/>
		<transform name="warrior Bip L Thigh"
			m00="-0.0618777" m10="0.99762" m20="-0.0304291" m30="-0.193692"
			m01="0.348433" m11="-0.00697777" m21="-0.937307" m31="0.296152"
			m02="-0.935289" m12="-0.068601" m22="-0.347172" m32="0.668681"
			m03="0" m13="0" m23="0" m33="1"/>
		<transform name="warrior Bip L Calf"
			m00="-0.968421" m10="-0.247455" m20="-0.0304291" m30="-0.209003"
			m01="-0.0583428" m11="0.343585" m21="-0.937307" m31="0.382369"
			m02="0.242396" m12="-0.905933" m22="-0.347172" m32="0.437251"
			m03="0" m13="0" m23="0" m33="1"/>
		<transform name="warrior Bip L Foot"
			m00="-0.682221" m10="0.685073" m20="0.25544" m30="-0.361279"
			m01="-0.159057" m11="0.20194" m21="-0.966396" m31="0.373195"
			m02="-0.713635" m12="-0.699925" m22="-0.0288021" m32="0.475366"
			m03="0" m13="0" m23="0" m33="1"/>
		<transform name="warrior Bip R Thigh"
			m00="0.551348" m10="0.726131" m20="-0.410791" m30="-0.176308"
			m01="-0.0622251" m11="-0.455229" m21="-0.888197" m31="-0.227091"
			m02="-0.831952" m12="0.515267" m22="-0.205806" m32="0.519455"
			m03="0" m13="0" m23="0" m33="1"/>
		<transform name="warrior Bip R Calf"
			m00="-0.343756" m10="0.844442" m20="-0.410791" m30="-0.0398813"
			m01="0.359958" m11="-0.285544" m21="-0.888197" m31="-0.242488"
			m02="-0.86733" m12="-0.453191" m22="-0.205806" m32="0.313596"
			m03="0" m13="0" m23="0" m33="1"/>
		<transform name="warrior Bip R Foot"
			m00="0.0104917" m10="0.935415" m20="-0.353395" m30="-0.0939346"
			m01="-0.00626823" m11="-0.353346" m21="-0.935472" m31="-0.185887"
			m02="-0.999925" m12="0.0120298" m22="0.00215622" m32="0.177215"
			m03="0" m13="0" m23="0" m33="1"/>
		<transform name="warrior Bip L Clavicle"
			m00="-0.129955" m10="-0.977954" m20="0.163458" m30="-0.157044"
			m01="0.965755" m11="-0.0875091" m21="0.244251" m31="0.0087248"
			m02="-0.224562" m12="0.189602" m22="0.955836" m32="1.36994"
			m03="0" m13="0" m23="0" m33="1"/>
		<transform name="warrior Bip L UpperArm"
			m00="-0.784954" m10="-0.586119" m20="0.20078" m30="-0.184886"
			m01="0.602032" m11="-0.798118" m21="0.0237854" m31="0.21563"
			m02="0.146305" m12="0.139547" m22="0.979347" m32="1.32183"
			m03="0" m13="0" m23="0" m33="1"/>
		<transform name="warrior Bip L Forearm"
			m00="0.917837" m10="-0.342437" m20="0.20078" m30="-0.408047"
			m01="0.344884" m11="0.938344" m21="0.0237854" m31="0.386787"
			m02="-0.196546" m12="0.0474148" m22="0.979347" m32="1.36343"
			m03="0" m13="0" m23="0" m33="1"/>
		<transform name="warrior Bip L Hand"
			m00="0.922042" m10="0.247717" m20="-0.297447" m30="-0.223226"
			m01="0.345325" m11="-0.873586" m21="0.342926" m31="0.456235"
			m02="-0.174897" m12="-0.418908" m22="-0.891026" m32="1.32385"
			m03="0" m13="0" m23="0" m33="1"/>
		<transform name="warrior Bip R Toe0"
			m00="0.935416" m10="-0.0104992" m20="-0.353393" m30="0.118464"
			m01="-0.353344" m11="0.00626872" m21="-0.935473" m31="-0.266517"
			m02="0.012037" m12="0.999925" m22="0.00215405" m32="0.00731404"
			m03="0" m13="0" m23="0" m33="1"/>
		<transform name="warrior Bip L Toe0"
			m00="0.642187" m10="0.722735" m20="0.25544" m30="-0.324817"
			m01="0.191863" m11="0.171078" m21="-0.966396" m31="0.391201"
			m02="-0.742149" m12="0.669616" m22="-0.0288021" m32="0.194605"
			m03="0" m13="0" m23="0" m33="1"/>
		<transform name="warrior Bip Prop1"
			m00="0.326671" m10="-0.928054" m20="0.178891" m30="0.235331"
			m01="0.823603" m11="0.186669" m21="-0.535567" m31="-0.402429"
			m02="0.463641" m12="0.322289" m22="0.825328" m32="0.917567"
			m03="0" m13="0" m23="0" m33="1"/>
	</frame>
	<frame index="6">
		<transform name="warrior Bip Spine1"
			m00="0.17511" m10="0.981447" m20="-0.0780859" m30="-0.212451"
			m01="0.236915" m11="0.0349764" m21="0.9709" m31="-0.0928143"
			m02="0.955619" m12="-0.188514" m22="-0.226395" m32="1.13233"
			m03="0" m13="0" m23="0" m33="1"/>
		<transform name="warrior Bip Pelvis"
			m00="0.203621" m10="0.978873" m20="0.018622" m30="-0.197277"
			m01="-0.27068" m11="0.0380063" m21="0.961919" m31="0.0369022"
			m02="0.940888" m12="-0.200908" m22="0.2727" m32="0.58497"
			m03="0" m13="0" m23="0" m33="1"/>
		<transform name="warrior Bip Neck"
