<?xml version="1.0" encoding="ISO-8859-1" standalone="yes"?>

<!DOCTYPE animation [
	<!ELEMENT animation  (frame+)>
	<!ELEMENT frame      (transform+)>
	<!ELEMENT transform   EMPTY>
	<!ATTLIST frame index CDATA #REQUIRED>
	<!ATTLIST transform name CDATA #REQUIRED>
	<!ATTLIST transform m00 CDATA #REQUIRED>
	<!ATTLIST transform m01 CDATA #REQUIRED>
	<!ATTLIST transform m02 CDATA #REQUIRED>
	<!ATTLIST transform m03 CDATA #REQUIRED>
	<!ATTLIST transform m10 CDATA #REQUIRED>
	<!ATTLIST transform m11 CDATA #REQUIRED>
	<!ATTLIST transform m12 CDATA #REQUIRED>
	<!ATTLIST transform m13 CDATA #REQUIRED>
	<!ATTLIST transform m20 CDATA #REQUIRED>
	<!ATTLIST transform m21 CDATA #REQUIRED>
	<!ATTLIST transform m22 CDATA #REQUIRED>
	<!ATTLIST transform m23 CDATA #REQUIRED>
	<!ATTLIST transform m30 CDATA #REQUIRED>
	<!ATTLIST transform m31 CDATA #REQUIRED>
	<!ATTLIST transform m32 CDATA #REQUIRED>
	<!ATTLIST transform m33 CDATA #REQUIRED>
]>

<animation>
	<frame index="0">
		<transform name="warrior Bip Spine1"
			m00="0.0183339" m10="0.984793" m20="0.17276" m30="-0.263659"
			m01="0.0618396" m11="-0.173576" m21="0.982877" m31="0.0319694"
			m02="0.997918" m12="-0.0073365" m22="-0.0640815" m32="1.07439"
			m03="0" m13="0" m23="0" m33="1"/>
		<transform name="warrior Bip Pelvis"
			m00="-1.87178e-007" m10="0.984808" m20="0.173645" m30="-0.138429"
			m01="-0.0376753" m11="-0.173522" m21="0.984109" m31="0.0244106"
			m02="0.99929" m12="-0.00654197" m22="0.037103" m32="0.522639"
			m03="0" m13="0" m23="0" m33="1"/>
		<transform name="warrior Bip Neck"
			m00="0.709318" m10="0.68339" m20="0.17276" m30="-0.259153"
			m01="-0.0790073" m11="-0.166464" m21="0.982877" m31="0.0474514"
			m02="0.700447" m12="-0.710822" m22="-0.0640835" m32="1.324"
			m03="0" m13="0" m23="0" m33="1"/>
		<transform name="warrior Bip Head"
			m00="-1.28949e-006" m10="1.0" m20="1.4183e-006" m30="-0.157323"
			m01="-0.037674" m11="-1.4708e-006" m21="0.99929" m31="0.036109"
			m02="0.99929" m12="1.23585e-006" m22="0.037674" m32="1.42455"
			m03="0" m13="0" m23="0" m33="1"/>
		<transform name="warrior Bip R Clavicle"
			m00="-0.172758" m10="-0.984808" m20="-0.0175496" m30="-0.266987"
			m01="-0.982877" m11="0.173524" m21="-0.0619777" m31="0.00241557"
			m02="0.0640815" m12="0.00654202" m22="-0.997923" m32="1.32685"
			m03="0" m13="0" m23="0" m33="1"/>
		<transform name="warrior Bip Spine"
			m00="0.00557073" m10="0.984803" m20="0.173584" m30="-0.264709"
			m01="-0.0106716" m11="-0.173518" m21="0.984773" m31="0.034321"
			m02="0.999928" m12="-0.00733831" m22="0.00954276" m32="0.850799"
			m03="0" m13="0" m23="0" m33="1"/>
		<transform name="warrior Bip R UpperArm"
			m00="-0.198962" m10="-0.906726" m20="0.371836" m30="-0.303999"
			m01="-0.701955" m11="0.396622" m21="0.591566" m31="-0.208158"
			m02="-0.683866" m12="-0.143313" m22="-0.715394" m32="1.34058"
			m03="0" m13="0" m23="0" m33="1"/>
		<transform name="warrior Bip R Forearm"
			m00="0.538747" m10="-0.755969" m20="0.371836" m30="-0.360564"
			m01="-0.765106" m11="-0.254288" m21="0.591566" m31="-0.407723"
			m02="-0.352653" m12="-0.603198" m22="-0.715394" m32="1.14616"
			m03="0" m13="0" m23="0" m33="1"/>
		<transform name="warrior Bip R Hand"
			m00="0.538747" m10="0.80924" m20="-0.23427" m30="-0.252079"
			m01="-0.765106" m11="0.353577" m21="-0.538141" m31="-0.56179"
			m02="-0.352653" m12="0.469164" m22="0.809643" m32="1.07515"
			m03="0" m13="0" m23="0" m33="1"/>
		<transform name="warrior Bip Ponytail1"
			m00="0.995228" m10="-0.0975722" m20="-1.62592e-006" m30="0.0905544"
			m01="0.00367728" m11="0.0374913" m21="0.99929" m31="0.0196364"
			m02="-0.0975029" m12="-0.994522" m22="0.0376712" m32="1.86269"
			m03="0" m13="0" m23="0" m33="1"/>
		<transform name="warrior Bip L Thigh"
			m00="0.176053" m10="0.97078" m20="-0.163072" m30="-0.0911636"
			m01="-0.0172162" m11="-0.162598" m21="-0.986542" m31="0.292277"
			m02="-0.98423" m12="0.176491" m22="-0.0119127" m32="0.532738"
			m03="0" m13="0" m23="0" m33="1"/>
		<transform name="warrior Bip L Calf"
			m00="-0.660603" m10="0.732811" m20="-0.163072" m30="-0.0476008"
			m01="0.118148" m11="-0.113029" m21="-0.986542" m31="0.288017"
			m02="-0.741381" m12="-0.670979" m22="-0.0119127" m32="0.289198"
			m03="0" m13="0" m23="0" m33="1"/>
		<transform name="warrior Bip L Foot"
			m00="6.65509e-007" m10="1.0" m20="2.09124e-006" m30="-0.151475"
			m01="3.36073e-007" m11="2.09153e-006" m21="-1.0" m31="0.306595"
			m02="-1.0" m12="6.67378e-007" m22="-3.48262e-007" m32="0.172622"
			m03="0" m13="0" m23="0" m33="1"/>
		<transform name="warrior Bip R Thigh"
			m00="-0.0165261" m10="0.982401" m20="-0.186053" m30="-0.185694"
			m01="0.175117" m11="-0.180359" m21="-0.967887" m31="-0.243456"
			m02="-0.984409" m12="-0.0485765" m22="-0.169055" m32="0.512541"
			m03="0" m13="0" m23="0" m33="1"/>
		<transform name="warrior Bip R Calf"
			m00="-0.749419" m10="0.635418" m20="-0.186053" m30="-0.189783"
			m01="0.251065" m11="0.0127075" m21="-0.967887" m31="-0.200125"
			m02="-0.612648" m12="-0.772064" m22="-0.169055" m32="0.268957"
			m03="0" m13="0" m23="0" m33="1"/>
		<transform name="warrior Bip R Foot"
			m00="0.0" m10="0.866026" m20="-0.499999" m30="-0.307624"
			m01="3.33542e-007" m11="-0.499999" m21="-0.866026" m31="-0.160647"
			m02="-1.0" m12="-1.2206e-007" m22="-3.04692e-007" m32="0.172623"
			m03="0" m13="0" m23="0" m33="1"/>
		<transform name="warrior Bip L Clavicle"
			m00="0.172758" m10="-0.984808" m20="0.0175497" m30="-0.251162"
			m01="0.982877" m11="0.173524" m21="0.0619778" m31="0.0924491"
			m02="-0.0640815" m12="0.00654202" m22="0.997923" m32="1.32098"
			m03="0" m13="0" m23="0" m33="1"/>
		<transform name="warrior Bip L UpperArm"
			m00="0.658965" m10="-0.366337" m20="0.656935" m30="-0.21415"
			m01="0.68114" m11="0.661133" m21="-0.314567" m31="0.303023"
			m02="-0.319084" m12="0.654752" m22="0.68519" m32="1.30725"
			m03="0" m13="0" m23="0" m33="1"/>
		<transform name="warrior Bip L Forearm"
			m00="0.742367" m10="0.131637" m20="0.656935" m30="-0.0268075"
			m01="0.111205" m11="0.942699" m21="-0.314567" m31="0.49667"
			m02="-0.6607" m12="0.306579" m22="0.68519" m32="1.21654"
			m03="0" m13="0" m23="0" m33="1"/>
		<transform name="warrior Bip L Hand"
			m00="0.742367" m10="-0.244209" m20="-0.623902" m30="0.12268"
			m01="0.111205" m11="-0.873376" m21="0.47418" m31="0.519063"
			m02="-0.6607" m12="-0.421397" m22="-0.621208" m32="1.08349"
			m03="0" m13="0" m23="0" m33="1"/>
		<transform name="warrior Bip R Toe0"
			m00="0.965926" m10="-2.45947e-007" m20="-0.258817" m30="-0.112657"
			m01="-0.258817" m11="-1.83748e-007" m21="-0.965926" m31="-0.27321"
			m02="1.89944e-007" m12="1.0" m22="-2.32179e-007" m32="5.56513e-007"
			m03="0" m13="0" m23="0" m33="1"/>
		<transform name="warrior Bip L Toe0"
			m00="1.0" m10="-6.05905e-007" m20="2.09124e-006" m30="0.073652"
			m01="2.09153e-006" m11="-3.36073e-007" m21="-1.0" m31="0.306595"
			m02="6.07773e-007" m12="1.0" m22="-3.48262e-007" m32="3.2508e-007"
			m03="0" m13="0" m23="0" m33="1"/>
		<transform name="warrior Bip Prop1"
			m00="0.782633" m10="-0.585082" m20="-0.212518" m30="-0.0480013"
			m01="0.411019" m11="0.742113" m21="-0.529463" m31="-0.59002"
			m02="0.467492" m12="0.327027" m22="0.821283" m32="0.801341"
			m03="0" m13="0" m23="0" m33="1"/>
	</frame>
	<frame index="1">
		<transform name="warrior Bip Spine1"
			m00="0.0183339" m10="0.984793" m20="0.17276" m30="-0.263659"
			m01="0.0618396" m11="-0.173576" m21="0.982877" m31="0.0314659"
			m02="0.997918" m12="-0.0073365" m22="-0.0640815" m32="1.07446"
			m03="0" m13="0" m23="0" m33="1"/>
		<transform name="warrior Bip Pelvis"
			m00="-1.87178e-007" m10="0.984808" m20="0.173645" m30="-0.138429"
			m01="-0.0376753" m11="-0.173522" m21="0.984109" m31="0.0239071"
			m02="0.99929" m12="-0.00654197" m22="0.037103" m32="0.522711"
			m03="0" m13="0" m23="0" m33="1"/>
		<transform name="warrior Bip Neck"
			m00="0.709318" m10="0.68339" m20="0.17276" m30="-0.259153"
			m01="-0.0790073" m11="-0.166464" m21="0.982877" m31="0.0469479"
			m02="0.700447" m12="-0.710822" m22="-0.0640835" m32="1.32407"
			m03="0" m13="0" m23="0" m33="1"/>
		<transform name="warrior Bip Head"
			m00="-1.28949e-006" m10="1.0" m20="0.000124788" m30="-0.157323"
			m01="-0.037674" m11="-0.000124753" m21="0.99929" m31="0.0356055"
			m02="0.99929" m12="-3.41197e-006" m22="0.037674" m32="1.42463"
			m03="0" m13="0" m23="0" m33="1"/>
		<transform name="warrior Bip R Clavicle"
			m00="-0.172758" m10="-0.984808" m20="-0.0175496" m30="-0.266987"
			m01="-0.982877" m11="0.173524" m21="-0.0619777" m31="0.00191207"
			m02="0.0640815" m12="0.00654202" m22="-0.997923" m32="1.32692"
			m03="0" m13="0" m23="0" m33="1"/>
		<transform name="warrior Bip Spine"
			m00="0.00557073" m10="0.984803" m20="0.173584" m30="-0.264709"
			m01="-0.0106716" m11="-0.173518" m21="0.984773" m31="0.0338175"
			m02="0.999928" m12="-0.00733831" m22="0.00954276" m32="0.850871"
			m03="0" m13="0" m23="0" m33="1"/>
		<transform name="warrior Bip R UpperArm"
			m00="-0.199035" m10="-0.90671" m20="0.371835" m30="-0.303999"
			m01="-0.701922" m11="0.396679" m21="0.591567" m31="-0.208662"
			m02="-0.683879" m12="-0.143257" m22="-0.715393" m32="1.34065"
			m03="0" m13="0" m23="0" m33="1"/>
		<transform name="warrior Bip R Forearm"
			m00="0.53877" m10="-0.755953" m20="0.371835" m30="-0.360585"
			m01="-0.765098" m11="-0.254309" m21="0.591567" m31="-0.408217"
			m02="-0.352636" m12="-0.603209" m22="-0.715393" m32="1.14623"
			m03="0" m13="0" m23="0" m33="1"/>
		<transform name="warrior Bip R Hand"
			m00="0.53877" m10="0.809354" m20="-0.233822" m30="-0.252095"
			m01="-0.765098" m11="0.353898" m21="-0.537941" m31="-0.562282"
			m02="-0.352636" m12="0.468723" m22="0.809905" m32="1.07522"
			m03="0" m13="0" m23="0" m33="1"/>
		<transform name="warrior Bip Ponytail1"
			m00="0.995228" m10="-0.0975722" m20="0.000121744" m30="0.0905545"
			m01="0.00355458" m11="0.0375033" m21="0.99929" m31="0.0191023"
			m02="-0.0975075" m12="-0.994522" m22="0.0376712" m32="1.86276"
			m03="0" m13="0" m23="0" m33="1"/>
		<transform name="warrior Bip L Thigh"
			m00="0.175701" m10="0.970806" m20="-0.163296" m30="-0.0911636"
			m01="-0.0158638" m11="-0.163063" m21="-0.986488" m31="0.291774"
			m02="-0.984316" m12="0.175917" m22="-0.0132496" m32="0.53281"
			m03="0" m13="0" m23="0" m33="1"/>
		<transform name="warrior Bip L Calf"
			m00="-0.660049" m10="0.73326" m20="-0.163296" m30="-0.0476879"
			m01="0.119222" m11="-0.112372" m21="-0.986488" m31="0.287848"
			m02="-0.741702" m12="-0.670599" m22="-0.0132496" m32="0.289249"
			m03="0" m13="0" m23="0" m33="1"/>
		<transform name="warrior Bip L Foot"
			m00="6.65509e-007" m10="1.0" m20="2.09124e-006" m30="-0.151475"
			m01="3.36073e-007" m11="2.09153e-006" m21="-1.0" m31="0.306595"
			m02="-1.0" m12="6.67378e-007" m22="-3.48262e-007" m32="0.172622"
			m03="0" m13="0" m23="0" m33="1"/>
		<transform name="warrior Bip R Thigh"
			m00="-0.017202" m10="0.982309" m20="-0.186475" m30="-0.185694"
			m01="0.176459" m11="-0.180593" m21="-0.967599" m31="-0.243959"
			m02="-0.984158" m12="-0.0495499" m22="-0.170231" m32="0.512612"
			m03="0" m13="0" m23="0" m33="1"/>
		<transform name="warrior Bip R Calf"
			m00="-0.748355" m10="0.636546" m20="-0.186475" m30="-0.189951"
			m01="0.252156" m11="0.0129905" m21="-0.967599" m31="-0.200296"
			m02="-0.6135" m12="-0.771129" m22="-0.170231" m32="0.269091"
			m03="0" m13="0" m23="0" m33="1"/>
		<transform name="warrior Bip R Foot"
			m00="0.0" m10="0.866026" m20="-0.499999" m30="-0.307624"
			m01="3.33542e-007" m11="-0.499999" m21="-0.866026" m31="-0.160647"
			m02="-1.0" m12="-1.2206e-007" m22="-3.04692e-007" m32="0.172623"
			m03="0" m13="0" m23="0" m33="1"/>
		<transform name="warrior Bip L Clavicle"
			m00="0.172758" m10="-0.984808" m20="0.0175497" m30="-0.251162"
			m01="0.982877" m11="0.173524" m21="0.0619778" m31="0.0919456"
			m02="-0.0640815" m12="0.00654202" m22="0.997923" m32="1.32105"
			m03="0" m13="0" m23="0" m33="1"/>
		<transform name="warrior Bip L UpperArm"
			m00="0.65898" m10="-0.366243" m20="0.656971" m30="-0.21415"
			m01="0.681069" m11="0.661216" m21="-0.314543" m31="0.302519"
			m02="-0.319201" m12="0.65472" m22="0.685165" m32="1.30732"
			m03="0" m13="0" m23="0" m33="1"/>
		<transform name="warrior Bip L Forearm"
			m00="0.742349" m10="0.131556" m20="0.656971" m30="-0.0268031"
			m01="0.111306" m11="0.942695" m21="-0.314543" m31="0.496147"
			m02="-0.660704" m12="0.306625" m22="0.685165" m32="1.21658"
			m03="0" m13="0" m23="0" m33="1"/>
		<transform name="warrior Bip L Hand"
			m00="0.742349" m10="-0.244136" m20="-0.623952" m30="0.122681"
			m01="0.111306" m11="-0.873377" m21="0.474156" m31="0.51856"
			m02="-0.660704" m12="-0.421439" m22="-0.621176" m32="1.08353"
			m03="0" m13="0" m23="0" m33="1"/>
		<transform name="warrior Bip R Toe0"
			m00="0.965926" m10="-2.45947e-007" m20="-0.258817" m30="-0.112657"
			m01="-0.258817" m11="-1.83748e-007" m21="-0.965926" m31="-0.27321"
			m02="1.89943e-007" m12="1.0" m22="-2.32179e-007" m32="5.71414e-007"
			m03="0" m13="0" m23="0" m33="1"/>
		<transform name="warrior Bip L Toe0"
			m00="1.0" m10="-4.56893e-007" m20="2.34412e-006" m30="0.073652"
			m01="2.34441e-006" m11="-3.65875e-007" m21="-1.0" m31="0.306595"
			m02="4.58762e-007" m12="1.0" m22="-3.78064e-007" m32="3.10179e-007"
			m03="0" m13="0" m23="0" m33="1"/>
		<transform name="warrior Bip Prop1"
			m00="0.782735" m10="-0.58511" m20="-0.212067" m30="-0.0481235"
			m01="0.411334" m11="0.742088" m21="-0.529255" m31="-0.590553"
			m02="0.467044" m12="0.327036" m22="0.821533" m32="0.801338"
			m03="0" m13="0" m23="0" m33="1"/>
	</frame>
	<frame index="2">
		<transform name="warrior Bip Spine1"
			m00="0.0183339" m10="0.984793" m20="0.17276" m30="-0.263659"
			m01="0.0618396" m11="-0.173576" m21="0.982877" m31="0.0309156"
			m02="0.997918" m12="-0.0073365" m22="-0.0640815" m32="1.07468"
			m03="0" m13="0" m23="0" m33="1"/>
		<transform name="warrior Bip Pelvis"
			m00="-1.87178e-007" m10="0.984808" m20="0.173645" m30="-0.138429"
			m01="-0.0376753" m11="-0.173522" m21="0.984109" m31="0.0233569"
			m02="0.99929" m12="-0.00654197" m22="0.037103" m32="0.522928"
			m03="0" m13="0" m23="0" m33="1"/>
		<transform name="warrior Bip Neck"
			m00="0.709318" m10="0.68339" m20="0.17276" m30="-0.259153"
			m01="-0.0790073" m11="-0.166464" m21="0.982877" m31="0.0463977"
			m02="0.700447" m12="-0.710822" m22="-0.0640835" m32="1.32429"
			m03="0" m13="0" m23="0" m33="1"/>
		<transform name="warrior Bip Head"
			m00="-1.28949e-006" m10="1.0" m20="0.000496653" m30="-0.157323"
			m01="-0.037674" m11="-0.000496354" m21="0.99929" m31="0.0350553"
			m02="0.99929" m12="-1.74216e-005" m22="0.037674" m32="1.42484"
			m03="0" m13="0" m23="0" m33="1"/>
		<transform name="warrior Bip R Clavicle"
			m00="-0.172758" m10="-0.984808" m20="-0.0175496" m30="-0.266987"
			m01="-0.982877" m11="0.173524" m21="-0.0619777" m31="0.00136186"
			m02="0.0640815" m12="0.00654202" m22="-0.997923" m32="1.32714"
			m03="0" m13="0" m23="0" m33="1"/>
		<transform name="warrior Bip Spine"
			m00="0.00557073" m10="0.984803" m20="0.173584" m30="-0.264709"
			m01="-0.0106716" m11="-0.173518" m21="0.984773" m31="0.0332673"
			m02="0.999928" m12="-0.00733831" m22="0.00954276" m32="0.851087"
			m03="0" m13="0" m23="0" m33="1"/>
		<transform name="warrior Bip R UpperArm"
			m00="-0.199258" m10="-0.906661" m20="0.371835" m30="-0.303999"
			m01="-0.701822" m11="0.396852" m21="0.591569" m31="-0.209212"
			m02="-0.683917" m12="-0.143087" m22="-0.715391" m32="1.34087"
			m03="0" m13="0" m23="0" m33="1"/>
		<transform name="warrior Bip R Forearm"
			m00="0.538838" m10="-0.755905" m20="0.371835" m30="-0.360648"
			m01="-0.765074" m11="-0.254377" m21="0.591569" m31="-0.408739"
			m02="-0.352584" m12="-0.603242" m22="-0.715391" m32="1.14643"
			m03="0" m13="0" m23="0" m33="1"/>
		<transform name="warrior Bip R Hand"
			m00="0.538838" m10="0.809702" m20="-0.232457" m30="-0.252145"
			m01="-0.765074" m11="0.354877" m21="-0.537331" m31="-0.562799"
			m02="-0.352584" m12="0.467381" m22="0.810703" m32="1.07543"
			m03="0" m13="0" m23="0" m33="1"/>
		<transform name="warrior Bip Ponytail1"
			m00="0.995228" m10="-0.0975722" m20="0.000493609" m30="0.0905544"
			m01="0.00318475" m11="0.0375396" m21="0.99929" m31="0.01846"
			m02="-0.0975215" m12="-0.99452" m22="0.0376712" m32="1.86297"
			m03="0" m13="0" m23="0" m33="1"/>
		<transform name="warrior Bip L Thigh"
			m00="0.174801" m10="0.970927" m20="-0.16354" m30="-0.0911636"
			m01="-0.0143048" m11="-0.163575" m21="-0.986427" m31="0.291223"
			m02="-0.9845" m12="0.174768" m22="-0.0147042" m32="0.533027"
			m03="0" m13="0" m23="0" m33="1"/>
		<transform name="warrior Bip L Calf"
			m00="-0.658634" m10="0.734477" m20="-0.16354" m30="-0.0479104"
			m01="0.120267" m11="-0.111791" m21="-0.986427" m31="0.287684"
			m02="-0.74279" m12="-0.669363" m22="-0.0147042" m32="0.28942"
			m03="0" m13="0" m23="0" m33="1"/>
		<transform name="warrior Bip L Foot"
			m00="6.65509e-007" m10="1.0" m20="2.09124e-006" m30="-0.151475"
			m01="3.36073e-007" m11="2.09153e-006" m21="-1.0" m31="0.306595"
			m02="-1.0" m12="6.67378e-007" m22="-3.48262e-007" m32="0.172622"
			m03="0" m13="0" m23="0" m33="1"/>
		<transform name="warrior Bip R Thigh"
			m00="-0.0184084" m10="0.982204" m20="-0.186914" m30="-0.185694"
			m01="0.17795" m11="-0.180743" m21="-0.967298" m31="-0.24451"
			m02="-0.983867" m12="-0.0510677" m22="-0.171456" m32="0.512829"
			m03="0" m13="0" m23="0" m33="1"/>
		<transform name="warrior Bip R Calf"
			m00="-0.746457" m10="0.638643" m20="-0.186914" m30="-0.190249"
			m01="0.25331" m11="0.0129694" m21="-0.967298" m31="-0.200477"
			m02="-0.615335" m12="-0.769394" m22="-0.171456" m32="0.269379"
			m03="0" m13="0" m23="0" m33="1"/>
		<transform name="warrior Bip R Foot"
			m00="0.0" m10="0.866026" m20="-0.499999" m30="-0.307623"
			m01="3.33542e-007" m11="-0.499999" m21="-0.866026" m31="-0.160647"
			m02="-1.0" m12="-1.2206e-007" m22="-3.04692e-007" m32="0.172623"
			m03="0" m13="0" m23="0" m33="1"/>
		<transform name="warrior Bip L Clavicle"
			m00="0.172758" m10="-0.984808" m20="0.0175497" m30="-0.251162"
			m01="0.982877" m11="0.173524" m21="0.0619778" m31="0.0913954"
			m02="-0.0640815" m12="0.00654202" m22="0.997923" m32="1.32127"
			m03="0" m13="0" m23="0" m33="1"/>
		<transform name="warrior Bip L UpperArm"
			m00="0.659027" m10="-0.365958" m20="0.657083" m30="-0.21415"
			m01="0.680857" m11="0.66147" m21="-0.314469" m31="0.301969"
			m02="-0.319558" m12="0.654624" m22="0.685092" m32="1.30754"
			m03="0" m13="0" m23="0" m33="1"/>
		<transform name="warrior Bip L Forearm"
			m00="0.742293" m10="0.13131" m20="0.657083" m30="-0.0267898"
			m01="0.111612" m11="0.942683" m21="-0.314469" m31="0.495536"
			m02="-0.660714" m12="0.306767" m22="0.685092" m32="1.21669"
			m03="0" m13="0" m23="0" m33="1"/>
		<transform name="warrior Bip L Hand"
			m00="0.742293" m10="-0.243913" m20="-0.624105" m30="0.122683"
			m01="0.111612" m11="-0.873378" m21="0.474082" m31="0.518011"
			m02="-0.660714" m12="-0.421565" m22="-0.621079" m32="1.08365"
			m03="0" m13="0" m23="0" m33="1"/>
		<transform name="warrior Bip R Toe0"
			m00="0.965926" m10="-2.45947e-007" m20="-0.258817" m30="-0.112657"
			m01="-0.258817" m11="-1.83748e-007" m21="-0.965926" m31="-0.27321"
			m02="1.89943e-007" m12="1.0" m22="-2.32179e-007" m32="5.56513e-007"
			m03="0" m13="0" m23="0" m33="1"/>
		<transform name="warrior Bip L Toe0"
			m00="1.0" m10="-4.56893e-007" m20="2.34412e-006" m30="0.073652"
			m01="2.34441e-006" m11="-3.65875e-007" m21="-1.0" m31="0.306595"
			m02="4.58762e-007" m12="1.0" m22="-3.78064e-007" m32="3.2508e-007"
			m03="0" m13="0" m23="0" m33="1"/>
		<transform name="warrior Bip Prop1"
			m00="0.783042" m10="-0.585195" m20="-0.210693" m30="-0.0484954"
			m01="0.412294" m11="0.742008" m21="-0.528619" m31="-0.591193"
			m02="0.465681" m12="0.327063" m22="0.822296" m32="0.801327"
			m03="0" m13="0" m23="0" m33="1"/>
	</frame>
	<frame index="3">
		<transform name="warrior Bip Spine1"
			m00="0.0183339" m10="0.984793" m20="0.17276" m30="-0.263659"
			m01="0.0618396" m11="-0.173576" m21="0.982877" m31="0.0303376"
			m02="0.997918" m12="-0.0073365" m22="-0.0640815" m32="1.07504"
			m03="0" m13="0" m23="0" m33="1"/>
		<transform name="warrior Bip Pelvis"
			m00="-1.87178e-007" m10="0.984808" m20="0.173645" m30="-0.138429"
			m01="-0.0376753" m11="-0.173522" m21="0.984109" m31="0.0227789"
			m02="0.99929" m12="-0.00654197" m22="0.037103" m32="0.523296"
			m03="0" m13="0" m23="0" m33="1"/>
		<transform name="warrior Bip Neck"
			m00="0.709318" m10="0.68339" m20="0.17276" m30="-0.259153"
			m01="-0.0790073" m11="-0.166464" m21="0.982877" m31="0.0458197"
			m02="0.700447" m12="-0.710822" m22="-0.0640835" m32="1.32465"
			m03="0" m13="0" m23="0" m33="1"/>
		<transform name="warrior Bip Head"
			m00="-1.28948e-006" m10="0.999999" m20="0.00112578" m30="-0.157323"
			m01="-0.037674" m11="-0.00112503" m21="0.999289" m31="0.0344773"
			m02="0.99929" m12="-4.11233e-005" m22="0.037674" m32="1.42521"
			m03="0" m13="0" m23="0" m33="1"/>
		<transform name="warrior Bip R Clavicle"
			m00="-0.172758" m10="-0.984808" m20="-0.0175496" m30="-0.266987"
			m01="-0.982877" m11="0.173524" m21="-0.0619777" m31="0.000783844"
			m02="0.0640815" m12="0.00654202" m22="-0.997923" m32="1.32751"
			m03="0" m13="0" m23="0" m33="1"/>
		<transform name="warrior Bip Spine"
			m00="0.00557073" m10="0.984803" m20="0.173584" m30="-0.264709"
			m01="-0.0106716" m11="-0.173518" m21="0.984773" m31="0.0326893"
			m02="0.999928" m12="-0.00733831" m22="0.00954276" m32="0.851455"
			m03="0" m13="0" m23="0" m33="1"/>
		<transform name="warrior Bip R UpperArm"
			m00="-0.199643" m10="-0.906577" m20="0.371834" m30="-0.303999"
			m01="-0.701649" m11="0.39715" m21="0.591574" m31="-0.20979"
			m02="-0.683982" m12="-0.142794" m22="-0.715388" m32="1.34124"
			m03="0" m13="0" m23="0" m33="1"/>
		<transform name="warrior Bip R Forearm"
			m00="0.538957" m10="-0.75582" m20="0.371834" m30="-0.360758"
			m01="-0.765031" m11="-0.254493" m21="0.591574" m31="-0.409268"
			m02="-0.352495" m12="-0.603298" m22="-0.715388" m32="1.14678"
			m03="0" m13="0" m23="0" m33="1"/>
		<transform name="warrior Bip R Hand"
			m00="0.538957" m10="0.810294" m20="-0.230106" m30="-0.25223"
			m01="-0.765031" m11="0.35656" m21="-0.536276" m31="-0.563319"
			m02="-0.352495" m12="0.465068" m22="0.812071" m32="1.0758"
			m03="0" m13="0" m23="0" m33="1"/>
		<transform name="warrior Bip Ponytail1"
			m00="0.995228" m10="-0.0975722" m20="0.00112273" m30="0.0905544"
			m01="0.00255908" m11="0.0376009" m21="0.99929" m31="0.0177261"
			m02="-0.0975451" m12="-0.994518" m22="0.0376712" m32="1.86333"
			m03="0" m13="0" m23="0" m33="1"/>
		<transform name="warrior Bip L Thigh"
			m00="0.173327" m10="0.971148" m20="-0.163794" m30="-0.0911636"
			m01="-0.0125844" m11="-0.164114" m21="-0.986361" m31="0.290645"
			m02="-0.984784" m12="0.173024" m22="-0.0162241" m32="0.533395"
			m03="0" m13="0" m23="0" m33="1"/>
		<transform name="warrior Bip L Calf"
			m00="-0.656314" m10="0.736493" m20="-0.163794" m30="-0.0482752"
			m01="0.121236" m11="-0.111327" m21="-0.986361" m31="0.287532"
			m02="-0.744683" m12="-0.667221" m22="-0.0162241" m32="0.289718"
			m03="0" m13="0" m23="0" m33="1"/>
		<transform name="warrior Bip L Foot"
			m00="6.65509e-007" m10="1.0" m20="2.09124e-006" m30="-0.151475"
			m01="3.36073e-007" m11="2.09153e-006" m21="-1.0" m31="0.306595"
			m02="-1.0" m12="6.67378e-007" m22="-3.48262e-007" m32="0.172622"
			m03="0" m13="0" m23="0" m33="1"/>
		<transform name="warrior Bip R Thigh"
			m00="-0.0201603" m10="0.982086" m20="-0.187352" m30="-0.185694"
			m01="0.179541" m11="-0.180788" m21="-0.966996" m31="-0.245088"
			m02="-0.983544" m12="-0.0531324" m22="-0.17268" m32="0.513197"
			m03="0" m13="0" m23="0" m33="1"/>
		<transform name="warrior Bip R Calf"
			m00="-0.743699" m10="0.641725" m20="-0.187352" m30="-0.190683"
			m01="0.254481" m11="0.0126039" m21="-0.966996" m31="-0.200662"
			m02="-0.618184" m12="-0.766832" m22="-0.17268" m32="0.269827"
			m03="0" m13="0" m23="0" m33="1"/>
		<transform name="warrior Bip R Foot"
			m00="0.0" m10="0.866026" m20="-0.499999" m30="-0.307623"
			m01="3.33542e-007" m11="-0.499999" m21="-0.866026" m31="-0.160647"
			m02="-1.0" m12="-1.2206e-007" m22="-3.04692e-007" m32="0.172623"
			m03="0" m13="0" m23="0" m33="1"/>
		<transform name="warrior Bip L Clavicle"
			m00="0.172758" m10="-0.984808" m20="0.0175497" m30="-0.251162"
			m01="0.982877" m11="0.173524" m21="0.0619778" m31="0.0908174"
			m02="-0.0640815" m12="0.00654202" m22="0.997923" m32="1.32164"
			m03="0" m13="0" m23="0" m33="1"/>
		<transform name="warrior Bip L UpperArm"
			m00="0.659106" m10="-0.365471" m20="0.657274" m30="-0.21415"
			m01="0.680493" m11="0.661904" m21="-0.314344" m31="0.301391"
			m02="-0.320168" m12="0.654457" m22="0.684966" m32="1.30791"
			m03="0" m13="0" m23="0" m33="1"/>
		<transform name="warrior Bip L Forearm"
			m00="0.742198" m10="0.130889" m20="0.657274" m30="-0.0267672"
			m01="0.112135" m11="0.942663" m21="-0.314344" m31="0.494855"
			m02="-0.660733" m12="0.307009" m22="0.684966" m32="1.21689"
			m03="0" m13="0" m23="0" m33="1"/>
		<transform name="warrior Bip L Hand"
			m00="0.742198" m10="-0.243532" m20="-0.624367" m30="0.122686"
			m01="0.112135" m11="-0.87338" m21="0.473955" m31="0.517435"
			m02="-0.660733" m12="-0.421782" m22="-0.620913" m32="1.08384"
			m03="0" m13="0" m23="0" m33="1"/>
		<transform name="warrior Bip R Toe0"
			m00="0.965926" m10="-2.45947e-007" m20="-0.258817" m30="-0.112657"
			m01="-0.258817" m11="-1.83748e-007" m21="-0.965926" m31="-0.27321"
			m02="1.89943e-007" m12="1.0" m22="-2.32179e-007" m32="5.56513e-007"
			m03="0" m13="0" m23="0" m33="1"/>
		<transform name="warrior Bip L Toe0"
			m00="1.0" m10="-4.56893e-007" m20="2.34412e-006" m30="0.0736519"
			m01="2.34441e-006" m11="-3.65875e-007" m21="-1.0" m31="0.306595"
			m02="4.58762e-007" m12="1.0" m22="-3.78064e-007" m32="3.54883e-007"
			m03="0" m13="0" m23="0" m33="1"/>
		<transform name="warrior Bip Prop1"
			m00="0.783565" m10="-0.585342" m20="-0.208327" m30="-0.0491358"
			m01="0.413943" m11="0.741871" m21="-0.52752" m31="-0.591928"
			m02="0.463332" m12="0.327111" m22="0.823603" m32="0.801306"
			m03="0" m13="0" m23="0" m33="1"/>
	</frame>
	<frame index="4">
		<transform name="warrior Bip Spine1"
			m00="0.0183339" m10="0.984793" m20="0.17276" m30="-0.263659"
			m01="0.0618396" m11="-0.173576" m21="0.982877" m31="0.0297588"
			m02="0.997918" m12="-0.0073365" m22="-0.0640815" m32="1.07557"
			m03="0" m13="0" m23="0" m33="1"/>
		<transform name="warrior Bip Pelvis"
			m00="-1.87178e-007" m10="0.984808" m20="0.173645" m30="-0.138429"
			m01="-0.0376753" m11="-0.173522" m21="0.984109" m31="0.0222001"
			m02="0.99929" m12="-0.00654197" m22="0.037103" m32="0.523818"
			m03="0" m13="0" m23="0" m33="1"/>
		<transform name="warrior Bip Neck"
			m00="0.709318" m10="0.68339" m20="0.17276" m30="-0.259153"
			m01="-0.0790073" m11="-0.166464" m21="0.982877" m31="0.0452408"
			m02="0.700447" m12="-0.710822" m22="-0.0640835" m32="1.32518"
			m03="0" m13="0" m23="0" m33="1"/>
		<transform name="warrior Bip Head"
			m00="-1.28948e-006" m10="0.999998" m20="0.00201407" m30="-0.157323"
			m01="-0.037674" m11="-0.0020127" m21="0.999288" m31="0.0338984"
			m02="0.99929" m12="-7.45889e-005" m22="0.0376739" m32="1.42573"
			m03="0" m13="0" m23="0" m33="1"/>
		<transform name="warrior Bip R Clavicle"
			m00="-0.172758" m10="-0.984808" m20="-0.0175496" m30="-0.266987"
			m01="-0.982877" m11="0.173524" m21="-0.0619777" m31="0.000205"
			m02="0.0640815" m12="0.00654202" m22="-0.997923" m32="1.32803"
			m03="0" m13="0" m23="0" m33="1"/>
		<transform name="warrior Bip Spine"
			m00="0.00557073" m10="0.984803" m20="0.173584" m30="-0.264709"
			m01="-0.0106716" m11="-0.173518" m21="0.984773" m31="0.0321104"
			m02="0.999928" m12="-0.00733831" m22="0.00954276" m32="0.851977"
			m03="0" m13="0" m23="0" m33="1"/>
		<transform name="warrior Bip R UpperArm"
			m00="-0.200194" m10="-0.906456" m20="0.371833" m30="-0.303999"
			m01="-0.701402" m11="0.397577" m21="0.591581" m31="-0.210369"
			m02="-0.684074" m12="-0.142374" m22="-0.715382" m32="1.34176"
			m03="0" m13="0" m23="0" m33="1"/>
		<transform name="warrior Bip R Forearm"
			m00="0.539126" m10="-0.7557" m20="0.371833" m30="-0.360914"
			m01="-0.764971" m11="-0.254659" m21="0.591581" m31="-0.409776"
			m02="-0.352367" m12="-0.603378" m22="-0.715382" m32="1.14728"
			m03="0" m13="0" m23="0" m33="1"/>
		<transform name="warrior Bip R Hand"
			m00="0.539126" m10="0.811132" m20="-0.226733" m30="-0.252353"
			m01="-0.764971" m11="0.358967" m21="-0.534754" m31="-0.563816"
			m02="-0.352367" m12="0.461744" m22="0.814021" m32="1.07632"
			m03="0" m13="0" m23="0" m33="1"/>
		<transform name="warrior Bip Ponytail1"
			m00="0.995226" m10="-0.097572" m20="0.00201103" m30="0.0905541"
			m01="0.00167565" m11="0.0376876" m21="0.999288" m31="0.0169273"
			m02="-0.0975784" m12="-0.994515" m22="0.0376711" m32="1.86385"
			m03="0" m13="0" m23="0" m33="1"/>
		<transform name="warrior Bip L Thigh"
			m00="0.171262" m10="0.971472" m20="-0.164047" m30="-0.0911636"
			m01="-0.0107699" m11="-0.164651" m21="-0.986293" m31="0.290067"
			m02="-0.985167" m12="0.170681" m22="-0.0177358" m32="0.533917"
			m03="0" m13="0" m23="0" m33="1"/>
		<transform name="warrior Bip L Calf"
			m00="-0.653064" m10="0.739322" m20="-0.164047" m30="-0.0487862"
			m01="0.122062" m11="-0.111026" m21="-0.986293" m31="0.287402"
			m02="-0.747401" m12="-0.664136" m22="-0.0177358" m32="0.290145"
			m03="0" m13="0" m23="0" m33="1"/>
		<transform name="warrior Bip L Foot"
			m00="6.65509e-007" m10="1.0" m20="2.09124e-006" m30="-0.151475"
			m01="3.36073e-007" m11="2.09153e-006" m21="-1.0" m31="0.306595"
			m02="-1.0" m12="6.67378e-007" m22="-3.48262e-007" m32="0.172622"
			m03="0" m13="0" m23="0" m33="1"/>
		<transform name="warrior Bip R Thigh"
			m00="-0.0224608" m10="0.981957" m20="-0.187765" m30="-0.185694"
			m01="0.181165" m11="-0.180705" m21="-0.966708" m31="-0.245666"
			m02="-0.983196" m12="-0.0557295" m22="-0.173838" m32="0.513719"
			m03="0" m13="0" m23="0" m33="1"/>
		<transform name="warrior Bip R Calf"
			m00="-0.74008" m10="0.645776" m20="-0.187765" m30="-0.191252"
			m01="0.255606" m11="0.0118544" m21="-0.966708" m31="-0.200839"
			m02="-0.622051" m12="-0.763435" m22="-0.173838" m32="0.270435"
			m03="0" m13="0" m23="0" m33="1"/>
		<transform name="warrior Bip R Foot"
			m00="0.0" m10="0.866026" m20="-0.499999" m30="-0.307623"
			m01="3.33542e-007" m11="-0.499999" m21="-0.866026" m31="-0.160647"
			m02="-1.0" m12="-1.2206e-007" m22="-3.04692e-007" m32="0.172623"
			m03="0" m13="0" m23="0" m33="1"/>
		<transform name="warrior Bip L Clavicle"
			m00="0.172758" m10="-0.984808" m20="0.0175497" m30="-0.251162"
			m01="0.982877" m11="0.173524" m21="0.0619778" m31="0.0902385"
			m02="-0.0640815" m12="0.00654202" m22="0.997923" m32="1.32216"
			m03="0" m13="0" m23="0" m33="1"/>
		<transform name="warrior Bip L UpperArm"
			m00="0.659219" m10="-0.364776" m20="0.657547" m30="-0.21415"
			m01="0.679974" m11="0.662522" m21="-0.314167" m31="0.300812"
			m02="-0.321039" m12="0.654219" m22="0.684786" m32="1.30843"
			m03="0" m13="0" m23="0" m33="1"/>
		<transform name="warrior Bip L Forearm"
			m00="0.742062" m10="0.130289" m20="0.657547" m30="-0.0267351"
			m01="0.112881" m11="0.942633" m21="-0.314167" m31="0.494128"
			m02="-0.660758" m12="0.307356" m22="0.684786" m32="1.21716"
			m03="0" m13="0" m23="0" m33="1"/>
		<transform name="warrior Bip L Hand"
			m00="0.742062" m10="-0.242988" m20="-0.62474" m30="0.122691"
			m01="0.112881" m11="-0.873381" m21="0.473775" m31="0.516858"
			m02="-0.660758" m12="-0.422092" m22="-0.620675" m32="1.08411"
			m03="0" m13="0" m23="0" m33="1"/>
		<transform name="warrior Bip R Toe0"
			m00="0.965926" m10="-2.45947e-007" m20="-0.258817" m30="-0.112657"
			m01="-0.258817" m11="-1.83748e-007" m21="-0.965926" m31="-0.27321"
			m02="1.89943e-007" m12="1.0" m22="-2.32179e-007" m32="5.26711e-007"
			m03="0" m13="0" m23="0" m33="1"/>
		<transform name="warrior Bip L Toe0"
			m00="1.0" m10="-4.56893e-007" m20="2.34412e-006" m30="0.073652"
			m01="2.34441e-006" m11="-3.65875e-007" m21="-1.0" m31="0.306595"
			m02="4.58762e-007" m12="1.0" m22="-3.78064e-007" m32="3.10179e-007"
			m03="0" m13="0" m23="0" m33="1"/>
		<transform name="warrior Bip Prop1"
			m00="0.784304" m10="-0.585551" m20="-0.204933" m30="-0.0500554"
			m01="0.416302" m11="0.741676" m21="-0.525936" m31="-0.592733"
			m02="0.459956" m12="0.32718" m22="0.825466" m32="0.801271"
			m03="0" m13="0" m23="0" m33="1"/>
	</frame>
	<frame index="5">
		<transform name="warrior Bip Spine1"
			m00="0.0183339" m10="0.984793" m20="0.17276" m30="-0.263659"
			m01="0.0618396" m11="-0.173576" m21="0.982877" m31="0.0291959"
			m02="0.997918" m12="-0.0073365" m22="-0.0640815" m32="1.07625"
			m03="0" m13="0" m23="0" m33="1"/>
		<transform name="warrior Bip Pelvis"
			m00="-1.87178e-007" m10="0.984808" m20="0.173645" m30="-0.138429"
			m01="-0.0376753" m11="-0.173522" m21="0.984109" m31="0.0216372"
			m02="0.99929" m12="-0.00654197" m22="0.037103" m32="0.524504"
			m03="0" m13="0" m23="0" m33="1"/>
		<transform name="warrior Bip Neck"
			m00="0.709318" m10="0.68339" m20="0.17276" m30="-0.259153"
			m01="-0.0790073" m11="-0.166464" m21="0.982877" m31="0.0446779"
			m02="0.700447" m12="-0.710822" m22="-0.0640835" m32="1.32586"
			m03="0" m13="0" m23="0" m33="1"/>
		<transform name="warrior Bip Head"
			m00="-1.28948e-006" m10="0.999995" m20="0.0031744" m30="-0.157323"
			m01="-0.037674" m11="-0.0031722" m21="0.999285" m31="0.0333355"
			m02="0.99929" m12="-0.000118303" m22="0.0376738" m32="1.42642"
			m03="0" m13="0" m23="0" m33="1"/>
		<transform name="warrior Bip R Clavicle"
			m00="-0.172758" m10="-0.984808" m20="-0.0175496" m30="-0.266987"
			m01="-0.982877" m11="0.173524" m21="-0.0619777" m31="-0.000357883"
			m02="0.0640815" m12="0.00654202" m22="-0.997923" m32="1.32872"
			m03="0" m13="0" m23="0" m33="1"/>
		<transform name="warrior Bip Spine"
			m00="0.00557073" m10="0.984803" m20="0.173584" m30="-0.264709"
			m01="-0.0106716" m11="-0.173518" m21="0.984773" m31="0.0315475"
			m02="0.999928" m12="-0.00733831" m22="0.00954276" m32="0.852663"
			m03="0" m13="0" m23="0" m33="1"/>
		<transform name="warrior Bip R UpperArm"
			m00="-0.200918" m10="-0.906296" m20="0.371832" m30="-0.303999"
			m01="-0.701076" m11="0.398138" m21="0.59159" m31="-0.210932"
			m02="-0.684196" m12="-0.141822" m22="-0.715376" m32="1.34244"
			m03="0" m13="0" m23="0" m33="1"/>
		<transform name="warrior Bip R Forearm"
			m00="0.539349" m10="-0.755542" m20="0.371832" m30="-0.36112"
			m01="-0.764891" m11="-0.254878" m21="0.59159" m31="-0.410247"
			m02="-0.352199" m12="-0.603484" m22="-0.715376" m32="1.14793"
			m03="0" m13="0" m23="0" m33="1"/>
		<transform name="warrior Bip R Hand"
			m00="0.539349" m10="0.812211" m20="-0.222299" m30="-0.252514"
			m01="-0.764891" m11="0.362117" m21="-0.53274" m31="-0.56427"
			m02="-0.352199" m12="0.457367" m22="0.81656" m32="1.07701"
			m03="0" m13="0" m23="0" m33="1"/>
		<transform name="warrior Bip Ponytail1"
			m00="0.995223" m10="-0.0975717" m20="0.00317136" m30="0.0905534"
			m01="0.000521673" m11="0.0378007" m21="0.999285" m31="0.016077"
			m02="-0.0976219" m12="-0.99451" m22="0.037671" m32="1.86452"
			m03="0" m13="0" m23="0" m33="1"/>
		<transform name="warrior Bip L Thigh"
			m00="0.168554" m10="0.971904" m20="-0.164289" m30="-0.0911636"
			m01="-0.00889737" m11="-0.165167" m21="-0.986225" m31="0.289504"
			m02="-0.985652" m12="0.167694" m22="-0.0191923" m32="0.534603"
			m03="0" m13="0" m23="0" m33="1"/>
		<transform name="warrior Bip L Calf"
			m00="-0.648804" m10="0.743009" m20="-0.164289" m30="-0.0494561"
			m01="0.122695" m11="-0.110929" m21="-0.986225" m31="0.287302"
			m02="-0.750999" m12="-0.660024" m22="-0.0191923" m32="0.290711"
			m03="0" m13="0" m23="0" m33="1"/>
		<transform name="warrior Bip L Foot"
			m00="6.65509e-007" m10="1.0" m20="2.09124e-006" m30="-0.151475"
			m01="3.36073e-007" m11="2.09153e-006" m21="-1.0" m31="0.306595"
			m02="-1.0" m12="6.67378e-007" m22="-3.48262e-007" m32="0.172622"
			m03="0" m13="0" m23="0" m33="1"/>
		<transform name="warrior Bip R Thigh"
			m00="-0.0253477" m10="0.981816" m20="-0.188135" m30="-0.185694"
			m01="0.182782" m11="-0.180472" m21="-0.966447" m31="-0.246229"
			m02="-0.982827" m12="-0.0588849" m22="-0.174883" m32="0.514405"
			m03="0" m13="0" m23="0" m33="1"/>
		<transform name="warrior Bip R Calf"
			m00="-0.735536" m10="0.650839" m20="-0.188135" m30="-0.191966"
			m01="0.256642" m11="0.0106733" m21="-0.966447" m31="-0.201001"
			m02="-0.626994" m12="-0.75914" m22="-0.174883" m32="0.271212"
			m03="0" m13="0" m23="0" m33="1"/>
		<transform name="warrior Bip R Foot"
			m00="-0.00023743" m10="0.866078" m20="-0.499909" m30="-0.307623"
			m01="0.000228752" m11="-0.499909" m21="-0.866078" m31="-0.160647"
			m02="-1.0" m12="-0.000319983" m22="-7.94163e-005" m32="0.172623"
			m03="0" m13="0" m23="0" m33="1"/>
		<transform name="warrior Bip L Clavicle"
			m00="0.172758" m10="-0.984808" m20="0.0175497" m30="-0.251162"
			m01="0.982877" m11="0.173524" m21="0.0619778" m31="0.0896757"
			m02="-0.0640815" m12="0.00654202" m22="0.997923" m32="1.32285"
			m03="0" m13="0" m23="0" m33="1"/>
		<transform name="warrior Bip L UpperArm"
			m00="0.659366" m10="-0.363862" m20="0.657906" m30="-0.21415"
			m01="0.679289" m11="0.663334" m21="-0.313933" m31="0.300249"
			m02="-0.322183" m12="0.653905" m22="0.684548" m32="1.30912"
			m03="0" m13="0" m23="0" m33="1"/>
		<transform name="warrior Bip L Forearm"
			m00="0.741882" m10="0.1295" m20="0.657906" m30="-0.0266933"
			m01="0.113862" m11="0.942593" m21="-0.313933" m31="0.49337"
			m02="-0.660792" m12="0.307812" m22="0.684548" m32="1.21752"
			m03="0" m13="0" m23="0" m33="1"/>
		<transform name="warrior Bip L Hand"
			m00="0.741882" m10="-0.242274" m20="-0.625231" m30="0.122697"
			m01="0.113862" m11="-0.873383" m21="0.473537" m31="0.516298"
			m02="-0.660792" m12="-0.4225" m22="-0.620362" m32="1.08446"
			m03="0" m13="0" m23="0" m33="1"/>
		<transform name="warrior Bip R Toe0"
			m00="0.965926" m10="-1.83777e-007" m20="-0.258817" m30="-0.112687"
			m01="-0.258817" m11="-3.88068e-007" m21="-0.965926" m31="-0.27315"
			m02="0.0" m12="1.0" m22="-4.13474e-007" m32="-7.14976e-005"
			m03="0" m13="0" m23="0" m33="1"/>
		<transform name="warrior Bip L Toe0"
			m00="1.0" m10="-4.56893e-007" m20="2.34412e-006" m30="0.0736519"
			m01="2.34441e-006" m11="-3.65875e-007" m21="-1.0" m31="0.306595"
			m02="4.58762e-007" m12="1.0" m22="-3.78064e-007" m32="3.10179e-007"
			m03="0" m13="0" m23="0" m33="1"/>
		<transform name="warrior Bip Prop1"
			m00="0.785252" m10="-0.585824" m20="-0.200472" m30="-0.0512643"
			m01="0.419389" m11="0.74142" m21="-0.523841" m31="-0.593597"
			m02="0.455512" m12="0.327271" m22="0.82789" m32="0.801232"
			m03="0" m13="0" m23="0" m33="1"/>
	</frame>
	<frame index="6">
		<transform name="warrior Bip Spine1"
			m00="0.0183339" m10="0.984793" m20="0.17276" m30="-0.263659"
			m01="0.0618396" m11="-0.173576" m21="0.982877" m31="0.0286635"
			m02="0.997918" m12="-0.0073365" m22="-0.0640815" m32="1.07711"
			m03="0" m13="0" m23="0" m33="1"/>
		<transform name="warrior Bip Pelvis"
			m00="-1.87178e-007" m10="0.984808" m20="0.173645" m30="-0.138429"
			m01="-0.0376753" m11="-0.173522" m21="0.984109" m31="0.0211047"
			m02="0.99929" m12="-0.00654197" m22="0.037103" m32="0.525367"
			m03="0" m13="0" m23="0" m33="1"/>
		<transform name="warrior Bip Neck"
			m00="0.709318" m10="0.68339" m20="0.17276" m30="-0.259153"
			m01="-0.0790073" m11="-0.166464" m21="0.982877" m31="0.0441455"
			m02="0.700447" m12="-0.710822" m22="-0.0640835" m32="1.32673"
			m03="0" m13="0" m23="0" m33="1"/>
		<transform name="warrior Bip Head"
