<?xml version="1.0" encoding="ISO-8859-1" standalone="yes"?>

<!DOCTYPE animation [
	<!ELEMENT animation  (frame+)>
	<!ELEMENT frame      (transform+)>
	<!ELEMENT transform   EMPTY>
	<!ATTLIST frame index CDATA #REQUIRED>
	<!ATTLIST transform name CDATA #REQUIRED>
	<!ATTLIST transform m00 CDATA #REQUIRED>
	<!ATTLIST transform m01 CDATA #REQUIRED>
	<!ATTLIST transform m02 CDATA #REQUIRED>
	<!ATTLIST transform m03 CDATA #REQUIRED>
	<!ATTLIST transform m10 CDATA #REQUIRED>
	<!ATTLIST transform m11 CDATA #REQUIRED>
	<!ATTLIST transform m12 CDATA #REQUIRED>
	<!ATTLIST transform m13 CDATA #REQUIRED>
	<!ATTLIST transform m20 CDATA #REQUIRED>
	<!ATTLIST transform m21 CDATA #REQUIRED>
	<!ATTLIST transform m22 CDATA #REQUIRED>
	<!ATTLIST transform m23 CDATA #REQUIRED>
	<!ATTLIST transform m30 CDATA #REQUIRED>
	<!ATTLIST transform m31 CDATA #REQUIRED>
	<!ATTLIST transform m32 CDATA #REQUIRED>
	<!ATTLIST transform m33 CDATA #REQUIRED>
]>

<animation>
	<frame index="0">
		<transform name="chickenBip Spine"
			m00="0.990281" m10="-0.0858162" m20="-0.10945" m30="-0.0864163"
			m01="0.13303" m11="0.354832" m21="0.925417" m31="-0.100153"
			m02="-0.0405796" m12="-0.930983" m22="0.362799" m32="0.655046"
			m03="0" m13="0" m23="0" m33="1"/>
		<transform name="chickenBip Tail"
			m00="-0.68112" m10="0.73193" m20="-0.0188158" m30="-0.190018"
			m01="-0.216145" m11="-0.176454" m21="0.960284" m31="-0.147485"
			m02="0.699541" m12="0.658135" m22="0.278389" m32="0.744526"
			m03="0" m13="0" m23="0" m33="1"/>
		<transform name="chickenBip R UpperArm"
			m00="-0.470174" m10="-0.742043" m20="-0.477817" m30="-0.00701266"
			m01="-0.414851" m11="-0.29204" m21="0.861749" m31="-0.177352"
			m02="-0.778996" m12="0.603395" m22="-0.170528" m32="0.583601"
			m03="0" m13="0" m23="0" m33="1"/>
		<transform name="chickenBip L UpperArm"
			m00="-0.604812" m10="-0.735504" m20="0.305346" m30="-0.0302275"
			m01="0.723543" m11="-0.347325" m21="0.596533" m31="0.0189335"
			m02="-0.332698" m12="0.581721" m22="0.742235" m32="0.660553"
			m03="0" m13="0" m23="0" m33="1"/>
		<transform name="chickenBip R Toe0"
			m00="0.962887" m10="-0.0605917" m20="-0.263015" m30="0.321797"
			m01="-0.262495" m11="0.0165179" m21="-0.964792" m31="-0.0243513"
			m02="0.0628028" m12="0.998026" m22="-1.64863e-007" m32="9.70133e-007"
			m03="0" m13="0" m23="0" m33="1"/>
		<transform name="chickenBip R Foot"
			m00="2.38415e-006" m10="0.999991" m20="-0.00434602" m30="-0.0438804"
			m01="-3.81393e-007" m11="-0.004346" m21="-0.999991" m31="-0.0227619"
			m02="-1.0" m12="2.37035e-006" m22="3.56145e-007" m32="0.161617"
			m03="0" m13="0" m23="0" m33="1"/>
		<transform name="chickenBip R Calf"
			m00="0.792471" m10="-0.593053" m20="-0.142399" m30="-0.309061"
			m01="0.267133" m11="0.127611" m21="0.955173" m31="-0.112151"
			m02="-0.548297" m12="-0.794986" m22="0.259552" m32="0.345091"
			m03="0" m13="0" m23="0" m33="1"/>
		<transform name="chickenBip R Thigh"
			m00="-0.670542" m10="-0.728077" m20="-0.142399" m30="-0.1123"
			m01="0.0997933" m11="-0.278722" m21="0.955173" m31="-0.141434"
			m02="-0.735129" m12="0.626273" m22="0.259552" m32="0.560804"
			m03="0" m13="0" m23="0" m33="1"/>
		<transform name="chickenBip L Toe0"
			m00="-0.328704" m10="0.826611" m20="0.456802" m30="-0.966882"
			m01="0.242953" m11="0.54141" m21="-0.804891" m31="-0.0193832"
			m02="-0.912649" m12="-0.153589" m22="-0.378791" m32="0.293119"
			m03="0" m13="0" m23="0" m33="1"/>
		<transform name="chickenBip L Foot"
			m00="-0.826611" m10="-0.371495" m20="0.422736" m30="-0.69744"
			m01="-0.54141" m11="0.319939" m21="-0.777505" m31="-0.0488773"
			m02="0.153589" m12="-0.871568" m22="-0.465596" m32="0.587012"
			m03="0" m13="0" m23="0" m33="1"/>
		<transform name="chickenBip L Calf"
			m00="-0.91686" m10="-0.391902" m20="-0.0760288" m30="-0.390635"
			m01="0.133887" m11="-0.481288" m21="0.866277" m31="-0.0936794"
			m02="-0.376088" m12="0.784076" m22="0.493744" m32="0.71286"
			m03="0" m13="0" m23="0" m33="1"/>
		<transform name="chickenBip L Thigh"
			m00="-0.896647" m10="0.436169" m20="-0.0760288" m30="-0.127527"
			m01="-0.276006" m11="-0.416395" m21="0.866277" m31="-0.0126894"
			m02="0.346185" m12="0.79773" m22="0.493744" m32="0.611277"
			m03="0" m13="0" m23="0" m33="1"/>
		<transform name="chickenBip Neck"
			m00="0.723026" m10="0.648332" m20="-0.238534" m30="0.062014"
			m01="0.00232681" m11="0.343003" m21="0.939331" m31="-0.0802852"
			m02="0.690816" m12="-0.679716" m22="0.246492" m32="0.649146"
			m03="0" m13="0" m23="0" m33="1"/>
		<transform name="chickenBip Head"
			m00="0.221864" m10="0.972861" m20="-0.0657156" m30="0.315238"
			m01="-0.163008" m11="0.103452" m21="0.981186" m31="-0.0794703"
			m02="0.961356" m12="-0.206977" m22="0.181537" m32="0.89109"
			m03="0" m13="0" m23="0" m33="1"/>
		<transform name="chickenBip Ponytail1"
			m00="0.974667" m10="-0.213788" m20="-0.0657189" m30="0.408533"
			m01="0.1021" m11="0.163858" m21="0.981186" m31="-0.0906127"
			m02="-0.198997" m12="-0.96304" m22="0.181535" m32="0.985085"
			m03="0" m13="0" m23="0" m33="1"/>
	</frame>
	<frame index="1">
		<transform name="chickenBip Spine"
			m00="0.994397" m10="0.0781653" m20="-0.0711614" m30="-0.0693415"
			m01="0.0452806" m11="0.293326" m21="0.95494" m31="-0.0989609"
			m02="0.0955166" m12="-0.952812" m22="0.288143" m32="0.681829"
			m03="0" m13="0" m23="0" m33="1"/>
		<transform name="chickenBip Tail"
			m00="-0.730603" m10="0.682762" m20="-0.0074645" m30="-0.188382"
			m01="-0.163233" m11="-0.164034" m21="0.972856" m31="-0.130816"
			m02="0.663004" m12="0.71199" m22="0.231293" m32="0.758"
			m03="0" m13="0" m23="0" m33="1"/>
		<transform name="chickenBip R UpperArm"
			m00="-0.421527" m10="-0.842852" m20="-0.334539" m30="0.0115928"
			m01="-0.358268" m11="-0.184112" m21="0.915285" m31="-0.187531"
			m02="-0.833042" m12="0.505672" m22="-0.224358" m32="0.627294"
			m03="0" m13="0" m23="0" m33="1"/>
		<transform name="chickenBip L UpperArm"
			m00="-0.500112" m10="-0.838601" m20="0.215955" m30="-0.00350096"
			m01="0.696299" m11="-0.24116" m21="0.676024" m31="0.0150165"
			m02="-0.514834" m12="0.488458" m22="0.704524" m32="0.688411"
			m03="0" m13="0" m23="0" m33="1"/>
		<transform name="chickenBip R Toe0"
			m00="0.962887" m10="-0.0605912" m20="-0.263014" m30="0.161797"
			m01="-0.262495" m11="0.0165179" m21="-0.964792" m31="-0.0243511"
			m02="0.0628024" m12="0.998026" m22="0.0" m32="9.04055e-007"
			m03="0" m13="0" m23="0" m33="1"/>
		<transform name="chickenBip R Foot"
			m00="1.8316e-006" m10="0.999991" m20="-0.00434586" m30="-0.20388"
			m01="-3.63609e-007" m11="-0.00434586" m21="-0.999991" m31="-0.0227619"
			m02="-1.0" m12="1.86409e-006" m22="3.89558e-007" m32="0.161617"
			m03="0" m13="0" m23="0" m33="1"/>
		<transform name="chickenBip R Calf"
			m00="0.418896" m10="-0.907988" m20="0.00917409" m30="-0.344053"
			m01="0.24383" m11="0.12221" m21="0.962087" m31="-0.104354"
			m02="-0.874685" m12="-0.400777" m22="0.272588" m32="0.454309"
			m03="0" m13="0" m23="0" m33="1"/>
		<transform name="chickenBip R Thigh"
			m00="-0.880608" m10="-0.473756" m20="0.00917409" m30="-0.0856517"
			m01="0.136924" m11="-0.235882" m21="0.962087" m31="-0.144532"
			m02="-0.45363" m12="0.848478" m22="0.272588" m32="0.58742"
			m03="0" m13="0" m23="0" m33="1"/>
		<transform name="chickenBip L Toe0"
			m00="-0.0657445" m10="0.985646" m20="0.155498" m30="-0.823708"
			m01="0.212153" m11="0.166079" m21="-0.963021" m31="0.114146"
			m02="-0.975022" m12="-0.030324" m22="-0.220026" m32="0.145764"
			m03="0" m13="0" m23="0" m33="1"/>
		<transform name="chickenBip L Foot"
			m00="-0.98531" m10="-0.0839158" m20="0.148737" m30="-0.633779"
			m01="-0.167224" m11="0.297371" m21="-0.940003" m31="0.0324299"
			m02="0.034651" m12="-0.951067" m22="-0.307035" m32="0.48795"
			m03="0" m13="0" m23="0" m33="1"/>
		<transform name="chickenBip L Calf"
			m00="-0.759037" m10="-0.650275" m20="-0.0317082" m30="-0.379786"
			m01="0.245151" m11="-0.330594" m21="0.911377" m31="-0.0496037"
			m02="-0.603128" m12="0.683996" m22="0.410348" m32="0.689772"
			m03="0" m13="0" m23="0" m33="1"/>
		<transform name="chickenBip L Thigh"
			m00="-0.968644" m10="0.246421" m20="-0.0317082" m30="-0.0955518"
			m01="-0.129241" m11="-0.390753" m21="0.911377" m31="-0.01168"
			m02="0.212193" m12="0.886898" m22="0.410348" m32="0.627507"
			m03="0" m13="0" m23="0" m33="1"/>
		<transform name="chickenBip Neck"
			m00="0.622193" m10="0.763392" m20="-0.173519" m30="0.0796745"
			m01="-0.0118872" m11="0.230833" m21="0.972921" m31="-0.09223"
			m02="0.782774" m12="-0.603282" m22="0.152697" m32="0.696331"
			m03="0" m13="0" m23="0" m33="1"/>
		<transform name="chickenBip Head"
			m00="-0.12422" m10="0.992018" m20="-0.0216576" m30="0.297584"
			m01="-0.211982" m11="-0.00520884" m21="0.97726" m31="-0.0963933"
			m02="0.969347" m12="0.125986" m22="0.210937" m32="0.970481"
			m03="0" m13="0" m23="0" m33="1"/>
		<transform name="chickenBip Ponytail1"
			m00="0.990954" m10="0.132442" m20="-0.02166" m30="0.353158"
			m01="-0.0069639" m11="0.211929" m21="0.97726" m31="-0.120687"
			m02="0.134021" m12="-0.968269" m22="0.210934" m32="1.08874"
			m03="0" m13="0" m23="0" m33="1"/>
	</frame>
	<frame index="2">
		<transform name="chickenBip Spine"
			m00="0.965707" m10="0.259117" m20="-0.0163435" m30="-0.0294329"
			m01="-0.0409598" m11="0.214209" m21="0.975929" m31="-0.0909698"
			m02="0.256381" m12="-0.941792" m22="0.217477" m32="0.831846"
			m03="0" m13="0" m23="0" m33="1"/>
		<transform name="chickenBip Tail"
			m00="-0.916634" m10="0.398307" m20="0.0336579" m30="-0.161713"
			m01="-0.0453812" m11="-0.187354" m21="0.981244" m31="-0.105898"
			m02="0.397142" m12="0.897914" m22="0.189811" m32="0.888889"
			m03="0" m13="0" m23="0" m33="1"/>
		<transform name="chickenBip R UpperArm"
			m00="-0.332708" m10="-0.927193" m20="-0.172098" m30="0.0494896"
			m01="-0.304613" m11="-0.0670467" m21="0.950114" m31="-0.190468"
			m02="-0.892478" m12="0.368534" m22="-0.260128" m32="0.796625"
			m03="0" m13="0" m23="0" m33="1"/>
		<transform name="chickenBip L UpperArm"
			m00="-0.348593" m10="-0.926217" m20="0.143545" m30="0.0460229"
			m01="0.643868" m11="-0.125349" m21="0.754799" m31="0.0165319"
			m02="-0.681115" m12="0.355542" m22="0.640057" m32="0.842753"
			m03="0" m13="0" m23="0" m33="1"/>
		<transform name="chickenBip R Toe0"
			m00="0.956849" m10="-0.00359029" m20="-0.290565" m30="0.0017967"
			m01="-0.29022" m11="-0.0620542" m21="-0.954946" m31="-0.0243512"
			m02="-0.0146023" m12="0.998066" m22="-0.0604184" m32="9.56673e-007"
			m03="0" m13="0" m23="0" m33="1"/>
		<transform name="chickenBip R Foot"
			m00="-0.431721" m10="0.895196" m20="-0.110642" m30="-0.255785"
			m01="0.169707" m11="-0.0398589" m21="-0.984688" m31="-0.0372032"
			m02="-0.885899" m12="-0.443887" m22="-0.134713" m32="0.305498"
			m03="0" m13="0" m23="0" m33="1"/>
		<transform name="chickenBip R Calf"
			m00="0.147606" m10="-0.988859" m20="0.0192251" m30="-0.305178"
			m01="0.21975" m11="0.0517417" m21="0.974183" m31="-0.110737"
			m02="-0.964325" m12="-0.139571" m22="0.224939" m32="0.628185"
			m03="0" m13="0" m23="0" m33="1"/>
		<transform name="chickenBip R Thigh"
			m00="-0.920247" m10="-0.390866" m20="0.0192251" m30="-0.0351451"
			m01="0.105195" m11="-0.199753" m21="0.974183" m31="-0.141605"
			m02="-0.376935" m12="0.898511" m22="0.224939" m32="0.738791"
			m03="0" m13="0" m23="0" m33="1"/>
		<transform name="chickenBip L Toe0"
			m00="0.223465" m10="0.953816" m20="-0.200744" m30="-0.574318"
			m01="0.114011" m11="-0.230116" m21="-0.966462" m31="0.208903"
			m02="-0.968021" m12="0.193083" m22="-0.160169" m32="0.132122"
			m03="0" m13="0" m23="0" m33="1"/>
		<transform name="chickenBip L Foot"
			m00="-0.95684" m10="0.225282" m20="-0.183591" m30="-0.502058"
			m01="0.228064" m11="0.190535" m21="-0.954821" m31="0.102369"
			m02="-0.180123" m12="-0.955481" m22="-0.23369" m32="0.510633"
			m03="0" m13="0" m23="0" m33="1"/>
		<transform name="chickenBip L Calf"
			m00="-0.512363" m10="-0.858179" m20="0.0318416" m30="-0.330608"
			m01="0.304678" m11="-0.146987" m21="0.941045" m31="0.00041641"
			m02="-0.802905" m12="0.491858" m22="0.336779" m32="0.779306"
			m03="0" m13="0" m23="0" m33="1"/>
		<transform name="chickenBip L Thigh"
			m00="-0.999162" m10="0.0257258" m20="0.0318416" m30="-0.037419"
			m01="0.0212969" m11="-0.33761" m21="0.941045" m31="-0.00583285"
			m02="0.0349591" m12="0.940934" m22="0.336779" m32="0.769047"
			m03="0" m13="0" m23="0" m33="1"/>
		<transform name="chickenBip Neck"
			m00="0.578151" m10="0.810722" m20="-0.0920394" m30="0.115264"
			m01="0.00306243" m11="0.110646" m21="0.993855" m31="-0.0971474"
			m02="0.815924" m12="-0.57488" m22="0.0614874" m32="0.870482"
			m03="0" m13="0" m23="0" m33="1"/>
		<transform name="chickenBip Head"
			m00="-0.434039" m10="0.900746" m20="-0.0163418" m30="0.317749"
			m01="-0.202871" m11="-0.0800511" m21="0.975928" m31="-0.0960749"
			m02="0.877755" m12="0.426906" m22="0.217481" m32="1.15624"
			m03="0" m13="0" m23="0" m33="1"/>
		<transform name="chickenBip Ponytail1"
			m00="0.897115" m10="0.441494" m20="-0.016343" m30="0.331948"
			m01="-0.081728" m11="0.202198" m21="0.975929" m31="-0.124591"
			m02="0.434172" m12="-0.874185" m22="0.217477" m32="1.28527"
			m03="0" m13="0" m23="0" m33="1"/>
	</frame>
	<frame index="3">
		<transform name="chickenBip Spine"
			m00="0.90294" m10="0.426733" m20="0.0509814" m30="0.0206646"
			m01="-0.112139" m11="0.119424" m21="0.98649" m31="-0.0764599"
			m02="0.414879" m12="-0.896458" m22="0.155686" m32="1.03308"
			m03="0" m13="0" m23="0" m33="1"/>
		<transform name="chickenBip Tail"
			m00="-0.996568" m10="-0.0159518" m20="0.0812252" m30="-0.119773"
			m01="0.0826994" m11="-0.149466" m21="0.985302" m31="-0.0747382"
			m02="-0.00357691" m12="0.988638" m22="0.150272" m32="1.06815"
			m03="0" m13="0" m23="0" m33="1"/>
		<transform name="chickenBip R UpperArm"
			m00="-0.209175" m10="-0.975937" m20="-0.0615887" m30="0.0933895"
			m01="-0.478054" m11="0.0471134" m21="0.877066" m31="-0.185213"
			m02="-0.853059" m12="0.212903" m22="-0.476406" m32="1.01717"
			m03="0" m13="0" m23="0" m33="1"/>
		<transform name="chickenBip L UpperArm"
			m00="-0.146462" m10="-0.978982" m20="0.141924" m30="0.104203"
			m01="0.735468" m11="-0.0118197" m21="0.677456" m31="0.0240273"
			m02="-0.66154" m12="0.203602" m22="0.721742" m32="1.0502"
			m03="0" m13="0" m23="0" m33="1"/>
		<transform name="chickenBip R Toe0"
			m00="0.945641" m10="0.0510099" m20="-0.321186" m30="-0.156225"
			m01="-0.311494" m11="-0.14175" m21="-0.939616" m31="-0.0247801"
			m02="-0.093458" m12="0.988587" m22="-0.118156" m32="0.00386984"
			m03="0" m13="0" m23="0" m33="1"/>
		<transform name="chickenBip R Foot"
			m00="-0.743075" m10="0.612853" m20="-0.268795" m30="-0.26024"
			m01="0.327397" m11="-0.0173903" m21="-0.944727" m31="-0.0713337"
			m02="-0.583653" m12="-0.790006" m22="-0.187724" m32="0.387087"
			m03="0" m13="0" m23="0" m33="1"/>
		<transform name="chickenBip R Calf"
			m00="-0.44777" m10="-0.893669" m20="0.0292785" m30="-0.110404"
			m01="0.0983373" m11="-0.0166728" m21="0.995013" m31="-0.10424"
			m02="-0.888725" m12="0.448416" m22="0.0953466" m32="0.684477"
			m03="0" m13="0" m23="0" m33="1"/>
		<transform name="chickenBip R Thigh"
			m00="-0.460104" m10="-0.887382" m20="0.0292785" m30="0.0246062"
			m01="0.098097" m11="-0.0180332" m21="0.995013" m31="-0.133025"
			m02="-0.882429" m12="0.460681" m22="0.0953466" m32="0.943413"
			m03="0" m13="0" m23="0" m33="1"/>
		<transform name="chickenBip L Toe0"
			m00="0.48853" m10="0.761611" m20="-0.425777" m30="-0.266152"
			m01="-0.055204" m11="-0.460014" m21="-0.886194" m31="0.221884"
			m02="-0.870799" m12="0.456437" m22="-0.182687" m32="0.214258"
			m03="0" m13="0" m23="0" m33="1"/>
		<transform name="chickenBip L Foot"
			m00="-0.770519" m10="0.503161" m20="-0.391318" m30="-0.325619"
			m01="0.460378" m11="0.0146992" m21="-0.887601" m31="0.142104"
			m02="-0.440854" m12="-0.864068" m22="-0.24297" m32="0.601479"
			m03="0" m13="0" m23="0" m33="1"/>
		<transform name="chickenBip L Calf"
			m00="-0.213649" m10="-0.972284" m20="0.0949637" m30="-0.254127"
			m01="0.284562" m11="0.031054" m21="0.958154" m31="0.046882"
			m02="-0.934547" m12="0.231732" m22="0.270041" m32="0.914202"
			m03="0" m13="0" m23="0" m33="1"/>
		<transform name="chickenBip L Thigh"
			m00="-0.974066" m10="-0.205371" m20="0.0949637" m30="0.0316986"
			m01="0.1454" m11="-0.246575" m21="0.958154" m31="0.00421649"
			m02="-0.173362" m12="0.947113" m22="0.270041" m32="0.965073"
			m03="0" m13="0" m23="0" m33="1"/>
		<transform name="chickenBip Neck"
			m00="0.655603" m10="0.75468" m20="-0.0253437" m30="0.155958"
			m01="0.0403566" m11="-0.00150381" m21="0.999184" m31="-0.0932881"
			m02="0.754027" m12="-0.656091" m22="-0.0314422" m32="1.09553"
			m03="0" m13="0" m23="0" m33="1"/>
		<transform name="chickenBip Head"
			m00="-0.469135" m10="0.883126" m20="-0.000725665" m30="0.385569"
			m01="-0.135338" m11="-0.071082" m21="0.988247" m31="-0.0791541"
			m02="0.872695" m12="0.463719" m22="0.152867" m32="1.35961"
			m03="0" m13="0" m23="0" m33="1"/>
		<transform name="chickenBip Ponytail1"
			m00="0.879205" m10="0.476442" m20="-0.000726793" m30="0.39457"
			m01="-0.0721992" m11="0.134741" m21="0.988247" m31="-0.0994176"
			m02="0.470941" m12="-0.86882" m22="0.152863" m32="1.49065"
			m03="0" m13="0" m23="0" m33="1"/>
	</frame>
	<frame index="4">
		<transform name="chickenBip Spine"
			m00="0.821971" m10="0.556099" m20="0.122955" m30="0.070141"
			m01="-0.159883" m11="0.0181008" m21="0.98697" m31="-0.0566322"
			m02="0.546628" m12="-0.830919" m22="0.103789" m32="1.21695"
			m03="0" m13="0" m23="0" m33="1"/>
		<transform name="chickenBip Tail"
			m00="-0.944251" m10="-0.305405" m20="0.122953" m30="-0.0729469"
			m01="0.14853" m11="-0.0618819" m21="0.98697" m31="-0.0403091"
			m02="-0.293817" m12="0.95021" m22="0.103794" m32="1.23123"
			m03="0" m13="0" m23="0" m33="1"/>
		<transform name="chickenBip R UpperArm"
			m00="-0.149662" m10="-0.987" m20="-0.0585913" m30="0.133643"
			m01="-0.987464" m11="0.146201" m21="0.0594953" m31="-0.172112"
			m02="-0.0501557" m12="0.0667611" m22="-0.996508" m32="1.21805"
			m03="0" m13="0" m23="0" m33="1"/>
		<transform name="chickenBip L UpperArm"
			m00="0.0958033" m10="-0.994345" m20="0.0458256" m30="0.159722"
			m01="0.982932" m11="0.0872392" m21="-0.161968" m31="0.0372301"
			m02="0.157054" m12="0.0605606" m22="0.985731" m32="1.24006"
			m03="0" m13="0" m23="0" m33="1"/>
		<transform name="chickenBip R Toe0"
			m00="0.865861" m10="0.301646" m20="-0.399117" m30="-0.227334"
			m01="-0.349202" m11="-0.206874" m21="-0.913926" m31="-0.0687412"
			m02="-0.358249" m12="0.930705" m22="-0.0737882" m32="0.201304"
			m03="0" m13="0" m23="0" m33="1"/>
		<transform name="chickenBip R Foot"
			m00="-0.827638" m10="0.420304" m20="-0.371969" m30="-0.247271"
			m01="0.398389" m11="-0.0269041" m21="-0.916822" m31="-0.123289"
			m02="-0.395351" m12="-0.906985" m22="-0.145177" m32="0.596866"
			m03="0" m13="0" m23="0" m33="1"/>
		<transform name="chickenBip R Calf"
			m00="-0.513274" m10="-0.852343" m20="0.100303" m30="-0.0755164"
			m01="-0.00729461" m11="0.121201" m21="0.992601" m31="-0.120848"
			m02="-0.858194" m12="0.508745" m22="-0.0684266" m32="0.884039"
			m03="0" m13="0" m23="0" m33="1"/>
		<transform name="chickenBip R Thigh"
			m00="-0.533493" m10="-0.839836" m20="0.100303" m30="0.0810294"
			m01="-0.00439654" m11="0.12134" m21="0.992601" m31="-0.119558"
			m02="-0.845793" m12="0.529105" m22="-0.0684266" m32="1.13222"
			m03="0" m13="0" m23="0" m33="1"/>
		<transform name="chickenBip L Toe0"
			m00="0.675954" m10="0.568442" m20="-0.468998" m30="0.0152205"
			m01="-0.247537" m11="-0.424298" m21="-0.871032" m31="0.137073"
			m02="-0.694126" m12="0.704872" m22="-0.146096" m32="0.348754"
			m03="0" m13="0" m23="0" m33="1"/>
		<transform name="chickenBip L Foot"
			m00="-0.583788" m10="0.691017" m20="-0.426247" m30="-0.143121"
			m01="0.429132" m11="-0.183052" m21="-0.884499" m31="0.134657"
			m02="-0.689229" m12="-0.699276" m22="-0.189674" m32="0.715857"
			m03="0" m13="0" m23="0" m33="1"/>
		<transform name="chickenBip L Calf"
			m00="0.0813414" m10="-0.985686" m20="0.147669" m30="-0.17034"
			m01="0.170603" m11="0.159742" m21="0.972305" m31="0.0775685"
			m02="-0.981977" m12="-0.0538958" m22="0.181155" m32="1.04445"
			m03="0" m13="0" m23="0" m33="1"/>
		<transform name="chickenBip L Thigh"
			m00="-0.914935" m10="-0.375616" m20="0.147669" m30="0.0981348"
			m01="0.203855" m11="-0.114307" m21="0.972305" m31="0.0177501"
			m02="-0.348334" m12="0.919699" m22="0.181155" m32="1.14666"
			m03="0" m13="0" m23="0" m33="1"/>
		<transform name="chickenBip Neck"
			m00="0.791187" m10="0.610799" m20="0.0307896" m30="0.193324"
			m01="0.0462769" m11="-0.109992" m21="0.992855" m31="-0.0805951"
			m02="0.609822" m12="-0.784108" m22="-0.11529" m32="1.2992"
			m03="0" m13="0" m23="0" m33="1"/>
		<transform name="chickenBip Head"
			m00="-0.395852" m10="0.917939" m20="0.0262563" m30="0.47042"
			m01="-0.0579432" m11="-0.0535018" m21="0.996885" m31="-0.0643876"
			m02="0.916485" m12="0.393097" m22="0.074367" m32="1.51277"
			m03="0" m13="0" m23="0" m33="1"/>
		<transform name="chickenBip Ponytail1"
			m00="0.914625" m10="0.40345" m20="0.0262549" m30="0.490135"
			m01="-0.0539777" m11="0.0574947" m21="0.996886" m31="-0.0746816"
			m02="0.400684" m12="-0.913193" m22="0.0743634" m32="1.6438"
			m03="0" m13="0" m23="0" m33="1"/>
	</frame>
	<frame index="5">
		<transform name="chickenBip Spine"
			m00="0.750406" m10="0.633041" m20="0.190132" m30="0.109149"
			m01="-0.183095" m11="-0.0773155" m21="0.98005" m31="-0.0336998"
			m02="0.635112" m12="-0.770248" m22="0.0578886" m32="1.34403"
			m03="0" m13="0" m23="0" m33="1"/>
		<transform name="chickenBip Tail"
			m00="-0.897939" m10="-0.41224" m20="0.154153" m30="-0.0329039"
			m01="0.160167" m11="0.020161" m21="0.986884" m31="-0.00606958"
			m02="-0.409941" m12="0.910852" m22="0.0479239" m32="1.34284"
			m03="0" m13="0" m23="0" m33="1"/>
		<transform name="chickenBip R UpperArm"
			m00="-0.186776" m10="-0.974168" m20="-0.126931" m30="0.162912"
			m01="-0.687942" m11="0.221933" m21="-0.691" m31="-0.153182"
			m02="0.701321" m12="-0.0417412" m22="-0.711623" m32="1.35826"
			m03="0" m13="0" m23="0" m33="1"/>
		<transform name="chickenBip L UpperArm"
			m00="0.0676682" m10="-0.985527" m20="-0.15543" m30="0.203239"
			m01="0.62362" m11="0.163385" m21="-0.764463" m31="0.0546918"
			m02="0.778794" m12="-0.0451996" m22="0.62565" m32="1.37054"
			m03="0" m13="0" m23="0" m33="1"/>
		<transform name="chickenBip R Toe0"
			m00="0.72367" m10="0.527131" m20="-0.44546" m30="-0.309221"
			m01="-0.356654" m11="-0.266944" m21="-0.895287" m31="-0.106431"
			m02="-0.590846" m12="0.806767" m22="-0.00517547" m32="0.384224"
			m03="0" m13="0" m23="0" m33="1"/>
		<transform name="chickenBip R Foot"
			m00="-0.861641" m10="0.247245" m20="-0.44322" m30="-0.260378"
			m01="0.443588" m11="-0.0574253" m21="-0.894389" m31="-0.157122"
			m02="-0.246585" m12="-0.96725" m22="-0.0601946" m32="0.77778"
			m03="0" m13="0" m23="0" m33="1"/>
		<transform name="chickenBip R Calf"
			m00="-0.512476" m10="-0.843843" m20="0.15905" m30="-0.0888903"
			m01="-0.121079" m11="0.254381" m21="0.959495" m31="-0.116606"
			m02="-0.850122" m12="0.472461" m22="-0.232536" m32="1.06225"
			m03="0" m13="0" m23="0" m33="1"/>
		<transform name="chickenBip R Thigh"
			m00="-0.722485" m10="-0.672844" m20="0.15905" m30="0.123112"
			m01="-0.0474028" m11="0.27771" m21="0.959495" m31="-0.102697"
			m02="-0.68976" m12="0.685681" m22="-0.232536" m32="1.26465"
			m03="0" m13="0" m23="0" m33="1"/>
		<transform name="chickenBip L Toe0"
			m00="0.798459" m10="0.404394" m20="-0.446014" m30="0.232238"
			m01="-0.390827" m11="-0.21535" m21="-0.894918" m31="0.0131233"
			m02="-0.457949" m12="0.88887" m22="-0.0139001" m32="0.493035"
			m03="0" m13="0" m23="0" m33="1"/>
		<transform name="chickenBip L Foot"
			m00="-0.429608" m10="0.806106" m20="-0.406977" m30="0.00689316"
			m01="0.226833" m11="-0.339902" m21="-0.912696" m31="0.100759"
			m02="-0.874062" m12="-0.484417" m22="-0.0368265" m32="0.81144"
			m03="0" m13="0" m23="0" m33="1"/>
		<transform name="chickenBip L Calf"
			m00="0.314879" m10="-0.9277" m20="0.20056" m30="-0.0984734"
			m01="0.0131034" m11="0.215538" m21="0.976408" m31="0.096374"
			m02="-0.949041" m12="-0.304823" m22="0.0800244" m32="1.12901"
			m03="0" m13="0" m23="0" m33="1"/>
		<transform name="chickenBip L Thigh"
			m00="-0.845286" m10="-0.495244" m20="0.20056" m30="0.149564"
			m01="0.213761" m11="0.0305689" m21="0.976408" m31="0.0336489"
			m02="-0.489691" m12="0.868216" m22="0.0800244" m32="1.27271"
			m03="0" m13="0" m23="0" m33="1"/>
		<transform name="chickenBip Neck"
			m00="0.894926" m10="0.43859" m20="0.0821416" m30="0.221639"
			m01="0.00270642" m11="-0.189417" m21="0.981893" m31="-0.061124"
			m02="0.446207" m12="-0.878499" m22="-0.170701" m32="1.43958"
			m03="0" m13="0" m23="0" m33="1"/>
		<transform name="chickenBip Head"
			m00="-0.283882" m10="0.957264" m20="0.0552814" m30="0.535068"
			m01="0.00734594" m11="-0.0554804" m21="0.998433" m31="-0.0601761"
			m02="0.958831" m12="0.283843" m22="0.00871784" m32="1.59586"
			m03="0" m13="0" m23="0" m33="1"/>
		<transform name="chickenBip Ponytail1"
			m00="0.954878" m10="0.29181" m20="0.0552795" m30="0.570181"
			m01="-0.0554148" m11="-0.00780853" m21="0.998433" m31="-0.0632392"
			m02="0.291785" m12="-0.956444" m22="0.0087144" m32="1.724"
			m03="0" m13="0" m23="0" m33="1"/>
	</frame>
	<frame index="6">
		<transform name="chickenBip Spine"
			m00="0.718157" m10="0.652251" m20="0.242529" m30="0.127746"
			m01="-0.186794" m11="-0.155043" m21="0.970087" m31="-0.0105824"
			m02="0.670343" m12="-0.741977" m22="0.010491" m32="1.4101"
			m03="0" m13="0" m23="0" m33="1"/>
		<transform name="chickenBip Tail"
			m00="-0.887248" m10="-0.429547" m20="0.168167" m30="-0.0124349"
			m01="0.14495" m11="0.0864824" m21="0.985652" m31="0.0245504"
			m02="-0.437928" m12="0.898894" m22="-0.0144687" m32="1.40237"
			m03="0" m13="0" m23="0" m33="1"/>
		<transform name="chickenBip R UpperArm"
			m00="-0.267982" m10="-0.958421" m20="0.0980533" m30="0.174275"
			m01="-0.962213" m11="0.271356" m21="0.0226199" m31="-0.131783"
			m02="-0.0482868" m12="-0.0882864" m22="-0.994924" m32="1.43278"
			m03="0" m13="0" m23="0" m33="1"/>
		<transform name="chickenBip L UpperArm"
			m00="0.216553" m10="-0.97291" m20="-0.0809386" m30="0.225716"
			m01="0.975888" m11="0.213403" m21="0.0458376" m31="0.0739779"
			m02="-0.0273233" m12="-0.0889133" m22="0.995665" m32="1.43501"
			m03="0" m13="0" m23="0" m33="1"/>
		<transform name="chickenBip R Toe0"
			m00="0.608383" m10="0.626639" m20="-0.487025" m30="-0.370268"
			m01="-0.384258" m11="-0.304357" m21="-0.871615" m31="-0.106703"
			m02="-0.694417" m12="0.717419" m22="0.0556256" m32="0.513161"
			m03="0" m13="0" m23="0" m33="1"/>
		<transform name="chickenBip R Foot"
			m00="-0.85821" m10="0.137838" m20="-0.494446" m30="-0.281971"
			m01="0.486033" m11="-0.0915575" m21="-0.869131" m31="-0.151773"
			m02="-0.16507" m12="-0.986214" m22="0.0115817" m32="0.900478"
			m03="0" m13="0" m23="0" m33="1"/>
		<transform name="chickenBip R Calf"
			m00="-0.519281" m10="-0.832532" m20="0.192972" m30="-0.108207"
			m01="-0.189351" m11="0.332274" m21="0.923981" m31="-0.0884114"
			m02="-0.833363" m12="0.443266" m22="-0.330184" m32="1.17934"
			m03="0" m13="0" m23="0" m33="1"/>
		<transform name="chickenBip R Thigh"
			m00="-0.847203" m10="-0.494984" m20="0.192972" m30="0.140392"
			m01="-0.0128558" m11="0.382223" m21="0.923981" m31="-0.0846391"
			m02="-0.531114" m12="0.780318" m22="-0.330184" m32="1.33519"
			m03="0" m13="0" m23="0" m33="1"/>
		<transform name="chickenBip L Toe0"
			m00="0.882151" m10="0.191034" m20="-0.430483" m30="0.40651"
			m01="-0.440006" m11="0.00835557" m21="-0.897956" m31="-0.0729154"
			m02="-0.167943" m12="0.981548" m22="0.0914267" m32="0.611559"
			m03="0" m13="0" m23="0" m33="1"/>
		<transform name="chickenBip L Foot"
			m00="-0.22289" m10="0.891903" m20="-0.393483" m30="0.116381"
			m01="0.00676803" m11="-0.402212" m21="-0.915522" m31="0.0730717"
			m02="-0.97482" m12="-0.206724" m22="0.0836126" m32="0.844701"
			m03="0" m13="0" m23="0" m33="1"/>
		<transform name="chickenBip L Calf"
			m00="0.45652" m10="-0.85418" m20="0.248928" m30="-0.0363821"
			m01="-0.103147" m11="0.227085" m21="0.968397" m31="0.107587"
			m02="-0.883714" m12="-0.467769" m22="0.0155629" m32="1.14041"
			m03="0" m13="0" m23="0" m33="1"/>
		<transform name="chickenBip L Thigh"
			m00="-0.717415" m10="-0.650654" m20="0.248928" m30="0.174133"
			m01="0.19516" m11="0.155306" m21="0.968397" m31="0.0503205"
			m02="-0.668752" m12="0.743323" m22="0.0155629" m32="1.33665"
			m03="0" m13="0" m23="0" m33="1"/>
		<transform name="chickenBip Neck"
			m00="0.929288" m10="0.342713" m20="0.137736" m30="0.235424"
			m01="-0.0587558" m11="-0.230995" m21="0.971179" m31="-0.03855"
			m02="0.364652" m12="-0.910598" m22="-0.194525" m32="1.51095"
			m03="0" m13="0" m23="0" m33="1"/>
		<transform name="chickenBip Head"
			m00="-0.217489" m10="0.973202" m20="0.0746692" m30="0.560887"
			m01="0.0438262" m11="-0.0666865" m21="0.996811" m31="-0.059128"
			m02="0.975078" m12="0.220068" m22="-0.0281482" m32="1.63866"
			m03="0" m13="0" m23="0" m33="1"/>
		<transform name="chickenBip Ponytail1"
			m00="0.971366" m10="0.225552" m20="0.0746672" m30="0.604612"
			m01="-0.066318" m11="-0.0443805" m21="0.996811" m31="-0.0588594"
			m02="0.228147" m12="-0.97322" m22="-0.0281515" m32="1.76417"
			m03="0" m13="0" m23="0" m33="1"/>
	</frame>
	<frame index="7">
		<transform name="chickenBip Spine"
			m00="0.752959" m10="0.596567" m20="0.277779" m30="0.11001"
			m01="-0.182141" m11="-0.216694" m21="0.959098" m31="0.0132483"
			m02="0.632359" m12="-0.772756" m22="-0.0545027" m32="1.43537"
			m03="0" m13="0" m23="0" m33="1"/>
		<transform name="chickenBip Tail"
			m00="-0.927602" m10="-0.337179" m20="0.160827" m30="-0.0290161"
			m01="0.120917" m11="0.136341" m21="0.983255" m31="0.0534802"
			m02="-0.35346" m12="0.931516" m22="-0.0857001" m32="1.43472"
			m03="0" m13="0" m23="0" m33="1"/>
		<transform name="chickenBip R UpperArm"
			m00="-0.170282" m10="-0.951641" m20="0.2557" m30="0.153481"
			m01="-0.634811" m11="0.30441" m21="0.710176" m31="-0.108447"
			m02="-0.75367" m12="-0.0413908" m22="-0.655948" m32="1.46125"
			m03="0" m13="0" m23="0" m33="1"/>
		<transform name="chickenBip L UpperArm"
			m00="0.171423" m10="-0.968236" m20="0.182025" m30="0.212399"
			m01="0.545016" m11="0.247113" m21="0.801182" m31="0.0949829"
			m02="-0.820714" m12="-0.038135" m22="0.570065" m32="1.44969"
			m03="0" m13="0" m23="0" m33="1"/>
		<transform name="chickenBip R Toe0"
			m00="0.498652" m10="0.686494" m20="-0.529218" m30="-0.468076"
			m01="-0.415719" m11="-0.346336" m21="-0.840969" m31="-0.075098"
			m02="-0.760607" m12="0.639357" m22="0.112687" m32="0.60314"
			m03="0" m13="0" m23="0" m33="1"/>
		<transform name="chickenBip R Foot"
			m00="-0.839049" m10="0.0470202" m20="-0.54202" m30="-0.349666"
			m01="0.533585" m11="-0.123394" m21="-0.836697" m31="-0.116212"
			m02="-0.106223" m12="-0.991243" m22="0.078444" m32="0.982785"
			m03="0" m13="0" m23="0" m33="1"/>
		<transform name="chickenBip R Calf"
			m00="-0.586488" m10="-0.78226" m20="0.21" m30="-0.153412"
			m01="-0.193051" m11="0.386808" m21="0.901726" m31="-0.0516121"
			m02="-0.786615" m12="0.488311" m22="-0.377875" m32="1.24601"
			m03="0" m13="0" m23="0" m33="1"/>
		<transform name="chickenBip R Thigh"
			m00="-0.914929" m10="-0.344682" m20="0.21" m30="0.11506"
			m01="0.044991" m11="0.42996" m21="0.901726" m31="-0.064814"
			m02="-0.4011" m12="0.834464" m22="-0.377875" m32="1.3637"
			m03="0" m13="0" m23="0" m33="1"/>
		<transform name="chickenBip L Toe0"
			m00="0.91125" m10="-0.123732" m20="-0.392827" m30="0.53593"
			m01="-0.366633" m11="0.190806" m21="-0.910589" m31="-0.0929011"
			m02="0.187623" m12="0.973798" m22="0.128508" m32="0.702623"
			m03="0" m13="0" m23="0" m33="1"/>
		<transform name="chickenBip L Foot"
			m00="0.0870587" m10="0.928855" m20="-0.360069" m30="0.182196"
			m01="-0.176697" m11="-0.341312" m21="-0.923192" m31="0.0604673"
			m02="-0.980407" m12="0.143995" m22="0.134411" m32="0.808417"
			m03="0" m13="0" m23="0" m33="1"/>
		<transform name="chickenBip L Calf"
			m00="0.484148" m10="-0.831347" m20="0.272879" m30="0.0201882"
			m01="-0.137433" m11="0.235744" m21="0.962048" m31="0.106456"
			m02="-0.864126" m12="-0.503276" m22="-0.000119402" m32="1.09758"
			m03="0" m13="0" m23="0" m33="1"/>
		<transform name="chickenBip L Thigh"
			m00="-0.455012" m10="-0.847645" m20="0.272879" m30="0.153705"
			m01="0.128952" m11="0.240488" m21="0.962048" m31="0.0686167"
			m02="-0.881099" m12="0.472931" m22="-0.000119402" m32="1.35612"
			m03="0" m13="0" m23="0" m33="1"/>
		<transform name="chickenBip Neck"
			m00="0.903071" m10="0.379348" m20="0.201389" m30="0.2229"
			m01="-0.106292" m11="-0.256912" m21="0.960572" m31="-0.0140139"
			m02="0.41613" m12="-0.888871" m22="-0.191689" m32="1.53052"
			m03="0" m13="0" m23="0" m33="1"/>
		<transform name="chickenBip Head"
			m00="-0.237316" m10="0.96806" m20="0.0808798" m30="0.539181"
			m01="0.0473168" m11="-0.0716403" m21="0.996308" m31="-0.0512403"
			m02="0.970279" m12="0.240267" m22="-0.028804" m32="1.67626"
			m03="0" m13="0" m23="0" m33="1"/>
		<transform name="chickenBip Ponytail1"
			m00="0.966059" m10="0.245336" m20="0.0808778" m30="0.580308"
			m01="-0.0712427" m11="-0.047912" m21="0.996308" m31="-0.0509253"
			m02="0.248305" m12="-0.968253" m22="-0.0288074" m32="1.80264"
			m03="0" m13="0" m23="0" m33="1"/>
	</frame>
	<frame index="8">
		<transform name="chickenBip Spine"
			m00="0.835358" m10="0.466645" m20="0.290551" m30="0.0609735"
			m01="-0.179548" m11="-0.267947" m21="0.946555" m31="0.0381387"
			m02="0.519557" m12="-0.84288" m22="-0.140046" m32="1.4421"
			m03="0" m13="0" m23="0" m33="1"/>
		<transform name="chickenBip Tail"
			m00="-0.981498" m10="-0.141668" m20="0.128811" m30="-0.0754861"
			m01="0.103519" m11="0.173324" m21="0.979409" m31="0.0827542"
			m02="-0.161077" m12="0.974622" m22="-0.155452" m32="1.46052"
			m03="0" m13="0" m23="0" m33="1"/>
		<transform name="chickenBip R UpperArm"
			m00="-0.323134" m10="-0.938855" m20="-0.118897" m30="0.104765"
			m01="-0.940187" m11="0.332804" m21="-0.072735" m31="-0.0836976"
			m02="0.107857" m12="0.088282" m22="-0.990239" m32="1.46675"
			m03="0" m13="0" m23="0" m33="1"/>
		<transform name="chickenBip L UpperArm"
			m00="0.257344" m10="-0.956212" m20="0.1394" m30="0.166392"
			m01="0.950901" m11="0.276256" m21="0.139532" m31="0.117072"
			m02="-0.171932" m12="0.0966482" m22="0.980356" m32="1.43705"
			m03="0" m13="0" m23="0" m33="1"/>
		<transform name="chickenBip R Toe0"
			m00="0.302027" m10="0.772349" m20="-0.558799" m30="-0.625961"
			m01="-0.406703" m11="-0.425757" m21="-0.808284" m31="-0.0316829"
			m02="-0.86219" m12="0.471389" m22="0.185527" m32="0.713304"
			m03="0" m13="0" m23="0" m33="1"/>
		<transform name="chickenBip R Foot"
			m00="-0.813697" m10="-0.0824928" m20="-0.575405" m30="-0.464287"
			m01="0.580692" m11="-0.160209" m21="-0.798204" m31="-0.0669473"
			m02="-0.0263389" m12="-0.98363" m22="0.178264" m32="1.07725"
			m03="0" m13="0" m23="0" m33="1"/>
		<transform name="chickenBip R Calf"
			m00="-0.696434" m10="-0.688918" m20="0.200927" m30="-0.231243"
			m01="-0.173633" m11="0.433437" m21="0.884298" m31="-0.00884531"
			m02="-0.696298" m12="0.580968" m22="-0.421479" m32="1.31025"
			m03="0" m13="0" m23="0" m33="1"/>
		<transform name="chickenBip R Thigh"
			m00="-0.96902" m10="-0.143629" m20="0.200927" m30="0.0531014"
			m01="0.116334" m11="0.452198" m21="0.884298" m31="-0.0429819"
			m02="-0.21787" m12="0.880277" m22="-0.421479" m32="1.37418"
			m03="0" m13="0" m23="0" m33="1"/>
		<transform name="chickenBip L Toe0"
			m00="0.843701" m10="-0.453723" m20="-0.286886" m30="0.589621"
			m01="-0.159359" m11="0.298638" m21="-0.940968" m31="-0.0505438"
			m02="0.512614" m12="0.839613" m22="0.179656" m32="0.79383"
			m03="0" m13="0" m23="0" m33="1"/>
		<transform name="chickenBip L Foot"
			m00="0.411385" m10="0.870861" m20="-0.269005" m30="0.204677"
			m01="-0.290893" m11="-0.154256" m21="-0.944238" m31="0.0528779"
			m02="-0.863796" m12="0.466697" m22="0.189869" m32="0.762773"
			m03="0" m13="0" m23="0" m33="1"/>
		<transform name="chickenBip L Calf"
			m00="0.424893" m10="-0.869052" m20="0.253406" m30="0.0624973"
			m01="-0.121474" m11="0.222662" m21="0.967298" m31="0.0935263"
			m02="-0.897056" m12="-0.441781" m22="-0.0109596" m32="1.06295"
			m03="0" m13="0" m23="0" m33="1"/>
		<transform name="chickenBip L Thigh"
			m00="-0.105733" m10="-0.961564" m20="0.253406" m30="0.093523"
			m01="0.016434" m11="0.25311" m21="0.967298" m31="0.088704"
			m02="-0.994259" m12="0.106439" m22="-0.0109596" m32="1.3547"
			m03="0" m13="0" m23="0" m33="1"/>
		<transform name="chickenBip Neck"
			m00="0.836362" m10="0.483845" m20="0.257668" m30="0.1862"
			m01="-0.128673" m11="-0.283634" m21="0.950261" m31="0.0112732"
			m02="0.532862" m12="-0.827917" m22="-0.174963" m32="1.52031"
			m03="0" m13="0" m23="0" m33="1"/>
		<transform name="chickenBip Head"
			m00="-0.286238" m10="0.954999" m20="0.0777476" m30="0.479118"
			m01="0.0322099" m11="-0.0715063" m21="0.99692" m31="-0.0337917"
			m02="0.957617" m12="0.28786" m22="-0.0102926" m32="1.70693"
			m03="0" m13="0" m23="0" m33="1"/>
		<transform name="chickenBip Ponytail1"
			m00="0.952593" m10="0.294148" m20="0.0777458" m30="0.513806"
			m01="-0.071234" m11="-0.0328045" m21="0.99692" m31="-0.0351725"
			m02="0.295792" m12="-0.955197" m22="-0.010296" m32="1.83522"
			m03="0" m13="0" m23="0" m33="1"/>
	</frame>
	<frame index="9">
		<transform name="chickenBip Spine"
			m00="0.917976" m10="0.289491" m20="0.271135" m30="0.00112098"
			m01="-0.179488" m11="-0.306397" m21="0.934829" m31="0.0614438"
			m02="0.3537" m12="-0.906816" m22="-0.229305" m32="1.26399"
			m03="0" m13="0" m23="0" m33="1"/>
		<transform name="chickenBip Tail"
			m00="-0.991134" m10="0.111314" m20="0.0725507" m30="-0.128495"
			m01="0.0934058" m11="0.195381" m21="0.976269" m31="0.109561"
			m02="0.0944973" m12="0.97439" m22="-0.204046" m32="1.30688"
			m03="0" m13="0" m23="0" m33="1"/>
		<transform name="chickenBip R UpperArm"
			m00="0.0392123" m10="-0.898785" m20="-0.436632" m30="0.0471356"
			m01="-0.517479" m11="0.355541" m21="-0.778336" m31="-0.0603869"
			m02="0.854797" m12="0.256468" m22="-0.451161" m32="1.28421"
			m03="0" m13="0" m23="0" m33="1"/>
		<transform name="chickenBip L UpperArm"
			m00="0.40206" m10="-0.914983" m20="0.0339735" m30="0.104645"
			m01="0.733566" m11="0.299694" m21="-0.609971" m31="0.137896"
			m02="0.547931" m12="0.270166" m22="0.791695" m32="1.23558"
			m03="0" m13="0" m23="0" m33="1"/>
		<transform name="chickenBip R Toe0"
			m00="0.057088" m10="0.821028" m20="-0.568026" m30="-0.785905"
			m01="-0.357702" m11="-0.514361" m21="-0.779411" m31="0.0113734"
			m02="-0.932089" m12="0.247679" m22="0.26432" m32="0.664075"
			m03="0" m13="0" m23="0" m33="1"/>
		<transform name="chickenBip R Foot"
