<?xml version="1.0" encoding="ISO-8859-1" standalone="yes"?>

<!DOCTYPE animation [
	<!ELEMENT animation  (frame+)>
	<!ELEMENT frame      (transform+)>
	<!ELEMENT transform   EMPTY>
	<!ATTLIST frame index CDATA #REQUIRED>
	<!ATTLIST transform name CDATA #REQUIRED>
	<!ATTLIST transform m00 CDATA #REQUIRED>
	<!ATTLIST transform m01 CDATA #REQUIRED>
	<!ATTLIST transform m02 CDATA #REQUIRED>
	<!ATTLIST transform m03 CDATA #REQUIRED>
	<!ATTLIST transform m10 CDATA #REQUIRED>
	<!ATTLIST transform m11 CDATA #REQUIRED>
	<!ATTLIST transform m12 CDATA #REQUIRED>
	<!ATTLIST transform m13 CDATA #REQUIRED>
	<!ATTLIST transform m20 CDATA #REQUIRED>
	<!ATTLIST transform m21 CDATA #REQUIRED>
	<!ATTLIST transform m22 CDATA #REQUIRED>
	<!ATTLIST transform m23 CDATA #REQUIRED>
	<!ATTLIST transform m30 CDATA #REQUIRED>
	<!ATTLIST transform m31 CDATA #REQUIRED>
	<!ATTLIST transform m32 CDATA #REQUIRED>
	<!ATTLIST transform m33 CDATA #REQUIRED>
]>

<animation>
	<frame index="0">
		<transform name="chickenBip Spine"
			m00="0.939965" m10="0.341272" m20="-4.02147e-007" m30="-0.00922497"
			m01="1.25281e-006" m11="-2.27224e-006" m21="1.0" m31="0.0"
			m02="0.341272" m12="-0.939965" m22="-2.56337e-006" m32="0.680623"
			m03="0" m13="0" m23="0" m33="1"/>
		<transform name="chickenBip Tail"
			m00="-0.433722" m10="0.901047" m20="1.15044e-006" m30="-0.146261"
			m01="-6.24347e-007" m11="-1.57732e-006" m21="1.0" m31="0.0"
			m02="0.901047" m12="0.433722" m22="1.24668e-006" m32="0.728089"
			m03="0" m13="0" m23="0" m33="1"/>
		<transform name="chickenBip R UpperArm"
			m00="-0.292234" m10="-0.95559" m20="-0.0380409" m30="0.0687841"
			m01="-0.224461" m11="0.0298687" m21="0.974025" m31="-0.106053"
			m02="-0.929633" m12="0.293182" m22="-0.223221" m32="0.674574"
			m03="0" m13="0" m23="0" m33="1"/>
		<transform name="chickenBip L UpperArm"
			m00="-0.292234" m10="-0.95559" m20="0.0380381" m30="0.0687838"
			m01="0.22446" m11="-0.0298715" m21="0.974025" m31="0.106053"
			m02="-0.929633" m12="0.293182" m22="0.223221" m32="0.674574"
			m03="0" m13="0" m23="0" m33="1"/>
		<transform name="chickenBip R Toe0"
			m00="0.964792" m10="-1.20775e-007" m20="-0.263014" m30="0.321795"
			m01="-0.263014" m11="0.0" m21="-0.964792" m31="-0.188772"
			m02="1.20776e-007" m12="1.0" m22="0.0" m32="0.0043911"
			m03="0" m13="0" m23="0" m33="1"/>
		<transform name="chickenBip R Foot"
			m00="1.32248e-007" m10="0.964792" m20="-0.263014" m30="-0.0310101"
			m01="0.0" m11="-0.263014" m21="-0.964792" m31="-0.0925924"
			m02="-1.0" m12="1.20751e-007" m22="0.0" m32="0.166008"
			m03="0" m13="0" m23="0" m33="1"/>
		<transform name="chickenBip R Calf"
			m00="0.634631" m10="-0.772042" m20="0.0345623" m30="-0.243374"
			m01="-0.0641432" m11="-0.00805299" m21="0.997908" m31="-0.0711285"
			m02="-0.770149" m12="-0.63552" m22="-0.054632" m32="0.423719"
			m03="0" m13="0" m23="0" m33="1"/>
		<transform name="chickenBip R Thigh"
			m00="-0.798096" m10="-0.601539" m20="0.0345623" m30="-0.00918404"
			m01="-0.00534326" m11="0.0644256" m21="0.997908" m31="-0.0695606"
			m02="-0.602507" m12="0.796242" m22="-0.054632" m32="0.600516"
			m03="0" m13="0" m23="0" m33="1"/>
		<transform name="chickenBip L Toe0"
			m00="0.964791" m10="1.71442e-007" m20="0.263017" m30="0.262331"
			m01="0.263017" m11="0.0" m21="-0.964791" m31="0.219617"
			m02="-1.51385e-007" m12="1.0" m22="0.0" m32="0.00439098"
			m03="0" m13="0" m23="0" m33="1"/>
		<transform name="chickenBip L Foot"
			m00="-2.34693e-007" m10="0.934703" m20="0.35543" m30="-0.0794708"
			m01="0.0" m11="0.35543" m21="-0.934703" m31="0.0896438"
			m02="-1.0" m12="-2.19157e-007" m22="0.0" m32="0.166008"
			m03="0" m13="0" m23="0" m33="1"/>
		<transform name="chickenBip L Calf"
			m00="0.535411" m10="-0.839531" m20="-0.0923155" m30="-0.258633"
			m01="0.101088" m11="-0.0448177" m21="0.993867" m31="0.0558173"
			m02="-0.83852" m12="-0.54146" m22="0.0608704" m32="0.446598"
			m03="0" m13="0" m23="0" m33="1"/>
		<transform name="chickenBip L Thigh"
			m00="-0.850098" m10="-0.518471" m20="-0.0923155" m30="-0.00918423"
			m01="-0.0468355" m11="-0.100169" m21="0.993867" m31="0.0695605"
			m02="-0.524538" m12="0.849208" m22="0.0608704" m32="0.600516"
			m03="0" m13="0" m23="0" m33="1"/>
		<transform name="chickenBip Neck"
			m00="-0.0978745" m10="0.995199" m20="1.41158e-006" m30="0.131558"
			m01="-1.75505e-007" m11="-1.43565e-006" m21="1.0" m31="1.5783e-007"
			m02="0.995199" m12="0.0978745" m22="3.15176e-007" m32="0.73181"
			m03="0" m13="0" m23="0" m33="1"/>
		<transform name="chickenBip Head"
			m00="-0.0115626" m10="0.999933" m20="1.42472e-006" m30="0.0972793"
			m01="0.0" m11="-1.4255e-006" m21="1.0" m31="0.0"
			m02="0.999933" m12="0.0115626" m22="0.0" m32="1.08036"
			m03="0" m13="0" m23="0" m33="1"/>
		<transform name="chickenBip Ponytail1"
			m00="0.999803" m10="0.0198546" m20="-1.29363e-006" m30="0.166125"
			m01="1.34757e-006" m11="-2.70312e-006" m21="1.0" m31="0.0"
			m02="0.0198546" m12="-0.999803" m22="-2.72934e-006" m32="1.19404"
			m03="0" m13="0" m23="0" m33="1"/>
	</frame>
	<frame index="1">
		<transform name="chickenBip Spine"
			m00="0.947425" m10="0.319623" m20="-0.0150587" m30="-0.0092925"
			m01="0.0131161" m11="0.00822941" m21="0.99988" m31="0.00441924"
			m02="0.319709" m12="-0.947509" m22="0.00360454" m32="0.678082"
			m03="0" m13="0" m23="0" m33="1"/>
		<transform name="chickenBip Tail"
			m00="-0.434828" m10="0.900388" m20="-0.015057" m30="-0.145188"
			m01="-0.00979759" m11="0.0119892" m21="0.99988" m31="0.00219013"
			m02="0.90046" m12="0.434923" m22="0.00360837" m32="0.72866"
			m03="0" m13="0" m23="0" m33="1"/>
		<transform name="chickenBip R UpperArm"
			m00="-0.312889" m10="-0.947548" m20="-0.0652225" m30="0.0701457"
			m01="-0.24653" m11="0.0147057" m21="0.969023" m31="-0.10042"
			m02="-0.917237" m12="0.319276" m22="-0.2382" m32="0.669871"
			m03="0" m13="0" m23="0" m33="1"/>
		<transform name="chickenBip L UpperArm"
			m00="-0.301022" m10="-0.953059" m20="0.0326249" m30="0.0669515"
			m01="0.246471" m11="-0.044707" m21="0.968118" m31="0.11166"
			m02="-0.921215" m12="0.299466" m22="0.248359" m32="0.670636"
			m03="0" m13="0" m23="0" m33="1"/>
		<transform name="chickenBip R Toe0"
			m00="0.964792" m10="0.0" m20="-0.263014" m30="0.321795"
			m01="-0.263014" m11="0.0" m21="-0.964792" m31="-0.188772"
			m02="0.0" m12="1.0" m22="0.0" m32="0.00439109"
			m03="0" m13="0" m23="0" m33="1"/>
		<transform name="chickenBip R Foot"
			m00="2.01094e-007" m10="0.964792" m20="-0.263014" m30="-0.03101"
			m01="0.0" m11="-0.263014" m21="-0.964792" m31="-0.0925925"
			m02="-1.0" m12="1.89764e-007" m22="0.0" m32="0.166008"
			m03="0" m13="0" m23="0" m33="1"/>
		<transform name="chickenBip R Calf"
			m00="0.639914" m10="-0.768175" m20="0.0204312" m30="-0.245141"
			m01="-0.0630415" m11="-0.0259804" m21="0.997673" m31="-0.0714972"
			m02="-0.765856" m12="-0.639713" m22="-0.0650521" m32="0.422283"
			m03="0" m13="0" m23="0" m33="1"/>
		<transform name="chickenBip R Thigh"
			m00="-0.801209" m10="-0.598035" m20="0.0204312" m30="-0.0100382"
			m01="-0.0225814" m11="0.0643373" m21="0.997673" m31="-0.064871"
			m02="-0.597958" m12="0.798883" m22="-0.0650521" m32="0.597745"
			m03="0" m13="0" m23="0" m33="1"/>
		<transform name="chickenBip L Toe0"
			m00="0.964791" m10="0.0" m20="0.263017" m30="0.262332"
			m01="0.263017" m11="0.0" m21="-0.964791" m31="0.219617"
			m02="0.0" m12="1.0" m22="0.0" m32="0.00439098"
			m03="0" m13="0" m23="0" m33="1"/>
		<transform name="chickenBip L Foot"
			m00="-1.72435e-007" m10="0.934703" m20="0.35543" m30="-0.0794707"
			m01="0.0" m11="0.35543" m21="-0.934703" m31="0.0896438"
			m02="-1.0" m12="-1.58957e-007" m22="0.0" m32="0.166008"
			m03="0" m13="0" m23="0" m33="1"/>
		<transform name="chickenBip L Calf"
			m00="0.545141" m10="-0.833618" m20="-0.0888951" m30="-0.261888"
			m01="0.0900322" m11="-0.0472092" m21="0.994819" m31="0.0595168"
			m02="-0.833496" m12="-0.55032" m22="0.0493168" m32="0.444917"
			m03="0" m13="0" m23="0" m33="1"/>
		<transform name="chickenBip L Thigh"
			m00="-0.851142" m10="-0.517353" m20="-0.0888951" m30="-0.0121333"
			m01="-0.0501525" m11="-0.0884264" m21="0.994819" m31="0.0742333"
			m02="-0.522534" m12="0.851191" m22="0.0493168" m32="0.598247"
			m03="0" m13="0" m23="0" m33="1"/>
		<transform name="chickenBip Neck"
			m00="-0.0750527" m10="0.997066" m20="-0.0150568" m30="0.132609"
			m01="-0.00472778" m11="0.0147434" m21="0.99988" m31="0.00638346"
			m02="0.997168" m12="0.0751149" m22="0.00360737" m32="0.72604"
			m03="0" m13="0" m23="0" m33="1"/>
		<transform name="chickenBip Head"
			m00="0.0113351" m10="0.999822" m20="-0.0150568" m30="0.106324"
			m01="-0.00343662" m11="0.0150966" m21="0.99988" m31="0.00472766"
			m02="0.99993" m12="-0.011282" m22="0.00360713" m32="1.07528"
			m03="0" m13="0" m23="0" m33="1"/>
		<transform name="chickenBip Ponytail1"
			m00="0.999882" m10="-0.00304327" m20="-0.0150595" m30="0.177746"
			m01="0.0150704" m11="0.00355895" m21="0.99988" m31="0.00539881"
			m02="-0.0029893" m12="-0.999989" m22="0.00360439" m32="1.18736"
			m03="0" m13="0" m23="0" m33="1"/>
	</frame>
	<frame index="2">
		<transform name="chickenBip Spine"
			m00="0.954527" m10="0.296527" m20="-0.03081" m30="-0.00949402"
			m01="0.0271156" m11="0.0165647" m21="0.999495" m31="0.00924007"
			m02="0.296887" m12="-0.954881" m22="0.00777099" m32="0.675362"
			m03="0" m13="0" m23="0" m33="1"/>
		<transform name="chickenBip Tail"
			m00="-0.436151" m10="0.899346" m20="-0.0308084" m30="-0.144076"
			m01="-0.020442" m11="0.0243255" m21="0.999495" m31="0.00467297"
			m02="0.899641" m12="0.436561" m22="0.00777485" m32="0.729177"
			m03="0" m13="0" m23="0" m33="1"/>
		<transform name="chickenBip R UpperArm"
			m00="-0.33326" m10="-0.938087" m20="-0.0945046" m30="0.0713746"
			m01="-0.269944" m11="-0.00110287" m21="0.962875" m31="-0.0942916"
			m02="-0.903365" m12="0.346398" m22="-0.252864" m32="0.664844"
			m03="0" m13="0" m23="0" m33="1"/>
		<transform name="chickenBip L UpperArm"
			m00="-0.310685" m10="-0.950105" m20="0.0278578" m30="0.0648394"
			m01="0.269398" m11="-0.0599113" m21="0.961163" m31="0.117707"
			m02="-0.911537" m12="0.306123" m22="0.27457" m32="0.666493"
			m03="0" m13="0" m23="0" m33="1"/>
		<transform name="chickenBip R Toe0"
			m00="0.964792" m10="-1.25544e-007" m20="-0.263014" m30="0.321795"
			m01="-0.263014" m11="0.0" m21="-0.964792" m31="-0.188772"
			m02="1.29618e-007" m12="1.0" m22="0.0" m32="0.00439109"
			m03="0" m13="0" m23="0" m33="1"/>
		<transform name="chickenBip R Foot"
			m00="3.96373e-007" m10="0.964792" m20="-0.263014" m30="-0.0310101"
			m01="0.0" m11="-0.263014" m21="-0.964792" m31="-0.0925925"
			m02="-1.0" m12="3.90283e-007" m22="0.0" m32="0.166008"
			m03="0" m13="0" m23="0" m33="1"/>
		<transform name="chickenBip R Calf"
			m00="0.645485" m10="-0.763757" m20="0.00490699" m30="-0.247006"
			m01="-0.0616101" m11="-0.0456636" m21="0.997055" m31="-0.0719762"
			m02="-0.761284" m12="-0.643887" m22="-0.0765303" m32="0.420753"
			m03="0" m13="0" m23="0" m33="1"/>
		<transform name="chickenBip R Thigh"
			m00="-0.804021" m10="-0.59458" m20="0.00490699" m30="-0.0110774"
			m01="-0.0415707" m11="0.0644426" m21="0.997055" m31="-0.0597779"
			m02="-0.593145" m12="0.80145" m22="-0.0765303" m32="0.594802"
			m03="0" m13="0" m23="0" m33="1"/>
		<transform name="chickenBip L Toe0"
			m00="0.964791" m10="1.92492e-007" m20="0.263017" m30="0.262332"
			m01="0.263017" m11="0.0" m21="-0.964791" m31="0.219618"
			m02="-1.71763e-007" m12="1.0" m22="0.0" m32="0.00439106"
			m03="0" m13="0" m23="0" m33="1"/>
		<transform name="chickenBip L Foot"
			m00="-1.33159e-007" m10="0.934703" m20="0.35543" m30="-0.0794707"
			m01="0.0" m11="0.35543" m21="-0.934703" m31="0.0896439"
			m02="-1.0" m12="-1.22265e-007" m22="0.0" m32="0.166008"
			m03="0" m13="0" m23="0" m33="1"/>
		<transform name="chickenBip L Calf"
			m00="0.555467" m10="-0.827143" m20="-0.085381" m30="-0.265344"
			m01="0.0781917" m11="-0.0502674" m21="0.99567" m31="0.063479"
			m02="-0.827854" m12="-0.559739" m22="0.0367538" m32="0.443029"
			m03="0" m13="0" m23="0" m33="1"/>
		<transform name="chickenBip L Thigh"
			m00="-0.851909" m10="-0.516682" m20="-0.085381" m30="-0.0153638"
			m01="-0.0538243" m11="-0.0757872" m21="0.99567" m31="0.079273"
			m02="-0.520916" m12="0.852816" m22="0.0367538" m32="0.595884"
			m03="0" m13="0" m23="0" m33="1"/>
		<transform name="chickenBip Neck"
			m00="-0.0509167" m10="0.998228" m20="-0.0308081" m30="0.133473"
			m01="-0.00933672" m11="0.030371" m21="0.999495" m31="0.0133008"
			m02="0.998659" m12="0.0511787" m22="0.00777379" m32="0.719901"
			m03="0" m13="0" m23="0" m33="1"/>
		<transform name="chickenBip Head"
			m00="0.0354813" m10="0.998895" m20="-0.0308081" m30="0.115641"
			m01="-0.00667874" m11="0.0310638" m21="0.999495" m31="0.0100308"
			m02="0.999348" m12="-0.0352576" m22="0.00777355" m32="1.06966"
			m03="0" m13="0" m23="0" m33="1"/>
		<transform name="chickenBip Ponytail1"
			m00="0.999155" m10="-0.0271963" m20="-0.0308109" m30="0.189724"
			m01="0.0310101" m11="0.00693337" m21="0.999495" m31="0.0114562"
			m02="-0.0269689" m12="-0.999606" m22="0.00777087" m32="1.17999"
			m03="0" m13="0" m23="0" m33="1"/>
	</frame>
	<frame index="3">
		<transform name="chickenBip Spine"
			m00="0.961098" m10="0.272163" m20="-0.0470882" m30="-0.00983126"
			m01="0.0418913" m11="0.024877" m21="0.998812" m31="0.0144018"
			m02="0.273011" m12="-0.96193" m22="0.012508" m32="0.672479"
			m03="0" m13="0" m23="0" m33="1"/>
		<transform name="chickenBip Tail"
			m00="-0.437593" m10="0.89794" m20="-0.0470864" m30="-0.142923"
			m01="-0.0318858" m11="0.0368371" m21="0.998812" m31="0.00741162"
			m02="0.898608" m12="0.438574" m22="0.0125119" m32="0.72962"
			m03="0" m13="0" m23="0" m33="1"/>
		<transform name="chickenBip R UpperArm"
			m00="-0.352943" m10="-0.927169" m20="-0.125655" m30="0.0724448"
			m01="-0.294522" m11="-0.0173773" m21="0.955487" m31="-0.0877359"
			m02="-0.888081" m12="0.374241" m22="-0.266939" m32="0.65953"
			m03="0" m13="0" m23="0" m33="1"/>
		<transform name="chickenBip L UpperArm"
			m00="-0.321115" m10="-0.946738" m20="0.0239309" m30="0.062457"
			m01="0.293016" m11="-0.0752927" m21="0.953138" m31="0.124118"
			m02="-0.90057" m12="0.31308" m22="0.301587" m32="0.662184"
			m03="0" m13="0" m23="0" m33="1"/>
		<transform name="chickenBip R Toe0"
			m00="0.964792" m10="-1.69323e-007" m20="-0.263014" m30="0.321795"
			m01="-0.263014" m11="0.0" m21="-0.964792" m31="-0.188772"
			m02="1.73846e-007" m12="1.0" m22="0.0" m32="0.00439112"
			m03="0" m13="0" m23="0" m33="1"/>
		<transform name="chickenBip R Foot"
			m00="3.867e-007" m10="0.964792" m20="-0.263014" m30="-0.03101"
			m01="0.0" m11="-0.263014" m21="-0.964792" m31="-0.0925924"
			m02="-1.0" m12="3.74624e-007" m22="-1.32728e-007" m32="0.166008"
			m03="0" m13="0" m23="0" m33="1"/>
		<transform name="chickenBip R Calf"
			m00="0.651241" m10="-0.758778" m20="-0.0118691" m30="-0.248932"
			m01="-0.0598098" m11="-0.0669127" m21="0.995965" m31="-0.0725786"
			m02="-0.75651" m12="-0.647903" m22="-0.0889587" m32="0.419155"
			m03="0" m13="0" m23="0" m33="1"/>
		<transform name="chickenBip R Thigh"
			m00="-0.80643" m10="-0.59121" m20="-0.0118691" m30="-0.0122966"
			m01="-0.062135" m11="0.0647593" m21="0.995965" m31="-0.054346"
			m02="-0.588056" m12="0.803914" m22="-0.0889587" m32="0.591712"
			m03="0" m13="0" m23="0" m33="1"/>
		<transform name="chickenBip L Toe0"
			m00="0.964791" m10="1.57912e-007" m20="0.263017" m30="0.262332"
			m01="0.263017" m11="0.0" m21="-0.964791" m31="0.219617"
			m02="-1.23123e-007" m12="1.0" m22="-1.22458e-007" m32="0.00439112"
			m03="0" m13="0" m23="0" m33="1"/>
		<transform name="chickenBip L Foot"
			m00="0.0" m10="0.934703" m20="0.35543" m30="-0.0794707"
			m01="0.0" m11="0.35543" m21="-0.934703" m31="0.0896439"
			m02="-1.0" m12="0.0" m22="0.0" m32="0.166008"
			m03="0" m13="0" m23="0" m33="1"/>
		<transform name="chickenBip L Calf"
			m00="0.566259" m10="-0.820143" m20="-0.0819502" m30="-0.268955"
			m01="0.0658343" m11="-0.0541038" m21="0.996363" m31="0.067614"
			m02="-0.821594" m12="-0.569594" m22="0.0233569" m32="0.440934"
			m03="0" m13="0" m23="0" m33="1"/>
		<transform name="chickenBip L Thigh"
			m00="-0.852343" m10="-0.516523" m20="-0.0819502" m30="-0.0188476"
			m01="-0.0579202" m11="-0.062503" m21="0.996363" m31="0.0846099"
			m02="-0.519766" m12="0.853989" m22="0.0233569" m32="0.593452"
			m03="0" m13="0" m23="0" m33="1"/>
		<transform name="chickenBip Neck"
			m00="-0.0256844" m10="0.998561" m20="-0.0470862" m30="0.134122"
			m01="-0.0137311" m11="0.0467449" m21="0.998812" m31="0.0206754"
			m02="0.999576" m12="0.0263004" m22="0.0125108" m32="0.713443"
			m03="0" m13="0" m23="0" m33="1"/>
		<transform name="chickenBip Head"
			m00="0.0606482" m10="0.997048" m20="-0.0470862" m30="0.125127"
			m01="-0.00964267" m11="0.047756" m21="0.998812" m31="0.0158664"
			m02="0.998113" m12="-0.0601221" m22="0.0125105" m32="1.06352"
			m03="0" m13="0" m23="0" m33="1"/>
		<transform name="chickenBip Ponytail1"
			m00="0.997517" m10="-0.0523775" m20="-0.0470891" m30="0.201921"
			m01="0.0476772" m11="0.0100356" m21="0.998812" m31="0.0181282"
			m02="-0.0518427" m12="-0.998577" m22="0.0125079" m32="1.17197"
			m03="0" m13="0" m23="0" m33="1"/>
	</frame>
	<frame index="4">
		<transform name="chickenBip Spine"
			m00="0.966988" m10="0.246726" m20="-0.063727" m30="-0.0103036"
			m01="0.0573258" m11="0.0330488" m21="0.997808" m31="0.0198425"
			m02="0.248292" m12="-0.968521" m22="0.017814" m32="0.669454"
			m03="0" m13="0" m23="0" m33="1"/>
		<transform name="chickenBip Tail"
			m00="-0.439055" m10="0.896197" m20="-0.0637252" m30="-0.141732"
			m01="-0.0440648" m11="0.0493626" m21="0.997808" m31="0.010368"
			m02="0.897379" m12="0.440901" m22="0.0178179" m32="0.729973"
			m03="0" m13="0" m23="0" m33="1"/>
		<transform name="chickenBip R UpperArm"
			m00="-0.371574" m10="-0.914791" m20="-0.158402" m30="0.0733349"
			m01="-0.320061" m11="-0.0339383" m21="0.946789" m31="-0.0808249"
			m02="-0.871489" m12="0.4025" m22="-0.280178" m32="0.653967"
			m03="0" m13="0" m23="0" m33="1"/>
		<transform name="chickenBip L UpperArm"
			m00="-0.332189" m10="-0.942979" m20="0.0210098" m30="0.0598179"
			m01="0.317096" m11="-0.0906716" m21="0.944049" m31="0.130816"
			m02="-0.888314" m12="0.320265" m22="0.329135" m32="0.657746"
			m03="0" m13="0" m23="0" m33="1"/>
		<transform name="chickenBip R Toe0"
			m00="0.964792" m10="-2.59001e-007" m20="-0.263014" m30="0.321795"
			m01="-0.263014" m11="0.0" m21="-0.964792" m31="-0.188771"
			m02="2.5888e-007" m12="1.0" m22="0.0" m32="0.00439112"
			m03="0" m13="0" m23="0" m33="1"/>
		<transform name="chickenBip R Foot"
			m00="4.06279e-007" m10="0.964792" m20="-0.263014" m30="-0.0310101"
			m01="0.0" m11="-0.263014" m21="-0.964792" m31="-0.0925924"
			m02="-1.0" m12="3.93499e-007" m22="0.0" m32="0.166008"
			m03="0" m13="0" m23="0" m33="1"/>
		<transform name="chickenBip R Calf"
			m00="0.657078" m10="-0.753236" m20="-0.0297337" m30="-0.250885"
			m01="-0.0576194" m11="-0.0895141" m21="0.994317" m31="-0.0733114"
			m02="-0.751617" m12="-0.651631" m22="-0.102219" m32="0.417518"
			m03="0" m13="0" m23="0" m33="1"/>
		<transform name="chickenBip R Thigh"
			m00="-0.808345" m10="-0.587957" m20="-0.0297337" m30="-0.0136879"
			m01="-0.0840732" m11="0.065303" m21="0.994317" m31="-0.0486414"
			m02="-0.582675" m12="0.806252" m22="-0.102219" m32="0.588495"
			m03="0" m13="0" m23="0" m33="1"/>
		<transform name="chickenBip L Toe0"
			m00="0.964791" m10="1.28586e-007" m20="0.263017" m30="0.262331"
			m01="0.263017" m11="0.0" m21="-0.964791" m31="0.219617"
			m02="-1.23728e-007" m12="1.0" m22="0.0" m32="0.00439114"
			m03="0" m13="0" m23="0" m33="1"/>
		<transform name="chickenBip L Foot"
			m00="-2.68366e-007" m10="0.934703" m20="0.35543" m30="-0.0794708"
			m01="0.0" m11="0.35543" m21="-0.934703" m31="0.0896439"
			m02="-1.0" m12="-2.55751e-007" m22="-1.22395e-007" m32="0.166008"
			m03="0" m13="0" m23="0" m33="1"/>
		<transform name="chickenBip L Calf"
			m00="0.577384" m10="-0.812665" m20="-0.0787637" m30="-0.272678"
			m01="0.0532247" m11="-0.0587998" m21="0.99685" m31="0.0718335"
			m02="-0.814736" m12="-0.579757" m22="0.00930385" m32="0.438639"
			m03="0" m13="0" m23="0" m33="1"/>
		<transform name="chickenBip L Thigh"
			m00="-0.8524" m10="-0.516925" m20="-0.0787637" m30="-0.0225538"
			m01="-0.062505" m11="-0.0488201" m21="0.99685" m31="0.0901747"
			m02="-0.519142" m12="0.854638" m22="0.00930385" m32="0.590974"
			m03="0" m13="0" m23="0" m33="1"/>
		<transform name="chickenBip Neck"
			m00="0.000418216" m10="0.997967" m20="-0.0637249" m30="0.134534"
			m01="-0.0178263" m11="0.0637223" m21="0.997808" m31="0.0284276"
			m02="0.999841" m12="0.000718671" m22="0.0178167" m32="0.706715"
			m03="0" m13="0" m23="0" m33="1"/>
		<transform name="chickenBip Head"
			m00="0.086602" m10="0.994203" m20="-0.0637249" m30="0.13468"
			m01="-0.0122563" m11="0.0650237" m21="0.997808" m31="0.0221843"
			m02="0.996168" m12="-0.0856312" m22="0.0178164" m32="1.05689"
			m03="0" m13="0" m23="0" m33="1"/>
		<transform name="chickenBip Ponytail1"
			m00="0.994887" m10="-0.078354" m20="-0.0637279" m30="0.214204"
			m01="0.0649225" m11="0.0127924" m21="0.997808" m31="0.0253626"
			m02="-0.077367" m12="-0.996844" m22="0.0178139" m32="1.16333"
			m03="0" m13="0" m23="0" m33="1"/>
	</frame>
	<frame index="5">
		<transform name="chickenBip Spine"
			m00="0.972071" m10="0.220427" m20="-0.0805619" m30="-0.010908"
			m01="0.0732928" m11="0.0409734" m21="0.996468" m31="0.0254983"
			m02="0.222949" m12="-0.974543" m22="0.0236733" m32="0.666306"
			m03="0" m13="0" m23="0" m33="1"/>
		<transform name="chickenBip Tail"
			m00="-0.440447" m10="0.894157" m20="-0.0805601" m30="-0.140503"
			m01="-0.0568976" m11="0.0617511" m21="0.996468" m31="0.0135023"
			m02="0.895974" m12="0.443475" m22="0.0236772" m32="0.730222"
			m03="0" m13="0" m23="0" m33="1"/>
		<transform name="chickenBip R UpperArm"
			m00="-0.388828" m10="-0.900989" m20="-0.192438" m30="0.0740285"
			m01="-0.34634" m11="-0.0506092" m21="0.936743" m31="-0.0736331"
			m02="-0.853734" m12="0.430881" m22="-0.29237" m32="0.648198"
			m03="0" m13="0" m23="0" m33="1"/>
		<transform name="chickenBip L UpperArm"
			m00="-0.343761" m10="-0.93886" m20="0.0192259" m30="0.0569407"
			m01="0.34141" m11="-0.105881" m21="0.933932" m31="0.137723"
			m02="-0.874796" m12="0.327613" m22="0.356934" m32="0.653219"
			m03="0" m13="0" m23="0" m33="1"/>
		<transform name="chickenBip R Toe0"
			m00="0.964792" m10="-2.8591e-007" m20="-0.263014" m30="0.321795"
			m01="-0.263014" m11="0.0" m21="-0.964792" m31="-0.188771"
			m02="2.95674e-007" m12="1.0" m22="0.0" m32="0.0043912"
			m03="0" m13="0" m23="0" m33="1"/>
		<transform name="chickenBip R Foot"
			m00="5.38292e-007" m10="0.964792" m20="-0.263014" m30="-0.0310101"
			m01="0.0" m11="-0.263014" m21="-0.964792" m31="-0.0925924"
			m02="-1.0" m12="5.31571e-007" m22="-1.56866e-007" m32="0.166008"
			m03="0" m13="0" m23="0" m33="1"/>
		<transform name="chickenBip R Calf"
			m00="0.662896" m10="-0.747139" m20="-0.0485032" m30="-0.252832"
			m01="-0.0550356" m11="-0.113232" m21="0.992043" m31="-0.0741761"
			m02="-0.746686" m12="-0.654952" m22="-0.11618" m32="0.415868"
			m03="0" m13="0" m23="0" m33="1"/>
		<transform name="chickenBip R Thigh"
			m00="-0.809688" m10="-0.584853" m20="-0.0485032" m30="-0.0152407"
			m01="-0.10716" m11="0.0660838" m21="0.992043" m31="-0.0427314"
			m02="-0.576994" m12="0.808443" m22="-0.11618" m32="0.585178"
			m03="0" m13="0" m23="0" m33="1"/>
		<transform name="chickenBip L Toe0"
			m00="0.964791" m10="1.84767e-007" m20="0.263017" m30="0.262331"
			m01="0.263017" m11="0.0" m21="-0.964791" m31="0.219618"
			m02="-1.45282e-007" m12="1.0" m22="0.0" m32="0.00439119"
			m03="0" m13="0" m23="0" m33="1"/>
		<transform name="chickenBip L Foot"
			m00="0.0" m10="0.934703" m20="0.35543" m30="-0.0794708"
			m01="0.0" m11="0.35543" m21="-0.934703" m31="0.0896439"
			m02="-1.0" m12="0.0" m22="0.0" m32="0.166008"
			m03="0" m13="0" m23="0" m33="1"/>
		<transform name="chickenBip L Calf"
			m00="0.588716" m10="-0.804763" m20="-0.0759641" m30="-0.27647"
			m01="0.0406188" m11="-0.0644049" m21="0.997097" m31="0.0760518"
			m02="-0.807319" m12="-0.590092" m22="-0.00522766" m32="0.436157"
			m03="0" m13="0" m23="0" m33="1"/>
		<transform name="chickenBip L Thigh"
			m00="-0.852049" m10="-0.517921" m20="-0.0759641" m30="-0.0264487"
			m01="-0.067635" m11="-0.0349768" m21="0.997097" m31="0.0958983"
			m02="-0.519074" m12="0.854713" m22="-0.00522766" m32="0.588472"
			m03="0" m13="0" m23="0" m33="1"/>
		<transform name="chickenBip Neck"
			m00="0.0271575" m10="0.99638" m20="-0.0805598" m30="0.134693"
			m01="-0.02155" m11="0.0811543" m21="0.996469" m31="0.0364747"
			m02="0.999399" m12="-0.0253255" m22="0.0236759" m32="0.699771"
			m03="0" m13="0" m23="0" m33="1"/>
		<transform name="chickenBip Head"
			m00="0.113104" m10="0.990312" m20="-0.0805598" m30="0.144204"
			m01="-0.0144607" m11="0.0827122" m21="0.996469" m31="0.0289273"
			m02="0.993478" m12="-0.11154" m22="0.0236757" m32="1.04979"
			m03="0" m13="0" m23="0" m33="1"/>
		<transform name="chickenBip Ponytail1"
			m00="0.991216" m10="-0.104888" m20="-0.0805628" m30="0.226446"
			m01="0.0825922" m11="0.0151434" m21="0.996468" m31="0.0330977"
			m02="-0.103297" m12="-0.994369" m22="0.0236733" m32="1.15411"
			m03="0" m13="0" m23="0" m33="1"/>
	</frame>
	<frame index="6">
		<transform name="chickenBip Spine"
			m00="0.976253" m10="0.193486" m20="-0.0974316" m30="-0.0116384"
			m01="0.0896579" m11="0.0485565" m21="0.994788" m31="0.0313044"
			m02="0.197209" m12="-0.979901" m22="0.0300559" m32="0.663058"
			m03="0" m13="0" m23="0" m33="1"/>
		<transform name="chickenBip Tail"
			m00="-0.441685" m10="0.891864" m20="-0.0974297" m30="-0.139239"
			m01="-0.0702855" m11="0.0738654" m21="0.994788" m31="0.0167735"
			m02="0.894413" m12="0.446231" m22="0.0300599" m32="0.730355"
			m03="0" m13="0" m23="0" m33="1"/>
		<transform name="chickenBip R UpperArm"
			m00="-0.404434" m10="-0.885839" m20="-0.227426" m30="0.0745148"
			m01="-0.373122" m11="-0.0672182" m21="0.925344" m31="-0.0662377"
			m02="-0.834993" m12="0.459098" m22="-0.303341" m32="0.642266"
			m03="0" m13="0" m23="0" m33="1"/>
		<transform name="chickenBip L UpperArm"
			m00="-0.355675" m10="-0.934423" m20="0.0186725" m30="0.0538489"
			m01="0.365735" m11="-0.120771" m21="0.92285" m31="0.144762"
			m02="-0.860077" m12="0.335064" m22="0.384707" m32="0.648641"
			m03="0" m13="0" m23="0" m33="1"/>
		<transform name="chickenBip R Toe0"
			m00="0.964792" m10="-4.53995e-007" m20="-0.263014" m30="0.321795"
			m01="-0.263014" m11="0.0" m21="-0.964792" m31="-0.188772"
			m02="4.79681e-007" m12="1.0" m22="0.0" m32="0.00439112"
			m03="0" m13="0" m23="0" m33="1"/>
		<transform name="chickenBip R Foot"
			m00="4.43081e-007" m10="0.964792" m20="-0.263014" m30="-0.0310101"
			m01="0.0" m11="-0.263014" m21="-0.964792" m31="-0.0925924"
			m02="-1.0" m12="4.64413e-007" m22="0.0" m32="0.166008"
			m03="0" m13="0" m23="0" m33="1"/>
		<transform name="chickenBip R Calf"
			m00="0.668601" m10="-0.740508" m20="-0.067977" m30="-0.254741"
			m01="-0.0520707" m11="-0.137811" m21="0.989089" m31="-0.0751682"
			m02="-0.741796" m12="-0.657766" m22="-0.130699" m32="0.414232"
			m03="0" m13="0" m23="0" m33="1"/>
		<transform name="chickenBip R Thigh"
			m00="-0.8104" m10="-0.58192" m20="-0.067977" m30="-0.0169408"
			m01="-0.13115" m11="0.0671031" m21="0.989089" m31="-0.0366842"
			m02="-0.571009" m12="0.810473" m22="-0.130699" m32="0.581786"
			m03="0" m13="0" m23="0" m33="1"/>
		<transform name="chickenBip L Toe0"
			m00="0.964791" m10="1.43176e-007" m20="0.263017" m30="0.262332"
			m01="0.263017" m11="0.0" m21="-0.964791" m31="0.219618"
			m02="0.0" m12="1.0" m22="0.0" m32="0.00439112"
			m03="0" m13="0" m23="0" m33="1"/>
		<transform name="chickenBip L Foot"
			m00="0.0" m10="0.934703" m20="0.35543" m30="-0.0794707"
			m01="0.0" m11="0.35543" m21="-0.934703" m31="0.0896439"
			m02="-1.0" m12="0.0" m22="0.0" m32="0.166008"
			m03="0" m13="0" m23="0" m33="1"/>
		<transform name="chickenBip L Calf"
			m00="0.600131" m10="-0.796501" m20="-0.0736741" m30="-0.28029"
			m01="0.0282606" m11="-0.0709339" m21="0.997081" m31="0.0801872"
			m02="-0.799402" m12="-0.600462" m22="-0.0200601" m32="0.433508"
			m03="0" m13="0" m23="0" m33="1"/>
		<transform name="chickenBip L Thigh"
			m00="-0.851275" m10="-0.519522" m20="-0.0736741" m30="-0.0304957"
			m01="-0.0733537" m11="-0.021202" m21="0.997081" m31="0.101712"
			m02="-0.519568" m12="0.854194" m22="-0.0200601" m32="0.585968"
			m03="0" m13="0" m23="0" m33="1"/>
		<transform name="chickenBip Neck"
			m00="0.0542948" m10="0.99376" m20="-0.0974294" m30="0.134591"
			m01="-0.0248444" m11="0.0988876" m21="0.994788" m31="0.0447317"
			m02="0.998216" m12="-0.0515913" m22="0.0300585" m32="0.692668"
			m03="0" m13="0" m23="0" m33="1"/>
		<transform name="chickenBip Head"
			m00="0.139914" m10="0.985359" m20="-0.0974294" m30="0.153606"
			m01="-0.0162114" m11="0.100664" m21="0.994788" m31="0.0360305"
			m02="0.990031" m12="-0.137605" m22="0.0300583" m32="1.04227"
			m03="0" m13="0" m23="0" m33="1"/>
		<transform name="chickenBip Ponytail1"
			m00="0.986485" m10="-0.131737" m20="-0.0974325" m30="0.238527"
			m01="0.100529" m11="0.0170429" m21="0.994788" m31="0.0412626"
			m02="-0.12939" m12="-0.991138" m22="0.0300559" m32="1.14437"
			m03="0" m13="0" m23="0" m33="1"/>
	</frame>
	<frame index="7">
		<transform name="chickenBip Spine"
			m00="0.97947" m10="0.166138" m20="-0.114179" m30="-0.0124856"
			m01="0.106279" m11="0.0557179" m21="0.992774" m31="0.037194"
			m02="0.171299" m12="-0.984527" m22="0.0369169" m32="0.659736"
			m03="0" m13="0" m23="0" m33="1"/>
		<transform name="chickenBip Tail"
			m00="-0.442693" m10="0.889374" m20="-0.114177" m30="-0.137947"
			m01="-0.0841134" m11="0.0855838" m21="0.992774" m31="0.020138"
			m02="0.892719" m12="0.449098" m22="0.0369209" m32="0.730365"
			m03="0" m13="0" m23="0" m33="1"/>
		<transform name="chickenBip R UpperArm"
			m00="-0.418179" m10="-0.869457" m20="-0.263004" m30="0.0747894"
			m01="-0.400156" m11="-0.0836006" m21="0.912626" m31="-0.0587186"
			m02="-0.815476" m12="0.486883" m22="-0.312959" m32="0.636219"
			m03="0" m13="0" m23="0" m33="1"/>
		<transform name="chickenBip L UpperArm"
			m00="-0.367763" m10="-0.929717" m20="0.0194019" m30="0.0505712"
			m01="0.389856" m11="-0.135204" m21="0.910897" m31="0.151854"
			m02="-0.844253" m12="0.342558" m22="0.412178" m32="0.64405"
			m03="0" m13="0" m23="0" m33="1"/>
		<transform name="chickenBip R Toe0"
			m00="0.964792" m10="-3.91388e-007" m20="-0.263014" m30="0.321795"
			m01="-0.263014" m11="0.0" m21="-0.964792" m31="-0.188772"
			m02="3.57659e-007" m12="1.0" m22="0.0" m32="0.00439113"
			m03="0" m13="0" m23="0" m33="1"/>
		<transform name="chickenBip R Foot"
			m00="6.82236e-007" m10="0.964792" m20="-0.263014" m30="-0.03101"
			m01="0.0" m11="-0.263014" m21="-0.964792" m31="-0.0925924"
			m02="-1.0" m12="6.40116e-007" m22="-1.5366e-007" m32="0.166008"
			m03="0" m13="0" m23="0" m33="1"/>
		<transform name="chickenBip R Calf"
			m00="0.674107" m10="-0.73338" m20="-0.0879415" m30="-0.256583"
			m01="-0.0487515" m11="-0.162976" m21="0.985425" m31="-0.0762789"
			m02="-0.737023" m12="-0.659995" m22="-0.145617" m32="0.412634"
			m03="0" m13="0" m23="0" m33="1"/>
		<transform name="chickenBip R Thigh"
			m00="-0.810444" m10="-0.579178" m20="-0.0879415" m30="-0.0187705"
			m01="-0.155776" m11="0.0683514" m21="0.985425" m31="-0.0305689"
			m02="-0.564726" m12="0.81233" m22="-0.145617" m32="0.578345"
			m03="0" m13="0" m23="0" m33="1"/>
		<transform name="chickenBip L Toe0"
			m00="0.964791" m10="1.59311e-007" m20="0.263017" m30="0.262332"
			m01="0.263017" m11="0.0" m21="-0.964791" m31="0.219617"
			m02="-1.44548e-007" m12="1.0" m22="0.0" m32="0.0043912"
			m03="0" m13="0" m23="0" m33="1"/>
		<transform name="chickenBip L Foot"
			m00="0.0" m10="0.934703" m20="0.35543" m30="-0.0794707"
			m01="0.0" m11="0.35543" m21="-0.934703" m31="0.0896438"
			m02="-1.0" m12="0.0" m22="0.0" m32="0.166008"
			m03="0" m13="0" m23="0" m33="1"/>
		<transform name="chickenBip L Calf"
			m00="0.61151" m10="-0.787954" m20="-0.0719959" m30="-0.284097"
			m01="0.0163773" m11="-0.0783674" m21="0.99679" m31="0.0841636"
			m02="-0.791067" m12="-0.610726" m22="-0.0350179" m32="0.430719"
			m03="0" m13="0" m23="0" m33="1"/>
		<transform name="chickenBip L Thigh"
			m00="-0.850075" m10="-0.521717" m20="-0.0719959" m30="-0.0346553"
			m01="-0.079688" m11="-0.00771308" m21="0.99679" m31="0.107547"
			m02="-0.520598" m12="0.853084" m22="-0.0350179" m32="0.583481"
			m03="0" m13="0" m23="0" m33="1"/>
		<transform name="chickenBip Neck"
			m00="0.0815878" m10="0.990105" m20="-0.114177" m30="0.134227"
			m01="-0.0276666" m11="0.116765" m21="0.992774" m31="0.0531108"
			m02="0.996282" m12="-0.0778394" m22="0.0369195" m32="0.685464"
			m03="0" m13="0" m23="0" m33="1"/>
		<transform name="chickenBip Head"
			m00="0.166789" m10="0.979359" m20="-0.114177" m30="0.162801"
			m01="-0.0174791" m11="0.118718" m21="0.992774" m31="0.0434211"
			m02="0.985838" m12="-0.163588" m22="0.0369192" m32="1.03439"
			m03="0" m13="0" m23="0" m33="1"/>
		<transform name="chickenBip Ponytail1"
			m00="0.980709" m10="-0.158661" m20="-0.11418" m30="0.250335"
			m01="0.118572" m11="0.0184603" m21="0.992774" m31="0.0497768"
			m02="-0.155407" m12="-0.98716" m22="0.0369169" m32="1.13419"
			m03="0" m13="0" m23="0" m33="1"/>
	</frame>
	<frame index="8">
		<transform name="chickenBip Spine"
			m00="0.981688" m10="0.138625" m20="-0.130655" m30="-0.0134369"
			m01="0.12301" m11="0.0623916" m21="0.990442" m31="0.0430994"
			m02="0.145452" m12="-0.988378" m22="0.0441969" m32="0.656364"
			m03="0" m13="0" m23="0" m33="1"/>
		<transform name="chickenBip Tail"
			m00="-0.443406" m10="0.886747" m20="-0.130653" m30="-0.136632"
			m01="-0.0982508" m11="0.0968024" m21="0.990442" m31="0.0235508"
			m02="0.89092" m12="0.452005" m22="0.0442009" m32="0.730248"
			m03="0" m13="0" m23="0" m33="1"/>
		<transform name="chickenBip R UpperArm"
			m00="-0.429913" m10="-0.851997" m20="-0.298791" m30="0.0748546"
			m01="-0.427185" m11="-0.0996011" m21="0.898661" m31="-0.0511581"
			m02="-0.795417" m12="0.513986" m22="-0.32114" m32="0.630109"
			m03="0" m13="0" m23="0" m33="1"/>
		<transform name="chickenBip L UpperArm"
			m00="-0.37985" m10="-0.9248" m20="0.0214228" m30="0.0471419"
			m01="0.413566" m11="-0.149061" m21="0.898189" m31="0.15892"
			m02="-0.827452" m12="0.350037" m22="0.439086" m32="0.639484"
			m03="0" m13="0" m23="0" m33="1"/>
		<transform name="chickenBip R Toe0"
			m00="0.964792" m10="-5.89065e-007" m20="-0.263014" m30="0.321795"
			m01="-0.263014" m11="0.0" m21="-0.964792" m31="-0.188772"
			m02="5.88017e-007" m12="1.0" m22="0.0" m32="0.00439122"
			m03="0" m13="0" m23="0" m33="1"/>
		<transform name="chickenBip R Foot"
			m00="7.69651e-007" m10="0.964792" m20="-0.263014" m30="-0.0310101"
			m01="0.0" m11="-0.263014" m21="-0.964792" m31="-0.0925924"
			m02="-1.0" m12="7.53777e-007" m22="-1.86944e-007" m32="0.166008"
			m03="0" m13="0" m23="0" m33="1"/>
		<transform name="chickenBip R Calf"
			m00="0.67934" m10="-0.725807" m20="-0.108173" m30="-0.258334"
			m01="-0.0451161" m11="-0.188442" m21="0.981048" m31="-0.0774955"
			m02="-0.732435" m12="-0.661585" m22="-0.160761" m32="0.411099"
			m03="0" m13="0" m23="0" m33="1"/>
		<transform name="chickenBip R Thigh"
			m00="-0.809807" m10="-0.576637" m20="-0.108173" m30="-0.0207083"
			m01="-0.180755" m11="0.0698082" m21="0.981048" m31="-0.0244555"
			m02="-0.558157" m12="0.814012" m22="-0.160761" m32="0.574882"
			m03="0" m13="0" m23="0" m33="1"/>
		<transform name="chickenBip L Toe0"
			m00="0.964791" m10="0.0" m20="0.263017" m30="0.262332"
			m01="0.263017" m11="0.0" m21="-0.964791" m31="0.219618"
			m02="0.0" m12="1.0" m22="-1.25481e-007" m32="0.0043913"
			m03="0" m13="0" m23="0" m33="1"/>
		<transform name="chickenBip L Foot"
			m00="0.0" m10="0.934703" m20="0.35543" m30="-0.0794708"
			m01="1.28801e-007" m11="0.35543" m21="-0.934703" m31="0.089644"
			m02="-1.0" m12="1.26217e-007" m22="0.0" m32="0.166008"
			m03="0" m13="0" m23="0" m33="1"/>
		<transform name="chickenBip L Calf"
			m00="0.622736" m10="-0.779203" m20="-0.0710107" m30="-0.287854"
			m01="0.00517757" m11="-0.0866506" m21="0.996225" m31="0.0879114"
			m02="-0.782415" m12="-0.620753" m22="-0.0499261" m32="0.427824"
			m03="0" m13="0" m23="0" m33="1"/>
		<transform name="chickenBip L Thigh"
			m00="-0.848462" m10="-0.524471" m20="-0.0710107" m30="-0.0388853"
			m01="-0.0866442" m11="0.00528452" m21="0.996225" m31="0.113336"
			m02="-0.522116" m12="0.851412" m22="-0.0499261" m32="0.581031"
			m03="0" m13="0" m23="0" m33="1"/>
		<transform name="chickenBip Neck"
			m00="0.108793" m10="0.985441" m20="-0.130653" m30="0.13361"
			m01="-0.0299895" m11="0.134627" m21="0.990442" m31="0.0615219"
			m02="0.993612" m12="-0.103835" m22="0.0441993" m32="0.678221"
			m03="0" m13="0" m23="0" m33="1"/>
		<transform name="chickenBip Head"
			m00="0.19349" m10="0.972364" m20="-0.130653" m30="0.171712"
			m01="-0.0182508" m11="0.136714" m21="0.990442" m31="0.0510187"
			m02="0.980932" m12="-0.189256" m22="0.0441991" m32="1.02621"
			m03="0" m13="0" m23="0" m33="1"/>
		<transform name="chickenBip Ponytail1"
			m00="0.973935" m10="-0.185419" m20="-0.130656" m30="0.26177"
			m01="0.13656" m11="0.0193812" m21="0.990442" m31="0.0585497"
			m02="-0.181115" m12="-0.982468" m22="0.0441969" m32="1.12366"
			m03="0" m13="0" m23="0" m33="1"/>
	</frame>
	<frame index="9">
		<transform name="chickenBip Spine"
			m00="0.982909" m10="0.111199" m20="-0.146716" m30="-0.0144761"
			m01="0.139696" m11="0.0685274" m21="0.98782" m31="0.0489513"
			m02="0.119898" m12="-0.991433" m22="0.0518221" m32="0.652971"
			m03="0" m13="0" m23="0" m33="1"/>
		<transform name="chickenBip Tail"
			m00="-0.443768" m10="0.88405" m20="-0.146714" m30="-0.135301"
			m01="-0.112554" m11="0.107436" m21="0.98782" m31="0.0269645"
			m02="0.889045" m12="0.454877" m22="0.0518261" m32="0.730005"
			m03="0" m13="0" m23="0" m33="1"/>
		<transform name="chickenBip R UpperArm"
			m00="-0.439552" m10="-0.833648" m20="-0.334402" m30="0.0747196"
			m01="-0.453948" m11="-0.115075" m21="0.883566" m31="-0.0436407"
			m02="-0.775065" m12="0.540175" m22="-0.327851" m32="0.623988"
			m03="0" m13="0" m23="0" m33="1"/>
		<transform name="chickenBip L UpperArm"
			m00="-0.391764" m10="-0.919734" m20="0.0247005" m30="0.0436002"
			m01="0.436675" m11="-0.162239" m21="0.884869" m31="0.165881"
			m02="-0.809837" m12="0.357446" m22="0.465184" m32="0.634981"
			m03="0" m13="0" m23="0" m33="1"/>
		<transform name="chickenBip R Toe0"
			m00="0.964792" m10="-6.49102e-007" m20="-0.263014" m30="0.321795"
			m01="-0.263014" m11="0.0" m21="-0.964792" m31="-0.188771"
			m02="6.33554e-007" m12="1.0" m22="-1.53407e-007" m32="0.00439117"
			m03="0" m13="0" m23="0" m33="1"/>
		<transform name="chickenBip R Foot"
			m00="7.87221e-007" m10="0.964792" m20="-0.263014" m30="-0.0310102"
			m01="0.0" m11="-0.263014" m21="-0.964792" m31="-0.0925924"
