<?xml version="1.0" encoding="ISO-8859-1" standalone="yes"?>

<!DOCTYPE animation [
	<!ELEMENT animation  (frame+)>
	<!ELEMENT frame      (transform+)>
	<!ELEMENT transform   EMPTY>
	<!ATTLIST frame index CDATA #REQUIRED>
	<!ATTLIST transform name CDATA #REQUIRED>
	<!ATTLIST transform m00 CDATA #REQUIRED>
	<!ATTLIST transform m01 CDATA #REQUIRED>
	<!ATTLIST transform m02 CDATA #REQUIRED>
	<!ATTLIST transform m03 CDATA #REQUIRED>
	<!ATTLIST transform m10 CDATA #REQUIRED>
	<!ATTLIST transform m11 CDATA #REQUIRED>
	<!ATTLIST transform m12 CDATA #REQUIRED>
	<!ATTLIST transform m13 CDATA #REQUIRED>
	<!ATTLIST transform m20 CDATA #REQUIRED>
	<!ATTLIST transform m21 CDATA #REQUIRED>
	<!ATTLIST transform m22 CDATA #REQUIRED>
	<!ATTLIST transform m23 CDATA #REQUIRED>
	<!ATTLIST transform m30 CDATA #REQUIRED>
	<!ATTLIST transform m31 CDATA #REQUIRED>
	<!ATTLIST transform m32 CDATA #REQUIRED>
	<!ATTLIST transform m33 CDATA #REQUIRED>
]>

<animation>
	<frame index="0">
		<transform name="chickenBip Spine"
			m00="0.939965" m10="0.341272" m20="-4.02147e-007" m30="-0.00922497"
			m01="1.25281e-006" m11="-2.27224e-006" m21="1.0" m31="0.0"
			m02="0.341272" m12="-0.939965" m22="-2.56337e-006" m32="0.680623"
			m03="0" m13="0" m23="0" m33="1"/>
		<transform name="chickenBip Tail"
			m00="-0.433722" m10="0.901047" m20="1.15044e-006" m30="-0.146261"
			m01="-6.24347e-007" m11="-1.57732e-006" m21="1.0" m31="0.0"
			m02="0.901047" m12="0.433722" m22="1.24668e-006" m32="0.728089"
			m03="0" m13="0" m23="0" m33="1"/>
		<transform name="chickenBip R UpperArm"
			m00="-0.292234" m10="-0.95559" m20="-0.0380409" m30="0.0687841"
			m01="-0.224461" m11="0.0298687" m21="0.974025" m31="-0.106053"
			m02="-0.929633" m12="0.293182" m22="-0.223221" m32="0.674574"
			m03="0" m13="0" m23="0" m33="1"/>
		<transform name="chickenBip L UpperArm"
			m00="-0.292234" m10="-0.95559" m20="0.0380381" m30="0.0687838"
			m01="0.22446" m11="-0.0298715" m21="0.974025" m31="0.106053"
			m02="-0.929633" m12="0.293182" m22="0.223221" m32="0.674574"
			m03="0" m13="0" m23="0" m33="1"/>
		<transform name="chickenBip R Toe0"
			m00="0.962887" m10="-0.0605902" m20="-0.263014" m30="0.321796"
			m01="-0.262495" m11="0.0165176" m21="-0.964792" m31="-0.188772"
			m02="0.0628013" m12="0.998026" m22="0.0" m32="0.00439152"
			m03="0" m13="0" m23="0" m33="1"/>
		<transform name="chickenBip R Foot"
			m00="7.84174e-007" m10="0.964792" m20="-0.263014" m30="-0.0310093"
			m01="0.0" m11="-0.263014" m21="-0.964792" m31="-0.0925924"
			m02="-1.0" m12="7.72677e-007" m22="-1.31579e-007" m32="0.166008"
			m03="0" m13="0" m23="0" m33="1"/>
		<transform name="chickenBip R Calf"
			m00="0.634697" m10="-0.772112" m20="0.031665" m30="-0.243395"
			m01="-0.0621939" m11="-0.0101957" m21="0.998012" m31="-0.0717807"
			m02="-0.770254" m12="-0.635405" m22="-0.0544918" m32="0.423755"
			m03="0" m13="0" m23="0" m33="1"/>
		<transform name="chickenBip R Thigh"
			m00="-0.798169" m10="-0.601601" m20="0.031665" m30="-0.00918404"
			m01="-0.00756617" m11="0.0625682" m21="0.998012" m31="-0.0695606"
			m02="-0.602386" m12="0.796342" m22="-0.0544918" m32="0.600516"
			m03="0" m13="0" m23="0" m33="1"/>
		<transform name="chickenBip L Toe0"
			m00="0.964791" m10="1.70955e-007" m20="0.263017" m30="0.262333"
			m01="0.263017" m11="0.0" m21="-0.964791" m31="0.219617"
			m02="-1.50866e-007" m12="1.0" m22="0.0" m32="0.00439176"
			m03="0" m13="0" m23="0" m33="1"/>
		<transform name="chickenBip L Foot"
			m00="-2.34693e-007" m10="0.934703" m20="0.35543" m30="-0.0794696"
			m01="0.0" m11="0.35543" m21="-0.934703" m31="0.0896439"
			m02="-1.0" m12="-2.19157e-007" m22="0.0" m32="0.166009"
			m03="0" m13="0" m23="0" m33="1"/>
		<transform name="chickenBip L Calf"
			m00="0.535398" m10="-0.83951" m20="-0.0925893" m30="-0.258627"
			m01="0.101272" m11="-0.0450238" m21="0.993839" m31="0.0557556"
			m02="-0.838506" m12="-0.541476" m22="0.0609134" m32="0.446594"
			m03="0" m13="0" m23="0" m33="1"/>
		<transform name="chickenBip L Thigh"
			m00="-0.850078" m10="-0.518454" m20="-0.0925893" m30="-0.00918423"
			m01="-0.0470457" m11="-0.100349" m21="0.993839" m31="0.0695605"
			m02="-0.524551" m12="0.849197" m22="0.0609134" m32="0.600516"
			m03="0" m13="0" m23="0" m33="1"/>
		<transform name="chickenBip Neck"
			m00="-0.0978745" m10="0.995199" m20="1.41158e-006" m30="0.131558"
			m01="-1.75505e-007" m11="-1.43565e-006" m21="1.0" m31="1.5783e-007"
			m02="0.995199" m12="0.0978745" m22="3.15176e-007" m32="0.73181"
			m03="0" m13="0" m23="0" m33="1"/>
		<transform name="chickenBip Head"
			m00="-0.0115626" m10="0.999933" m20="1.42472e-006" m30="0.0972793"
			m01="0.0" m11="-1.4255e-006" m21="1.0" m31="0.0"
			m02="0.999933" m12="0.0115626" m22="0.0" m32="1.08036"
			m03="0" m13="0" m23="0" m33="1"/>
		<transform name="chickenBip Ponytail1"
			m00="0.999803" m10="0.0198546" m20="-1.29363e-006" m30="0.166125"
			m01="1.34757e-006" m11="-2.70312e-006" m21="1.0" m31="0.0"
			m02="0.0198546" m12="-0.999803" m22="-2.72934e-006" m32="1.19404"
			m03="0" m13="0" m23="0" m33="1"/>
	</frame>
	<frame index="1">
		<transform name="chickenBip Spine"
			m00="0.939965" m10="0.341272" m20="-4.02147e-007" m30="-0.0106791"
			m01="1.25281e-006" m11="-2.27224e-006" m21="1.0" m31="-0.000143271"
			m02="0.341272" m12="-0.939965" m22="-2.56337e-006" m32="0.684737"
			m03="0" m13="0" m23="0" m33="1"/>
		<transform name="chickenBip Tail"
			m00="-0.433722" m10="0.901047" m20="0.000229703" m30="-0.147715"
			m01="0.000525462" m11="-1.99623e-006" m21="1.0" m31="-0.000143343"
			m02="0.901046" m12="0.433722" m22="-0.0004726" m32="0.732203"
			m03="0" m13="0" m23="0" m33="1"/>
		<transform name="chickenBip R UpperArm"
			m00="-0.291643" m10="-0.955462" m20="-0.0451305" m30="0.0673299"
			m01="-0.240267" m11="0.0275063" m21="0.970317" m31="-0.106196"
			m02="-0.92586" m12="0.29383" m22="-0.237588" m32="0.678689"
			m03="0" m13="0" m23="0" m33="1"/>
		<transform name="chickenBip L UpperArm"
			m00="-0.28656" m10="-0.956459" m20="0.0553997" m30="0.0673297"
			m01="0.24858" m11="-0.0183825" m21="0.968437" m31="0.10591"
			m02="-0.925252" m12="0.291287" m22="0.243024" m32="0.678689"
			m03="0" m13="0" m23="0" m33="1"/>
		<transform name="chickenBip R Toe0"
			m00="0.962887" m10="-0.0605902" m20="-0.263014" m30="0.321796"
			m01="-0.262495" m11="0.0165176" m21="-0.964792" m31="-0.188772"
			m02="0.0628013" m12="0.998026" m22="0.0" m32="0.00439149"
			m03="0" m13="0" m23="0" m33="1"/>
		<transform name="chickenBip R Foot"
			m00="7.84174e-007" m10="0.964792" m20="-0.263014" m30="-0.0310093"
			m01="0.0" m11="-0.263014" m21="-0.964792" m31="-0.0925924"
			m02="-1.0" m12="7.72677e-007" m22="-1.31579e-007" m32="0.166008"
			m03="0" m13="0" m23="0" m33="1"/>
		<transform name="chickenBip R Calf"
			m00="0.631608" m10="-0.774639" m20="0.0317085" m30="-0.242361"
			m01="-0.0615358" m11="-0.00931971" m21="0.998061" m31="-0.072001"
			m02="-0.772842" m12="-0.632334" m22="-0.0535545" m32="0.424621"
			m03="0" m13="0" m23="0" m33="1"/>
		<transform name="chickenBip R Thigh"
			m00="-0.78969" m10="-0.612686" m20="0.0317085" m30="-0.0106382"
			m01="-0.00782857" m11="0.0617432" m21="0.998061" m31="-0.0697038"
			m02="-0.613456" m12="0.787911" m22="-0.0535545" m32="0.60463"
			m03="0" m13="0" m23="0" m33="1"/>
		<transform name="chickenBip L Toe0"
			m00="0.964791" m10="1.70955e-007" m20="0.263017" m30="0.262333"
			m01="0.263017" m11="0.0" m21="-0.964791" m31="0.219617"
			m02="-1.50866e-007" m12="1.0" m22="0.0" m32="0.00439182"
			m03="0" m13="0" m23="0" m33="1"/>
		<transform name="chickenBip L Foot"
			m00="-2.34693e-007" m10="0.934703" m20="0.35543" m30="-0.0794696"
			m01="0.0" m11="0.35543" m21="-0.934703" m31="0.0896439"
			m02="-1.0" m12="-2.19157e-007" m22="0.0" m32="0.166009"
			m03="0" m13="0" m23="0" m33="1"/>
		<transform name="chickenBip L Calf"
			m00="0.53306" m10="-0.840987" m20="-0.0926739" m30="-0.257845"
			m01="0.100737" m11="-0.0456686" m21="0.993864" m31="0.0559349"
			m02="-0.840059" m12="-0.539125" m22="0.0603741" m32="0.447114"
			m03="0" m13="0" m23="0" m33="1"/>
		<transform name="chickenBip L Thigh"
			m00="-0.842456" m10="-0.530734" m20="-0.0926739" m30="-0.0106383"
			m01="-0.0459467" m11="-0.10061" m21="0.993864" m31="0.0694173"
			m02="-0.536802" m12="0.841546" m22="0.0603741" m32="0.60463"
			m03="0" m13="0" m23="0" m33="1"/>
		<transform name="chickenBip Neck"
			m00="-0.117774" m10="0.99304" m20="1.4056e-006" m30="0.130104"
			m01="-2.02249e-007" m11="-1.43944e-006" m21="1.0" m31="-0.000143083"
			m02="0.99304" m12="0.117774" m22="3.70369e-007" m32="0.735919"
			m03="0" m13="0" m23="0" m33="1"/>
		<transform name="chickenBip Head"
			m00="-0.0115626" m10="0.999933" m20="1.42472e-006" m30="0.0888565"
			m01="0.0" m11="-1.4255e-006" m21="1.0" m31="-0.000143154"
			m02="0.999933" m12="0.0115626" m22="0.0" m32="1.08371"
			m03="0" m13="0" m23="0" m33="1"/>
		<transform name="chickenBip Ponytail1"
			m00="0.999803" m10="0.0198546" m20="-1.29363e-006" m30="0.157702"
			m01="1.34757e-006" m11="-2.70312e-006" m21="1.0" m31="-0.000143292"
			m02="0.0198546" m12="-0.999803" m22="-2.72934e-006" m32="1.19739"
			m03="0" m13="0" m23="0" m33="1"/>
	</frame>
	<frame index="2">
		<transform name="chickenBip Spine"
			m00="0.939965" m10="0.341272" m20="-4.02147e-007" m30="-0.0145589"
			m01="1.25281e-006" m11="-2.27224e-006" m21="1.0" m31="-0.000525454"
			m02="0.341272" m12="-0.939965" m22="-2.56337e-006" m32="0.68836"
			m03="0" m13="0" m23="0" m33="1"/>
		<transform name="chickenBip Tail"
			m00="-0.433721" m10="0.901047" m20="0.000928965" m30="-0.151595"
			m01="0.00213503" m11="-3.27788e-006" m21="0.999998" m31="-0.000525527"
			m02="0.901045" m12="0.433722" m22="-0.00192234" m32="0.735826"
			m03="0" m13="0" m23="0" m33="1"/>
		<transform name="chickenBip R UpperArm"
			m00="-0.290848" m10="-0.955299" m20="-0.0530305" m30="0.0634502"
			m01="-0.257835" m11="0.0248825" m21="0.965869" m31="-0.106578"
			m02="-0.921373" m12="0.294594" m22="-0.253546" m32="0.682312"
			m03="0" m13="0" m23="0" m33="1"/>
		<transform name="chickenBip L UpperArm"
			m00="-0.279718" m10="-0.957178" m20="0.0746145" m30="0.0634499"
			m01="0.275262" m11="-0.00550055" m21="0.961353" m31="0.105527"
			m02="-0.919776" m12="0.289447" m22="0.265014" m32="0.682312"
			m03="0" m13="0" m23="0" m33="1"/>
		<transform name="chickenBip R Toe0"
			m00="0.962887" m10="-0.0605902" m20="-0.263014" m30="0.321796"
			m01="-0.262495" m11="0.0165176" m21="-0.964792" m31="-0.188771"
			m02="0.0628013" m12="0.998026" m22="0.0" m32="0.00439152"
			m03="0" m13="0" m23="0" m33="1"/>
		<transform name="chickenBip R Foot"
			m00="7.84174e-007" m10="0.964792" m20="-0.263014" m30="-0.0310093"
			m01="0.0" m11="-0.263014" m21="-0.964792" m31="-0.0925924"
			m02="-1.0" m12="7.72677e-007" m22="-1.31579e-007" m32="0.166008"
			m03="0" m13="0" m23="0" m33="1"/>
		<transform name="chickenBip R Calf"
			m00="0.63349" m10="-0.773099" m20="0.0317587" m30="-0.242991"
			m01="-0.0603287" m11="-0.00843088" m21="0.998143" m31="-0.0724048"
			m02="-0.771395" m12="-0.63423" m22="-0.051981" m32="0.424137"
			m03="0" m13="0" m23="0" m33="1"/>
		<transform name="chickenBip R Thigh"
			m00="-0.778615" m10="-0.626698" m20="0.0317587" m30="-0.0145179"
			m01="-0.00790245" m11="0.0604002" m21="0.998143" m31="-0.070086"
			m02="-0.627453" m12="0.776918" m22="-0.051981" m32="0.608253"
			m03="0" m13="0" m23="0" m33="1"/>
		<transform name="chickenBip L Toe0"
			m00="0.964791" m10="1.70955e-007" m20="0.263017" m30="0.262333"
			m01="0.263017" m11="0.0" m21="-0.964791" m31="0.219617"
			m02="-1.50866e-007" m12="1.0" m22="0.0" m32="0.00439182"
			m03="0" m13="0" m23="0" m33="1"/>
		<transform name="chickenBip L Foot"
			m00="-2.34693e-007" m10="0.934703" m20="0.35543" m30="-0.0794695"
			m01="0.0" m11="0.35543" m21="-0.934703" m31="0.0896438"
			m02="-1.0" m12="-2.19157e-007" m22="0.0" m32="0.166009"
			m03="0" m13="0" m23="0" m33="1"/>
		<transform name="chickenBip L Calf"
			m00="0.536345" m10="-0.838889" m20="-0.092733" m30="-0.258944"
			m01="0.100576" m11="-0.0455631" m21="0.993885" m31="0.0559884"
			m02="-0.837985" m12="-0.542392" m22="0.0599349" m32="0.44642"
			m03="0" m13="0" m23="0" m33="1"/>
		<transform name="chickenBip L Thigh"
			m00="-0.83298" m10="-0.545477" m20="-0.092733" m30="-0.0145181"
			m01="-0.0444617" m11="-0.101068" m21="0.993885" m31="0.0690351"
			m02="-0.551514" m12="0.83201" m22="0.0599349" m32="0.608253"
			m03="0" m13="0" m23="0" m33="1"/>
		<transform name="chickenBip Neck"
			m00="-0.137626" m10="0.990484" m20="1.39851e-006" m30="0.126225"
			m01="-2.28911e-007" m11="-1.44375e-006" m21="1.0" m31="-0.000525266"
			m02="0.990484" m12="0.137626" m22="4.2543e-007" m32="0.739536"
			m03="0" m13="0" m23="0" m33="1"/>
		<transform name="chickenBip Head"
			m00="-0.0115626" m10="0.999933" m20="1.42472e-006" m30="0.0780248"
			m01="0.0" m11="-1.4255e-006" m21="1.0" m31="-0.000525347"
			m02="0.999933" m12="0.0115626" m22="0.0" m32="1.08643"
			m03="0" m13="0" m23="0" m33="1"/>
		<transform name="chickenBip Ponytail1"
			m00="0.999803" m10="0.0198546" m20="-1.29363e-006" m30="0.14687"
			m01="1.34757e-006" m11="-2.70312e-006" m21="1.0" m31="-0.000525485"
			m02="0.0198546" m12="-0.999803" m22="-2.72934e-006" m32="1.20011"
			m03="0" m13="0" m23="0" m33="1"/>
	</frame>
	<frame index="3">
		<transform name="chickenBip Spine"
			m00="0.939965" m10="0.341272" m20="-4.02147e-007" m30="-0.0203497"
			m01="1.25281e-006" m11="-2.27224e-006" m21="1.0" m31="-0.00109589"
			m02="0.341272" m12="-0.939965" m22="-2.56337e-006" m32="0.691474"
			m03="0" m13="0" m23="0" m33="1"/>
		<transform name="chickenBip Tail"
			m00="-0.433717" m10="0.901047" m20="0.00213561" m30="-0.157386"
			m01="0.00491251" m11="-5.48949e-006" m21="0.999988" m31="-0.00109596"
			m02="0.901036" m12="0.433722" m22="-0.00442402" m32="0.73894"
			m03="0" m13="0" m23="0" m33="1"/>
		<transform name="chickenBip R UpperArm"
			m00="-0.289839" m10="-0.9551" m20="-0.0614605" m30="0.0576593"
			m01="-0.276529" m11="0.0220925" m21="0.960752" m31="-0.107149"
			m02="-0.916256" m12="0.295459" m22="-0.270516" m32="0.685425"
			m03="0" m13="0" m23="0" m33="1"/>
		<transform name="chickenBip L UpperArm"
			m00="-0.271815" m10="-0.957654" m20="0.0949527" m30="0.0576591"
			m01="0.30349" m11="0.00833035" m21="0.952798" m31="0.104957"
			m02="-0.913242" m12="0.287802" m22="0.288374" m32="0.685425"
			m03="0" m13="0" m23="0" m33="1"/>
		<transform name="chickenBip R Toe0"
			m00="0.962887" m10="-0.0605902" m20="-0.263014" m30="0.321796"
			m01="-0.262495" m11="0.0165176" m21="-0.964792" m31="-0.188771"
			m02="0.0628013" m12="0.998026" m22="0.0" m32="0.00439155"
			m03="0" m13="0" m23="0" m33="1"/>
		<transform name="chickenBip R Foot"
			m00="7.84174e-007" m10="0.964792" m20="-0.263014" m30="-0.0310093"
			m01="0.0" m11="-0.263014" m21="-0.964792" m31="-0.0925923"
			m02="-1.0" m12="7.72677e-007" m22="-1.31579e-007" m32="0.166008"
			m03="0" m13="0" m23="0" m33="1"/>
		<transform name="chickenBip R Calf"
			m00="0.639291" m10="-0.768308" m20="0.0317749" m30="-0.244932"
			m01="-0.0586999" m11="-0.00755834" m21="0.998247" m31="-0.0729499"
			m02="-0.766721" m12="-0.640036" m22="-0.0499316" m32="0.422572"
			m03="0" m13="0" m23="0" m33="1"/>
		<transform name="chickenBip R Thigh"
			m00="-0.765495" m10="-0.642656" m20="0.0317749" m30="-0.0203088"
			m01="-0.00781586" m11="0.0586662" m21="0.998247" m31="-0.0706564"
			m02="-0.643394" m12="0.763905" m22="-0.0499316" m32="0.611367"
			m03="0" m13="0" m23="0" m33="1"/>
		<transform name="chickenBip L Toe0"
			m00="0.964791" m10="1.70955e-007" m20="0.263017" m30="0.262333"
			m01="0.263017" m11="0.0" m21="-0.964791" m31="0.219617"
			m02="-1.50866e-007" m12="1.0" m22="0.0" m32="0.00439182"
			m03="0" m13="0" m23="0" m33="1"/>
		<transform name="chickenBip L Foot"
			m00="-2.34693e-007" m10="0.934703" m20="0.35543" m30="-0.0794695"
			m01="0.0" m11="0.35543" m21="-0.934703" m31="0.0896438"
			m02="-1.0" m12="-2.19157e-007" m22="0.0" m32="0.166009"
			m03="0" m13="0" m23="0" m33="1"/>
		<transform name="chickenBip L Calf"
			m00="0.544055" m10="-0.833906" m20="-0.0927654" m30="-0.261524"
			m01="0.10072" m11="-0.0448526" m21="0.993903" m31="0.0559405"
			m02="-0.832982" m12="-0.550082" m22="0.0595883" m32="0.444746"
			m03="0" m13="0" m23="0" m33="1"/>
		<transform name="chickenBip L Thigh"
			m00="-0.822039" m10="-0.561825" m20="-0.0927654" m30="-0.020309"
			m01="-0.0426809" m11="-0.101659" m21="0.993903" m31="0.0684646"
			m02="-0.56783" m12="0.820986" m22="0.0595883" m32="0.611367"
			m03="0" m13="0" m23="0" m33="1"/>
		<transform name="chickenBip Neck"
			m00="-0.157423" m10="0.987531" m20="1.39032e-006" m30="0.120435"
			m01="-2.55482e-007" m11="-1.4486e-006" m21="1.0" m31="-0.0010957"
			m02="0.987531" m12="0.157423" m22="4.80339e-007" m32="0.742645"
			m03="0" m13="0" m23="0" m33="1"/>
		<transform name="chickenBip Head"
			m00="-0.0115626" m10="0.999933" m20="1.42472e-006" m30="0.0653013"
			m01="0.0" m11="-1.4255e-006" m21="1.0" m31="-0.00109579"
			m02="0.999933" m12="0.0115626" m22="0.0" m32="1.08851"
			m03="0" m13="0" m23="0" m33="1"/>
		<transform name="chickenBip Ponytail1"
			m00="0.999803" m10="0.0198546" m20="-1.29363e-006" m30="0.134147"
			m01="1.34757e-006" m11="-2.70312e-006" m21="1.0" m31="-0.00109593"
			m02="0.0198546" m12="-0.999803" m22="-2.72934e-006" m32="1.20219"
			m03="0" m13="0" m23="0" m33="1"/>
	</frame>
	<frame index="4">
		<transform name="chickenBip Spine"
			m00="0.939965" m10="0.341272" m20="-4.02147e-007" m30="-0.0287865"
			m01="1.25281e-006" m11="-2.27224e-006" m21="1.0" m31="-0.00192697"
			m02="0.341272" m12="-0.939965" m22="-2.56337e-006" m32="0.69408"
			m03="0" m13="0" m23="0" m33="1"/>
		<transform name="chickenBip Tail"
			m00="-0.433705" m10="0.901047" m20="0.00389758" m30="-0.165823"
			m01="0.00896823" m11="-8.71887e-006" m21="0.99996" m31="-0.00192704"
			m02="0.90101" m12="0.433722" m22="-0.00807701" m32="0.741546"
			m03="0" m13="0" m23="0" m33="1"/>
		<transform name="chickenBip R UpperArm"
			m00="-0.288626" m10="-0.954869" m20="-0.0701411" m30="0.0492226"
			m01="-0.295721" m11="0.0192304" m21="0.955081" m31="-0.10798"
			m02="-0.910628" m12="0.296403" m22="-0.287926" m32="0.688031"
			m03="0" m13="0" m23="0" m33="1"/>
		<transform name="chickenBip L UpperArm"
			m00="-0.263028" m10="-0.957826" m20="0.115701" m30="0.0492223"
			m01="0.33227" m11="0.0226546" m21="0.942912" m31="0.104126"
			m02="-0.905766" m12="0.286456" m22="0.312298" m32="0.688031"
			m03="0" m13="0" m23="0" m33="1"/>
		<transform name="chickenBip R Toe0"
			m00="0.962887" m10="-0.0605902" m20="-0.263014" m30="0.321796"
			m01="-0.262495" m11="0.0165176" m21="-0.964792" m31="-0.188772"
			m02="0.0628013" m12="0.998026" m22="0.0" m32="0.00439152"
			m03="0" m13="0" m23="0" m33="1"/>
		<transform name="chickenBip R Foot"
			m00="7.84174e-007" m10="0.964792" m20="-0.263014" m30="-0.0310093"
			m01="0.0" m11="-0.263014" m21="-0.964792" m31="-0.0925924"
			m02="-1.0" m12="7.72677e-007" m22="-1.31579e-007" m32="0.166008"
			m03="0" m13="0" m23="0" m33="1"/>
		<transform name="chickenBip R Calf"
			m00="0.650074" m10="-0.75921" m20="0.0317027" m30="-0.24854"
			m01="-0.0564648" m11="-0.00665809" m21="0.998382" m31="-0.0736979"
			m02="-0.75777" m12="-0.650812" m22="-0.0471969" m32="0.419577"
			m03="0" m13="0" m23="0" m33="1"/>
		<transform name="chickenBip R Thigh"
			m00="-0.74904" m10="-0.661766" m20="0.0317027" m30="-0.0287456"
			m01="-0.00753271" m11="0.0563548" m21="0.998382" m31="-0.0714875"
			m02="-0.662482" m12="0.747589" m22="-0.0471969" m32="0.613973"
			m03="0" m13="0" m23="0" m33="1"/>
		<transform name="chickenBip L Toe0"
			m00="0.964791" m10="1.70955e-007" m20="0.263017" m30="0.262333"
			m01="0.263017" m11="0.0" m21="-0.964791" m31="0.219617"
			m02="-1.50866e-007" m12="1.0" m22="0.0" m32="0.00439182"
			m03="0" m13="0" m23="0" m33="1"/>
		<transform name="chickenBip L Foot"
			m00="-2.34693e-007" m10="0.934703" m20="0.35543" m30="-0.0794695"
			m01="0.0" m11="0.35543" m21="-0.934703" m31="0.0896439"
			m02="-1.0" m12="-2.19157e-007" m22="0.0" m32="0.166009"
			m03="0" m13="0" m23="0" m33="1"/>
		<transform name="chickenBip L Calf"
			m00="0.557487" m10="-0.824987" m20="-0.0927676" m30="-0.266019"
			m01="0.101228" m11="-0.0433588" m21="0.993918" m31="0.0557706"
			m02="-0.823991" m12="-0.563487" m22="0.0593395" m32="0.441737"
			m03="0" m13="0" m23="0" m33="1"/>
		<transform name="chickenBip L Thigh"
			m00="-0.808603" m10="-0.580995" m20="-0.0927676" m30="-0.0287457"
			m01="-0.040428" m11="-0.102433" m21="0.993918" m31="0.0676336"
			m02="-0.586963" m12="0.807436" m22="0.0593395" m32="0.613973"
			m03="0" m13="0" m23="0" m33="1"/>
		<transform name="chickenBip Neck"
			m00="-0.177157" m10="0.984183" m20="1.38103e-006" m30="0.111999"
			m01="-2.81951e-007" m11="-1.45398e-006" m21="1.0" m31="-0.00192678"
			m02="0.984183" m12="0.177157" m22="5.35073e-007" m32="0.745245"
			m03="0" m13="0" m23="0" m33="1"/>
		<transform name="chickenBip Head"
			m00="-0.0115626" m10="0.999933" m20="1.42472e-006" m30="0.0499541"
			m01="0.0" m11="-1.4255e-006" m21="1.0" m31="-0.00192688"
			m02="0.999933" m12="0.0115626" m22="0.0" m32="1.08993"
			m03="0" m13="0" m23="0" m33="1"/>
		<transform name="chickenBip Ponytail1"
			m00="0.999803" m10="0.0198546" m20="-1.29363e-006" m30="0.118799"
			m01="1.34757e-006" m11="-2.70312e-006" m21="1.0" m31="-0.00192702"
			m02="0.0198546" m12="-0.999803" m22="-2.72934e-006" m32="1.20362"
			m03="0" m13="0" m23="0" m33="1"/>
	</frame>
	<frame index="5">
		<transform name="chickenBip Spine"
			m00="0.939965" m10="0.341272" m20="-4.02147e-007" m30="-0.0221378"
			m01="1.25281e-006" m11="-2.27224e-006" m21="1.0" m31="-0.00286733"
			m02="0.341272" m12="-0.939965" m22="-2.56337e-006" m32="0.696197"
			m03="0" m13="0" m23="0" m33="1"/>
		<transform name="chickenBip Tail"
			m00="-0.433677" m10="0.901047" m20="0.00625628" m30="-0.159174"
			m01="0.0143975" m11="-1.30419e-005" m21="0.999896" m31="-0.00286741"
			m02="0.900953" m12="0.433722" m22="-0.0129672" m32="0.743663"
			m03="0" m13="0" m23="0" m33="1"/>
		<transform name="chickenBip R UpperArm"
			m00="-0.287239" m10="-0.954612" m20="-0.0787948" m30="0.0558712"
			m01="-0.314797" m11="0.0163882" m21="0.949018" m31="-0.10892"
			m02="-0.904653" m12="0.2974" m22="-0.305216" m32="0.690149"
			m03="0" m13="0" m23="0" m33="1"/>
		<transform name="chickenBip L UpperArm"
			m00="-0.253613" m10="-0.957673" m20="0.136171" m30="0.0558709"
			m01="0.360649" m11="0.0370083" m21="0.931967" m31="0.103186"
			m02="-0.897559" m12="0.285469" m22="0.335999" m32="0.690149"
			m03="0" m13="0" m23="0" m33="1"/>
		<transform name="chickenBip R Toe0"
			m00="0.962887" m10="-0.0605902" m20="-0.263014" m30="0.321796"
			m01="-0.262495" m11="0.0165176" m21="-0.964792" m31="-0.188771"
			m02="0.0628013" m12="0.998026" m22="0.0" m32="0.00439152"
			m03="0" m13="0" m23="0" m33="1"/>
		<transform name="chickenBip R Foot"
			m00="7.84174e-007" m10="0.964792" m20="-0.263014" m30="-0.0310093"
			m01="0.0" m11="-0.263014" m21="-0.964792" m31="-0.0925923"
			m02="-1.0" m12="7.72677e-007" m22="-1.31579e-007" m32="0.166008"
			m03="0" m13="0" m23="0" m33="1"/>
		<transform name="chickenBip R Calf"
			m00="0.635498" m10="-0.771445" m20="0.0318471" m30="-0.243663"
			m01="-0.0552592" m11="-0.00430227" m21="0.998463" m31="-0.0741012"
			m02="-0.770122" m12="-0.636281" m22="-0.0453635" m32="0.423711"
			m03="0" m13="0" m23="0" m33="1"/>
		<transform name="chickenBip R Thigh"
			m00="-0.755076" m10="-0.654863" m20="0.0318471" m30="-0.0220969"
			m01="-0.00570264" m11="0.0551323" m21="0.998463" m31="-0.0724279"
			m02="-0.655612" m12="0.753734" m22="-0.0453635" m32="0.61609"
			m03="0" m13="0" m23="0" m33="1"/>
		<transform name="chickenBip L Toe0"
			m00="0.964791" m10="1.70955e-007" m20="0.263017" m30="0.262333"
			m01="0.263017" m11="0.0" m21="-0.964791" m31="0.219618"
			m02="-1.50866e-007" m12="1.0" m22="0.0" m32="0.00439185"
			m03="0" m13="0" m23="0" m33="1"/>
		<transform name="chickenBip L Foot"
			m00="-2.34693e-007" m10="0.934703" m20="0.35543" m30="-0.0794695"
			m01="0.0" m11="0.35543" m21="-0.934703" m31="0.0896439"
			m02="-1.0" m12="-2.19157e-007" m22="0.0" m32="0.166009"
			m03="0" m13="0" m23="0" m33="1"/>
		<transform name="chickenBip L Calf"
			m00="0.540902" m10="-0.835996" m20="-0.0923933" m30="-0.260469"
			m01="0.102751" m11="-0.0433484" m21="0.993762" m31="0.055261"
			m02="-0.834786" m12="-0.547021" m22="0.0624518" m32="0.445349"
			m03="0" m13="0" m23="0" m33="1"/>
		<transform name="chickenBip L Thigh"
			m00="-0.812349" m10="-0.575807" m20="-0.0923933" m30="-0.0220971"
			m01="-0.0389598" m11="-0.104493" m21="0.993762" m31="0.0666932"
			m02="-0.581869" m12="0.810881" m22="0.0624518" m32="0.61609"
			m03="0" m13="0" m23="0" m33="1"/>
		<transform name="chickenBip Neck"
			m00="-0.19682" m10="0.98044" m20="1.37065e-006" m30="0.118649"
			m01="-3.08307e-007" m11="-1.45989e-006" m21="1.0" m31="-0.00286715"
			m02="0.98044" m12="0.19682" m22="5.8961e-007" m32="0.747357"
			m03="0" m13="0" m23="0" m33="1"/>
		<transform name="chickenBip Head"
			m00="-0.0115626" m10="0.999933" m20="1.42472e-006" m30="0.0497172"
			m01="0.0" m11="-1.4255e-006" m21="1.0" m31="-0.00286726"
			m02="0.999933" m12="0.0115626" m22="0.0" m32="1.09073"
			m03="0" m13="0" m23="0" m33="1"/>
		<transform name="chickenBip Ponytail1"
			m00="0.999803" m10="0.0198546" m20="-1.29363e-006" m30="0.118562"
			m01="1.34757e-006" m11="-2.70312e-006" m21="1.0" m31="-0.00286739"
			m02="0.0198546" m12="-0.999803" m22="-2.72934e-006" m32="1.20442"
			m03="0" m13="0" m23="0" m33="1"/>
	</frame>
	<frame index="6">
		<transform name="chickenBip Spine"
			m00="0.939965" m10="0.341272" m20="-4.02147e-007" m30="-0.0101592"
			m01="1.25281e-006" m11="-2.27224e-006" m21="1.0" m31="-0.00368149"
			m02="0.341272" m12="-0.939965" m22="-2.56337e-006" m32="0.69786"
			m03="0" m13="0" m23="0" m33="1"/>
		<transform name="chickenBip Tail"
			m00="-0.433624" m10="0.901047" m20="0.0092256" m30="-0.147195"
			m01="0.0212323" m11="-1.8484e-005" m21="0.999775" m31="-0.00368156"
			m02="0.900844" m12="0.433723" m22="-0.0191233" m32="0.745326"
			m03="0" m13="0" m23="0" m33="1"/>
		<transform name="chickenBip R UpperArm"
			m00="-0.285731" m10="-0.954339" m20="-0.0871478" m30="0.0678498"
			m01="-0.333154" m11="0.0136552" m21="0.942774" m31="-0.109734"
			m02="-0.898536" m12="0.298413" m22="-0.321843" m32="0.691812"
			m03="0" m13="0" m23="0" m33="1"/>
		<transform name="chickenBip L UpperArm"
			m00="-0.243905" m10="-0.957217" m20="0.155713" m30="0.0678495"
			m01="0.387725" m11="0.0509237" m21="0.920367" m31="0.102371"
			m02="-0.88892" m12="0.284856" m22="0.358716" m32="0.691812"
			m03="0" m13="0" m23="0" m33="1"/>
		<transform name="chickenBip R Toe0"
			m00="0.962887" m10="-0.0605902" m20="-0.263014" m30="0.321796"
			m01="-0.262495" m11="0.0165176" m21="-0.964792" m31="-0.188772"
			m02="0.0628013" m12="0.998026" m22="0.0" m32="0.00439152"
			m03="0" m13="0" m23="0" m33="1"/>
		<transform name="chickenBip R Foot"
			m00="7.84174e-007" m10="0.964792" m20="-0.263014" m30="-0.0310094"
			m01="0.0" m11="-0.263014" m21="-0.964792" m31="-0.0925924"
			m02="-1.0" m12="7.72677e-007" m22="-1.31579e-007" m32="0.166008"
			m03="0" m13="0" m23="0" m33="1"/>
		<transform name="chickenBip R Calf"
			m00="0.611701" m10="-0.790436" m20="0.0321401" m30="-0.2357"
			m01="-0.0546694" m11="-0.00170707" m21="0.998503" m31="-0.0742986"
			m02="-0.789198" m12="-0.612543" m22="-0.0442569" m32="0.430094"
			m03="0" m13="0" m23="0" m33="1"/>
		<transform name="chickenBip R Thigh"
			m00="-0.768761" m10="-0.638728" m20="0.0321401" m30="-0.0101183"
			m01="-0.00360075" m11="0.0545774" m21="0.998503" m31="-0.073242"
			m02="-0.639526" m12="0.767494" m22="-0.0442569" m32="0.617753"
			m03="0" m13="0" m23="0" m33="1"/>
		<transform name="chickenBip L Toe0"
			m00="0.964791" m10="1.70955e-007" m20="0.263017" m30="0.262333"
			m01="0.263017" m11="0.0" m21="-0.964791" m31="0.219617"
			m02="-1.50866e-007" m12="1.0" m22="0.0" m32="0.00439185"
			m03="0" m13="0" m23="0" m33="1"/>
		<transform name="chickenBip L Foot"
			m00="-2.34693e-007" m10="0.934703" m20="0.35543" m30="-0.0794696"
			m01="0.0" m11="0.35543" m21="-0.934703" m31="0.0896439"
			m02="-1.0" m12="-2.19157e-007" m22="0.0" m32="0.166009"
			m03="0" m13="0" m23="0" m33="1"/>
		<transform name="chickenBip L Calf"
			m00="0.513549" m10="-0.85314" m20="-0.0917555" m30="-0.251316"
			m01="0.104306" m11="-0.0440715" m21="0.993568" m31="0.0547405"
			m02="-0.851697" m12="-0.519817" m22="0.0663546" m32="0.451008"
			m03="0" m13="0" m23="0" m33="1"/>
		<transform name="chickenBip L Thigh"
			m00="-0.821979" m10="-0.562078" m20="-0.0917555" m30="-0.0101185"
			m01="-0.0379591" m11="-0.106682" m21="0.993568" m31="0.065879"
			m02="-0.568252" m12="0.820175" m22="0.0663546" m32="0.617753"
			m03="0" m13="0" m23="0" m33="1"/>
		<transform name="chickenBip Neck"
			m00="-0.0579553" m10="0.998319" m20="1.42024e-006" m30="0.130623"
			m01="-1.21802e-007" m11="-1.4297e-006" m21="1.0" m31="-0.0036813"
			m02="0.998319" m12="0.0579553" m22="2.04456e-007" m32="0.749058"
			m03="0" m13="0" m23="0" m33="1"/>
		<transform name="chickenBip Head"
			m00="-0.011561" m10="0.999933" m20="-0.000191175" m30="0.110325"
			m01="-0.0166591" m11="-1.44821e-006" m21="0.999861" m31="-0.00368134"
			m02="0.999794" m12="0.0115626" m22="0.016658" m32="1.0987"
			m03="0" m13="0" m23="0" m33="1"/>
		<transform name="chickenBip Ponytail1"
			m00="0.999803" m10="0.019853" m20="-0.000193893" m30="0.179171"
			m01="-0.000136828" m11="0.0166558" m21="0.999861" m31="-0.00556193"
			m02="0.0198534" m12="-0.999664" m22="0.0166552" m32="1.21236"
			m03="0" m13="0" m23="0" m33="1"/>
	</frame>
	<frame index="7">
		<transform name="chickenBip Spine"
			m00="0.939965" m10="0.341272" m20="-4.02147e-007" m30="-0.00707835"
			m01="1.25281e-006" m11="-2.27224e-006" m21="1.0" m31="-0.00452941"
			m02="0.341272" m12="-0.939965" m22="-2.56337e-006" m32="0.699115"
			m03="0" m13="0" m23="0" m33="1"/>
		<transform name="chickenBip Tail"
			m00="-0.433535" m10="0.901046" m20="0.0127707" m30="-0.144115"
			m01="0.0293925" m11="-2.49811e-005" m21="0.999568" m31="-0.00452948"
			m02="0.900657" m12="0.433723" m22="-0.0264732" m32="0.746581"
			m03="0" m13="0" m23="0" m33="1"/>
		<transform name="chickenBip R UpperArm"
			m00="-0.284174" m10="-0.954061" m20="-0.0949304" m30="0.0709307"
			m01="-0.350207" m11="0.0111183" m21="0.936606" m31="-0.110582"
			m02="-0.892524" m12="0.299405" m22="-0.337279" m32="0.693067"
			m03="0" m13="0" m23="0" m33="1"/>
		<transform name="chickenBip L UpperArm"
			m00="-0.234313" m10="-0.956515" m20="0.173714" m30="0.0709304"
			m01="0.412651" m11="0.0639346" m21="0.908643" m31="0.101523"
			m02="-0.880237" m12="0.28459" m22="0.379726" m32="0.693067"
			m03="0" m13="0" m23="0" m33="1"/>
		<transform name="chickenBip R Toe0"
			m00="0.962887" m10="-0.0605902" m20="-0.263014" m30="0.321796"
			m01="-0.262495" m11="0.0165176" m21="-0.964792" m31="-0.188772"
			m02="0.0628013" m12="0.998026" m22="0.0" m32="0.00439152"
			m03="0" m13="0" m23="0" m33="1"/>
		<transform name="chickenBip R Foot"
			m00="7.84174e-007" m10="0.964792" m20="-0.263014" m30="-0.0310093"
			m01="0.0" m11="-0.263014" m21="-0.964792" m31="-0.0925924"
			m02="-1.0" m12="7.72677e-007" m22="-1.31579e-007" m32="0.166008"
			m03="0" m13="0" m23="0" m33="1"/>
		<transform name="chickenBip R Calf"
			m00="0.604222" m10="-0.796161" m20="0.0323023" m30="-0.233197"
			m01="-0.0533788" m11="4.55211e-006" m21="0.998574" m31="-0.0747305"
			m02="-0.795026" m12="-0.605085" m22="-0.0424954" m32="0.432044"
			m03="0" m13="0" m23="0" m33="1"/>
		<transform name="chickenBip R Thigh"
			m00="-0.770731" m10="-0.636341" m20="0.0323023" m30="-0.00703742"
			m01="-0.00218295" m11="0.0533342" m21="0.998574" m31="-0.0740899"
			m02="-0.637157" m12="0.769562" m22="-0.0424954" m32="0.619008"
			m03="0" m13="0" m23="0" m33="1"/>
		<transform name="chickenBip L Toe0"
			m00="0.964791" m10="1.70955e-007" m20="0.263017" m30="0.262333"
			m01="0.263017" m11="0.0" m21="-0.964791" m31="0.219617"
			m02="-1.50866e-007" m12="1.0" m22="0.0" m32="0.00439188"
			m03="0" m13="0" m23="0" m33="1"/>
		<transform name="chickenBip L Foot"
			m00="-2.34693e-007" m10="0.934703" m20="0.35543" m30="-0.0794695"
			m01="0.0" m11="0.35543" m21="-0.934703" m31="0.0896438"
			m02="-1.0" m12="-2.19157e-007" m22="0.0" m32="0.166009"
			m03="0" m13="0" m23="0" m33="1"/>
		<transform name="chickenBip L Calf"
			m00="0.505156" m10="-0.858178" m20="-0.0913656" m30="-0.248507"
			m01="0.105592" m11="-0.0436122" m21="0.993453" m31="0.0543101"
			m02="-0.856544" m12="-0.511496" m22="0.0685858" m32="0.45263"
			m03="0" m13="0" m23="0" m33="1"/>
		<transform name="chickenBip L Thigh"
			m00="-0.822906" m10="-0.560783" m20="-0.0913656" m30="-0.00703761"
			m01="-0.0365363" m11="-0.108244" m21="0.993453" m31="0.0650311"
			m02="-0.567001" m12="0.820857" m22="0.0685858" m32="0.619008"
			m03="0" m13="0" m23="0" m33="1"/>
		<transform name="chickenBip Neck"
			m00="0.0820454" m10="0.996629" m20="1.41555e-006" m30="0.133704"
			m01="0.0" m11="-1.42586e-006" m21="1.0" m31="-0.00452923"
			m02="0.996629" m12="-0.0820454" m22="-1.8385e-007" m32="0.750353"
			m03="0" m13="0" m23="0" m33="1"/>
		<transform name="chickenBip Head"
			m00="-0.0115562" m10="0.999933" m20="-0.00038372" m30="0.162439"
			m01="-0.0333136" m11="-1.47014e-006" m21="0.999445" m31="-0.0045292"
			m02="0.999378" m12="0.0115625" m22="0.0333114" m32="1.0994"
			m03="0" m13="0" m23="0" m33="1"/>
		<transform name="chickenBip Ponytail1"
			m00="0.999803" m10="0.0198481" m20="-0.000386439" m30="0.231285"
			m01="-0.000274965" m11="0.0333097" m21="0.999445" m31="-0.00828971"
			m02="0.01985" m12="-0.999248" m22="0.0333086" m32="1.21302"
			m03="0" m13="0" m23="0" m33="1"/>
	</frame>
	<frame index="8">
		<transform name="chickenBip Spine"
			m00="0.939965" m10="0.341272" m20="-4.02147e-007" m30="-0.00579029"
			m01="1.25281e-006" m11="-2.27224e-006" m21="1.0" m31="-0.00613064"
			m02="0.341272" m12="-0.939965" m22="-2.56337e-006" m32="0.700019"
			m03="0" m13="0" m23="0" m33="1"/>
		<transform name="chickenBip Tail"
			m00="-0.433398" m10="0.901046" m20="0.0167904" m30="-0.142827"
			m01="0.0386451" m11="-3.23478e-005" m21="0.999253" m31="-0.00613071"
			m02="0.900374" m12="0.433723" m22="-0.034807" m32="0.747485"
			m03="0" m13="0" m23="0" m33="1"/>
		<transform name="chickenBip R UpperArm"
			m00="-0.28266" m10="-0.953795" m20="-0.101878" m30="0.0722187"
			m01="-0.36539" m11="0.00886148" m21="0.930812" m31="-0.112183"
			m02="-0.886901" m12="0.300328" m22="-0.351012" m32="0.69397"
			m03="0" m13="0" m23="0" m33="1"/>
		<transform name="chickenBip L UpperArm"
			m00="-0.225303" m10="-0.955662" m20="0.189603" m30="0.0722184"
			m01="0.434642" m11="0.07558" m21="0.897426" m31="0.0999222"
			m02="-0.871966" m12="0.284602" m22="0.398342" m32="0.69397"
			m03="0" m13="0" m23="0" m33="1"/>
		<transform name="chickenBip R Toe0"
			m00="0.962887" m10="-0.0605902" m20="-0.263014" m30="0.321796"
			m01="-0.262495" m11="0.0165176" m21="-0.964792" m31="-0.188772"
			m02="0.0628013" m12="0.998026" m22="0.0" m32="0.00439152"
			m03="0" m13="0" m23="0" m33="1"/>
		<transform name="chickenBip R Foot"
			m00="7.84174e-007" m10="0.964792" m20="-0.263014" m30="-0.0310093"
			m01="0.0" m11="-0.263014" m21="-0.964792" m31="-0.0925924"
			m02="-1.0" m12="7.72677e-007" m22="-1.31579e-007" m32="0.166008"
			m03="0" m13="0" m23="0" m33="1"/>
		<transform name="chickenBip R Calf"
			m00="0.60057" m10="-0.79891" m20="0.0325314" m30="-0.231975"
			m01="-0.0507215" m11="0.00253798" m21="0.99871" m31="-0.0756197"
			m02="-0.797962" m12="-0.601445" m22="-0.0389977" m32="0.433026"
			m03="0" m13="0" m23="0" m33="1"/>
		<transform name="chickenBip R Thigh"
			m00="-0.770956" m10="-0.636057" m20="0.0325314" m30="-0.00574937"
			m01="0.000243458" m11="0.0507844" m21="0.99871" m31="-0.0756912"
			m02="-0.636888" m12="0.769969" m22="-0.0389977" m32="0.619912"
			m03="0" m13="0" m23="0" m33="1"/>
		<transform name="chickenBip L Toe0"
			m00="0.964791" m10="1.70955e-007" m20="0.263017" m30="0.262333"
			m01="0.263017" m11="0.0" m21="-0.964791" m31="0.219617"
			m02="-1.50866e-007" m12="1.0" m22="0.0" m32="0.00439179"
			m03="0" m13="0" m23="0" m33="1"/>
		<transform name="chickenBip L Foot"
			m00="-2.34693e-007" m10="0.934703" m20="0.35543" m30="-0.0794696"
			m01="0.0" m11="0.35543" m21="-0.934703" m31="0.0896439"
			m02="-1.0" m12="-2.19157e-007" m22="0.0" m32="0.166009"
			m03="0" m13="0" m23="0" m33="1"/>
		<transform name="chickenBip L Calf"
			m00="0.501003" m10="-0.860671" m20="-0.090778" m30="-0.247118"
			m01="0.108124" m11="-0.0418222" m21="0.993257" m31="0.0534627"
			m02="-0.858665" m12="-0.507441" m22="0.0721066" m32="0.45334"
			m03="0" m13="0" m23="0" m33="1"/>
		<transform name="chickenBip L Thigh"
			m00="-0.822561" m10="-0.561385" m20="-0.090778" m30="-0.00574956"
			m01="-0.0339672" m11="-0.110843" m21="0.993257" m31="0.0634299"
			m02="-0.567662" m12="0.820098" m22="0.0721066" m32="0.619912"
			m03="0" m13="0" m23="0" m33="1"/>
		<transform name="chickenBip Neck"
			m00="0.0720657" m10="0.9974" m20="1.41769e-006" m30="0.134992"
			m01="0.0" m11="-1.42526e-006" m21="1.0" m31="-0.00613045"
			m02="0.9974" m12="-0.0720657" m22="-1.5617e-007" m32="0.751253"
			m03="0" m13="0" m23="0" m33="1"/>
		<transform name="chickenBip Head"
			m00="-0.0115569" m10="0.999933" m20="-0.000362331" m30="0.160231"
			m01="-0.0314635" m11="-1.46774e-006" m21="0.999505" m31="-0.00613043"
			m02="0.999438" m12="0.0115625" m22="0.0314614" m32="1.10057"
			m03="0" m13="0" m23="0" m33="1"/>
		<transform name="chickenBip Ponytail1"
			m00="0.999803" m10="0.0198488" m20="-0.000365049" m30="0.229077"
			m01="-0.000259619" m11="0.0314596" m21="0.999505" m31="-0.00968211"
			m02="0.0198505" m12="-0.999308" m22="0.0314586" m32="1.2142"
			m03="0" m13="0" m23="0" m33="1"/>
	</frame>
	<frame index="9">
		<transform name="chickenBip Spine"
			m00="0.939965" m10="0.341272" m20="-4.02147e-007" m30="-0.00580886"
			m01="1.25281e-006" m11="-2.27224e-006" m21="1.0" m31="-0.00824102"
			m02="0.341272" m12="-0.939965" m22="-2.56337e-006" m32="0.700631"
			m03="0" m13="0" m23="0" m33="1"/>
		<transform name="chickenBip Tail"
			m00="-0.433209" m10="0.901046" m20="0.021106" m30="-0.142845"
			m01="0.0485788" m11="-4.02566e-005" m21="0.998819" m31="-0.00824109"
			m02="0.899983" m12="0.433723" m22="-0.0437543" m32="0.748097"
			m03="0" m13="0" m23="0" m33="1"/>
		<transform name="chickenBip R UpperArm"
			m00="-0.281292" m10="-0.953556" m20="-0.107729" m30="0.0722002"
			m01="-0.378146" m11="0.00696646" m21="0.925719" m31="-0.114294"
			m02="-0.881975" m12="0.301134" m22="-0.362544" m32="0.694583"
			m03="0" m13="0" m23="0" m33="1"/>
		<transform name="chickenBip L UpperArm"
			m00="-0.217388" m10="-0.954775" m20="0.202848" m30="0.0721999"
			m01="0.452963" m11="0.0854069" m21="0.887429" m31="0.0978118"
			m02="-0.86462" m12="0.284798" m22="0.413911" m32="0.694583"
