<?xml version="1.0" encoding="ISO-8859-1" standalone="yes"?>

<!DOCTYPE animation [
	<!ELEMENT animation  (frame+)>
	<!ELEMENT frame      (transform+)>
	<!ELEMENT transform   EMPTY>
	<!ATTLIST frame index CDATA #REQUIRED>
	<!ATTLIST transform name CDATA #REQUIRED>
	<!ATTLIST transform m00 CDATA #REQUIRED>
	<!ATTLIST transform m01 CDATA #REQUIRED>
	<!ATTLIST transform m02 CDATA #REQUIRED>
	<!ATTLIST transform m03 CDATA #REQUIRED>
	<!ATTLIST transform m10 CDATA #REQUIRED>
	<!ATTLIST transform m11 CDATA #REQUIRED>
	<!ATTLIST transform m12 CDATA #REQUIRED>
	<!ATTLIST transform m13 CDATA #REQUIRED>
	<!ATTLIST transform m20 CDATA #REQUIRED>
	<!ATTLIST transform m21 CDATA #REQUIRED>
	<!ATTLIST transform m22 CDATA #REQUIRED>
	<!ATTLIST transform m23 CDATA #REQUIRED>
	<!ATTLIST transform m30 CDATA #REQUIRED>
	<!ATTLIST transform m31 CDATA #REQUIRED>
	<!ATTLIST transform m32 CDATA #REQUIRED>
	<!ATTLIST transform m33 CDATA #REQUIRED>
]>

<animation>
	<frame index="0">
		<transform name="chickenBip Spine"
			m00="0.541878" m10="0.840457" m20="9.82393e-007" m30="0.370861"
			m01="6.94093e-007" m11="-1.61639e-006" m21="1.0" m31="-1.41268e-007"
			m02="0.840457" m12="-0.541878" m22="-1.45924e-006" m32="1.11448"
			m03="0" m13="0" m23="0" m33="1"/>
		<transform name="chickenBip Tail"
			m00="-0.893322" m10="-0.449417" m20="-2.45936e-006" m30="0.233284"
			m01="-9.78111e-007" m11="-3.5281e-006" m21="1.0" m31="-2.10635e-007"
			m02="-0.449417" m12="0.893322" m22="2.71214e-006" m32="1.06936"
			m03="0" m13="0" m23="0" m33="1"/>
		<transform name="chickenBip R UpperArm"
			m00="-0.161734" m10="-0.275972" m20="0.94746" m30="0.43663"
			m01="-0.492967" m11="-0.80913" m21="-0.319831" m31="-0.106053"
			m02="0.854883" m12="-0.518795" m22="-0.00518115" m32="1.15687"
			m03="0" m13="0" m23="0" m33="1"/>
		<transform name="chickenBip L UpperArm"
			m00="-0.292375" m10="-0.28303" m20="-0.913461" m30="0.436629"
			m01="0.575361" m11="0.710912" m21="-0.404429" m31="0.106053"
			m02="0.763856" m12="-0.643815" m22="-0.0450082" m32="1.15687"
			m03="0" m13="0" m23="0" m33="1"/>
		<transform name="chickenBip R Toe0"
			m00="0.975369" m10="-0.178298" m20="0.129862" m30="0.308378"
			m01="0.131794" m11="-0.00101672" m21="-0.991277" m31="-0.154558"
			m02="0.176875" m12="0.983976" m22="0.0225069" m32="0.227938"
			m03="0" m13="0" m23="0" m33="1"/>
		<transform name="chickenBip R Foot"
			m00="-0.652248" m10="0.746799" m20="0.129862" m30="0.140703"
			m01="-0.1025" m11="0.0828518" m21="-0.991277" m31="-0.168289"
			m02="-0.751044" m12="-0.659869" m22="0.0225069" m32="0.590621"
			m03="0" m13="0" m23="0" m33="1"/>
		<transform name="chickenBip R Calf"
			m00="-0.0606915" m10="-0.990293" m20="0.125042" m30="0.161012"
			m01="-0.27432" m11="0.136997" m21="0.95183" m31="-0.0764949"
			m02="-0.959722" m12="0.0234666" m22="-0.279972" m32="0.911768"
			m03="0" m13="0" m23="0" m33="1"/>
		<transform name="chickenBip R Thigh"
			m00="-0.880441" m10="-0.457371" m20="0.125042" m30="0.419364"
			m01="-0.0236315" m11="0.305714" m21="0.95183" m31="-0.0695606"
			m02="-0.473567" m12="0.835075" m22="-0.279972" m32="1.05073"
			m03="0" m13="0" m23="0" m33="1"/>
		<transform name="chickenBip L Toe0"
			m00="0.991605" m10="0.129021" m20="-0.00859185" m30="0.169578"
			m01="-0.00604751" m11="-0.0200992" m21="-0.99978" m31="0.151987"
			m02="-0.129166" m12="0.991438" m22="-0.0191501" m32="0.184047"
			m03="0" m13="0" m23="0" m33="1"/>
		<transform name="chickenBip L Foot"
			m00="-0.848103" m10="0.522521" m20="0.0877064" m30="0.11557"
			m01="-0.0579956" m11="0.0729889" m21="-0.995645" m31="0.134669"
			m02="-0.526648" m12="-0.849496" m22="-0.0315981" m32="0.579806"
			m03="0" m13="0" m23="0" m33="1"/>
		<transform name="chickenBip L Calf"
			m00="-0.152783" m10="-0.970685" m20="-0.185548" m30="0.166695"
			m01="0.224483" m11="-0.216932" m21="0.950025" m31="0.0595514"
			m02="-0.962426" m12="0.103495" m22="0.251046" m32="0.901858"
			m03="0" m13="0" m23="0" m33="1"/>
		<transform name="chickenBip L Thigh"
			m00="-0.861072" m10="-0.47342" m20="-0.185548" m30="0.419364"
			m01="-0.03411" m11="-0.310304" m21="0.950025" m31="0.0695605"
			m02="-0.507337" m12="0.82437" m22="0.251046" m32="1.05073"
			m03="0" m13="0" m23="0" m33="1"/>
		<transform name="chickenBip Neck"
			m00="0.549633" m10="0.835406" m20="9.68383e-007" m30="0.451948"
			m01="7.04773e-007" m11="-1.62286e-006" m21="1.0" m31="0.0"
			m02="0.835406" m12="-0.549633" m22="-1.48075e-006" m32="1.24076"
			m03="0" m13="0" m23="0" m33="1"/>
		<transform name="chickenBip Head"
			m00="-0.230842" m10="0.972991" m20="1.34999e-006" m30="0.644445"
			m01="-3.53863e-007" m11="-1.47142e-006" m21="1.0" m31="2.09405e-007"
			m02="0.972991" m12="0.230842" m22="6.8397e-007" m32="1.53335"
			m03="0" m13="0" m23="0" m33="1"/>
		<transform name="chickenBip Ponytail1"
			m00="0.971044" m10="0.238903" m20="-6.86079e-007" m30="0.686648"
			m01="1.2992e-006" m11="-2.40895e-006" m21="1.0" m31="0.0"
			m02="0.238903" m12="-0.971044" m22="-2.64958e-006" m32="1.65937"
			m03="0" m13="0" m23="0" m33="1"/>
	</frame>
	<frame index="1">
		<transform name="chickenBip Spine"
			m00="0.541878" m10="0.840457" m20="9.82393e-007" m30="0.376173"
			m01="6.94093e-007" m11="-1.61639e-006" m21="1.0" m31="-1.41869e-007"
			m02="0.840457" m12="-0.541878" m22="-1.45924e-006" m32="1.12823"
			m03="0" m13="0" m23="0" m33="1"/>
		<transform name="chickenBip Tail"
			m00="-0.954427" m10="-0.298444" m20="-1.76945e-006" m30="0.238555"
			m01="-7.42479e-007" m11="-3.55448e-006" m21="1.0" m31="-2.11229e-007"
			m02="-0.298444" m12="0.954427" m22="3.1709e-006" m32="1.08309"
			m03="0" m13="0" m23="0" m33="1"/>
		<transform name="chickenBip R UpperArm"
			m00="-0.274657" m10="-0.156839" m20="0.948665" m30="0.441942"
			m01="-0.837374" m11="-0.445923" m21="-0.316159" m31="-0.106053"
			m02="0.472618" m12="-0.881223" m22="-0.00885667" m32="1.17062"
			m03="0" m13="0" m23="0" m33="1"/>
		<transform name="chickenBip L UpperArm"
			m00="-0.42591" m10="-0.105432" m20="-0.898602" m30="0.441942"
			m01="0.82163" m11="0.370799" m21="-0.432933" m31="0.106053"
			m02="0.378846" m12="-0.922709" m22="-0.0713008" m32="1.17062"
			m03="0" m13="0" m23="0" m33="1"/>
		<transform name="chickenBip R Toe0"
			m00="0.983664" m10="-0.124667" m20="0.129862" m30="0.291877"
			m01="0.131652" m11="0.00619544" m21="-0.991277" m31="-0.157422"
			m02="0.122775" m12="0.992179" m22="0.0225069" m32="0.235121"
			m03="0" m13="0" m23="0" m33="1"/>
		<transform name="chickenBip R Foot"
			m00="-0.69213" m10="0.709995" m20="0.129862" m30="0.144106"
			m01="-0.106879" m11="0.0771198" m21="-0.991277" m31="-0.16835"
			m02="-0.713816" m12="-0.699971" m22="0.0225069" m32="0.606451"
			m03="0" m13="0" m23="0" m33="1"/>
		<transform name="chickenBip R Calf"
			m00="-0.0633155" m10="-0.990221" m20="0.124311" m30="0.165293"
			m01="-0.275388" m11="0.13706" m21="0.951512" m31="-0.076198"
			m02="-0.959246" m12="0.0260117" m22="-0.281373" m32="0.927439"
			m03="0" m13="0" m23="0" m33="1"/>
		<transform name="chickenBip R Thigh"
			m00="-0.883954" m10="-0.450746" m20="0.124311" m30="0.424677"
			m01="-0.0226198" m11="0.306777" m21="0.951512" m31="-0.0695606"
			m02="-0.467027" m12="0.838281" m22="-0.281373" m32="1.06448"
			m03="0" m13="0" m23="0" m33="1"/>
		<transform name="chickenBip L Toe0"
			m00="0.989787" m10="0.142306" m20="-0.00841456" m30="0.165028"
			m01="-0.00578644" m11="-0.0188719" m21="-0.999805" m31="0.151592"
			m02="-0.142437" m12="0.989643" m22="-0.0178557" m32="0.198647"
			m03="0" m13="0" m23="0" m33="1"/>
		<transform name="chickenBip L Foot"
			m00="-0.85506" m10="0.511058" m20="0.0877064" m30="0.116337"
			m01="-0.0589729" m11="0.0722016" m21="-0.995645" m31="0.13472"
			m02="-0.515164" m12="-0.856509" m22="-0.0315981" m32="0.595114"
			m03="0" m13="0" m23="0" m33="1"/>
		<transform name="chickenBip L Calf"
			m00="-0.164677" m10="-0.96897" m20="-0.184332" m30="0.171442"
			m01="0.223871" m11="-0.218725" m21="0.949759" m31="0.0598074"
			m02="-0.960606" m12="0.115136" m22="0.252943" m32="0.916557"
			m03="0" m13="0" m23="0" m33="1"/>
		<transform name="chickenBip L Thigh"
			m00="-0.863" m10="-0.470376" m20="-0.184332" m30="0.424676"
			m01="-0.0332376" m11="-0.311214" m21="0.949759" m31="0.0695605"
			m02="-0.50411" m12="0.825768" m22="0.252943" m32="1.06448"
			m03="0" m13="0" m23="0" m33="1"/>
		<transform name="chickenBip Neck"
			m00="0.552921" m10="0.833234" m20="9.62358e-007" m30="0.457261"
			m01="7.09302e-007" m11="-1.62565e-006" m21="1.0" m31="0.0"
			m02="0.833234" m12="-0.552921" m22="-1.48987e-006" m32="1.25452"
			m03="0" m13="0" m23="0" m33="1"/>
		<transform name="chickenBip Head"
			m00="-0.233016" m10="0.972473" m20="1.34855e-006" m30="0.650909"
			m01="-3.56773e-007" m11="-1.47221e-006" m21="1.0" m31="2.10391e-007"
			m02="0.972473" m12="0.233016" m22="6.90002e-007" m32="1.54634"
			m03="0" m13="0" m23="0" m33="1"/>
		<transform name="chickenBip Ponytail1"
			m00="0.970507" m10="0.241073" m20="-6.80059e-007" m30="0.692831"
			m01="1.29838e-006" m11="-2.40604e-006" m21="1.0" m31="0.0"
			m02="0.241073" m12="-0.970507" m22="-2.64809e-006" m32="1.67246"
			m03="0" m13="0" m23="0" m33="1"/>
	</frame>
	<frame index="2">
		<transform name="chickenBip Spine"
			m00="0.541878" m10="0.840457" m20="9.82393e-007" m30="0.381486"
			m01="6.94093e-007" m11="-1.61639e-006" m21="1.0" m31="-1.43559e-007"
			m02="0.840457" m12="-0.541878" m22="-1.45924e-006" m32="1.16689"
			m03="0" m13="0" m23="0" m33="1"/>
		<transform name="chickenBip Tail"
			m00="-0.990215" m10="-0.139554" m20="-1.01427e-006" m30="0.243824"
			m01="-5.14295e-007" m11="-3.61874e-006" m21="1.0" m31="-2.12901e-007"
			m02="-0.139554" m12="0.990215" m22="3.51155e-006" m32="1.12174"
			m03="0" m13="0" m23="0" m33="1"/>
		<transform name="chickenBip R UpperArm"
			m00="-0.311369" m10="0.00314774" m20="0.950284" m30="0.447254"
			m01="-0.949413" m11="0.0419004" m21="-0.311222" m31="-0.106053"
			m02="-0.0407969" m12="-0.999117" m22="-0.010058" m32="1.20928"
			m03="0" m13="0" m23="0" m33="1"/>
		<transform name="chickenBip L UpperArm"
			m00="-0.461895" m10="0.113521" m20="-0.87964" m30="0.447254"
			m01="0.882143" m11="-0.0441461" m21="-0.468907" m31="0.106053"
			m02="-0.0920634" m12="-0.992554" m22="-0.0797507" m32="1.20928"
			m03="0" m13="0" m23="0" m33="1"/>
		<transform name="chickenBip R Toe0"
			m00="0.989623" m10="-0.0615019" m20="0.129862" m30="0.271314"
			m01="0.130986" m11="0.0146026" m21="-0.991277" m31="-0.160756"
			m02="0.059069" m12="0.998" m22="0.0225069" m32="0.266696"
			m03="0" m13="0" m23="0" m33="1"/>
		<transform name="chickenBip R Foot"
			m00="-0.73612" m10="0.664276" m20="0.129862" m30="0.147371"
			m01="-0.111593" m11="0.0701265" m21="-0.991277" m31="-0.168365"
			m02="-0.667588" m12="-0.74419" m22="0.0225069" m32="0.646725"
			m03="0" m13="0" m23="0" m33="1"/>
		<transform name="chickenBip R Calf"
			m00="-0.0671139" m10="-0.990051" m20="0.123669" m30="0.169828"
			m01="-0.276023" m11="0.137535" m21="0.95126" m31="-0.0760005"
			m02="-0.958805" m12="0.0297072" m22="-0.282507" m32="0.967565"
			m03="0" m13="0" m23="0" m33="1"/>
		<transform name="chickenBip R Thigh"
			m00="-0.886601" m10="-0.445696" m20="0.123669" m30="0.429989"
			m01="-0.0219466" m11="0.307608" m21="0.95126" m31="-0.0695606"
			m02="-0.462014" m12="0.840674" m22="-0.282507" m32="1.10314"
			m03="0" m13="0" m23="0" m33="1"/>
		<transform name="chickenBip L Toe0"
			m00="0.98705" m10="0.160208" m20="-0.00814758" m30="0.158932"
			m01="-0.00545996" m11="-0.0172089" m21="-0.999837" m31="0.150958"
			m02="-0.160323" m12="0.986933" m22="-0.0161113" m32="0.236918"
			m03="0" m13="0" m23="0" m33="1"/>
		<transform name="chickenBip L Foot"
			m00="-0.86421" m10="0.495427" m20="0.0877064" m30="0.117435"
			m01="-0.0602758" m11="0.0711174" m21="-0.995645" m31="0.134694"
			m02="-0.499507" m12="-0.865734" m22="-0.0315981" m32="0.634228"
			m03="0" m13="0" m23="0" m33="1"/>
		<transform name="chickenBip L Calf"
			m00="-0.177535" m10="-0.966883" m20="-0.183354" m30="0.176842"
			m01="0.222268" m11="-0.220894" m21="0.949633" m31="0.0603174"
			m02="-0.958686" m12="0.127839" m22="0.254123" m32="0.955029"
			m03="0" m13="0" m23="0" m33="1"/>
		<transform name="chickenBip L Thigh"
			m00="-0.862697" m10="-0.471312" m20="-0.183354" m30="0.429988"
			m01="-0.0314995" m11="-0.311777" m21="0.949633" m31="0.0695605"
			m02="-0.504739" m12="0.825021" m22="0.254123" m32="1.10314"
			m03="0" m13="0" m23="0" m33="1"/>
		<transform name="chickenBip Neck"
			m00="0.561953" m10="0.827169" m20="9.45538e-007" m30="0.462574"
			m01="7.21749e-007" m11="-1.63343e-006" m21="1.0" m31="0.0"
			m02="0.827169" m12="-0.561953" m22="-1.51492e-006" m32="1.29317"
			m03="0" m13="0" m23="0" m33="1"/>
		<transform name="chickenBip Head"
			m00="-0.238914" m10="0.971041" m20="1.34458e-006" m30="0.659386"
			m01="-3.64664e-007" m11="-1.4744e-006" m21="1.0" m31="2.13062e-007"
			m02="0.971041" m12="0.238914" m22="7.06359e-007" m32="1.58287"
			m03="0" m13="0" m23="0" m33="1"/>
		<transform name="chickenBip Ponytail1"
			m00="0.969026" m10="0.246958" m20="-6.63736e-007" m30="0.700542"
			m01="1.29613e-006" m11="-2.39817e-006" m21="1.0" m31="0.0"
			m02="0.246958" m12="-0.969026" m22="-2.64398e-006" m32="1.70924"
			m03="0" m13="0" m23="0" m33="1"/>
	</frame>
	<frame index="3">
		<transform name="chickenBip Spine"
			m00="0.541878" m10="0.840457" m20="9.82393e-007" m30="0.386798"
			m01="6.94093e-007" m11="-1.61639e-006" m21="1.0" m31="-1.44971e-007"
			m02="0.840457" m12="-0.541878" m22="-1.45924e-006" m32="1.1992"
			m03="0" m13="0" m23="0" m33="1"/>
		<transform name="chickenBip Tail"
			m00="-0.999898" m10="-0.0142541" m20="-4.89829e-007" m30="0.249102"
			m01="-4.38177e-007" m11="-3.62679e-006" m21="1.0" m31="-2.14311e-007"
			m02="-0.0142541" m12="0.999898" m22="3.62017e-006" m32="1.15404"
			m03="0" m13="0" m23="0" m33="1"/>
		<transform name="chickenBip R UpperArm"
			m00="-0.298458" m10="0.0802521" m20="0.951043" m30="0.452566"
			m01="-0.909897" m11="0.276878" m21="-0.30891" m31="-0.106053"
			m02="-0.288114" m12="-0.957548" m22="-0.00961527" m32="1.24158"
			m03="0" m13="0" m23="0" m33="1"/>
		<transform name="chickenBip L UpperArm"
			m00="-0.442572" m10="0.216203" m20="-0.87028" m30="0.452566"
			m01="0.841024" m11="-0.236661" m21="-0.486487" m31="0.106053"
			m02="-0.311141" m12="-0.947232" m22="-0.0770923" m32="1.24158"
			m03="0" m13="0" m23="0" m33="1"/>
		<transform name="chickenBip R Toe0"
			m00="0.991499" m10="0.00803594" m20="0.129862" m30="0.247777"
			m01="0.12964" m11="0.0237506" m21="-0.991277" m31="-0.164415"
			m02="-0.0110502" m12="0.999686" m22="0.0225069" m32="0.292571"
			m03="0" m13="0" m23="0" m33="1"/>
		<transform name="chickenBip R Foot"
			m00="-0.780884" m10="0.611029" m20="0.129862" m30="0.15054"
			m01="-0.116235" m11="0.0621297" m21="-0.991277" m31="-0.168349"
			m02="-0.613767" m12="-0.789166" m22="0.0225069" m32="0.680349"
			m03="0" m13="0" m23="0" m33="1"/>
		<transform name="chickenBip R Calf"
			m00="-0.0716951" m10="-0.989803" m20="0.123088" m30="0.174531"
			m01="-0.276368" m11="0.138287" m21="0.951051" m31="-0.0758696"
			m02="-0.958374" m12="0.0341682" m22="-0.283464" m32="1.00104"
			m03="0" m13="0" m23="0" m33="1"/>
		<transform name="chickenBip R Thigh"
			m00="-0.88868" m10="-0.441699" m20="0.123088" m30="0.435301"
			m01="-0.0215004" m11="0.308286" m21="0.951051" m31="-0.0695606"
			m02="-0.458025" m12="0.842533" m22="-0.283464" m32="1.13545"
			m03="0" m13="0" m23="0" m33="1"/>
		<transform name="chickenBip L Toe0"
			m00="0.983426" m10="0.181141" m20="-0.00779417" m30="0.1518"
			m01="-0.00511541" m11="-0.0152509" m21="-0.999871" m31="0.150159"
			m02="-0.181236" m12="0.983339" m22="-0.0140715" m32="0.268161"
			m03="0" m13="0" m23="0" m33="1"/>
		<transform name="chickenBip L Foot"
			m00="-0.87458" m10="0.476882" m20="0.0877064" m30="0.118761"
			m01="-0.0617789" m11="0.0698157" m21="-0.995645" m31="0.134613"
			m02="-0.480929" m12="-0.87619" m22="-0.0315981" m32="0.666292"
			m03="0" m13="0" m23="0" m33="1"/>
		<transform name="chickenBip L Calf"
			m00="-0.191022" m10="-0.964464" m20="-0.182538" m30="0.182682"
			m01="0.219994" m11="-0.223297" m21="0.9496" m31="0.0609976"
			m02="-0.956616" m12="0.141237" m22="0.254831" m32="0.9864"
			m03="0" m13="0" m23="0" m33="1"/>
		<transform name="chickenBip L Thigh"
			m00="-0.860902" m10="-0.474897" m20="-0.182538" m30="0.435301"
			m01="-0.0291815" m11="-0.312102" m21="0.9496" m31="0.0695604"
			m02="-0.507933" m12="0.82284" m22="0.254831" m32="1.13545"
			m03="0" m13="0" m23="0" m33="1"/>
		<transform name="chickenBip Neck"
			m00="0.575444" m10="0.817841" m20="9.19665e-007" m30="0.467889"
			m01="7.40353e-007" m11="-1.64543e-006" m21="1.0" m31="0.0"
			m02="0.817841" m12="-0.575444" m22="-1.55234e-006" m32="1.32549"
			m03="0" m13="0" m23="0" m33="1"/>
		<transform name="chickenBip Head"
			m00="-0.247588" m10="0.968865" m20="1.33855e-006" m30="0.669426"
			m01="-3.76269e-007" m11="-1.47772e-006" m21="1.0" m31="2.18169e-007"
			m02="0.968865" m12="0.247588" m22="7.30419e-007" m32="1.61192"
			m03="0" m13="0" m23="0" m33="1"/>
		<transform name="chickenBip Ponytail1"
			m00="0.966779" m10="0.255615" m20="-6.39726e-007" m30="0.70945"
			m01="1.29272e-006" m11="-2.38659e-006" m21="1.0" m31="0.0"
			m02="0.255615" m12="-0.966779" m22="-2.63775e-006" m32="1.73865"
			m03="0" m13="0" m23="0" m33="1"/>
	</frame>
	<frame index="4">
		<transform name="chickenBip Spine"
			m00="0.541878" m10="0.840457" m20="9.82393e-007" m30="0.39211"
			m01="6.94093e-007" m11="-1.61639e-006" m21="1.0" m31="-1.45492e-007"
			m02="0.840457" m12="-0.541878" m22="-1.45924e-006" m32="1.21111"
			m03="0" m13="0" m23="0" m33="1"/>
		<transform name="chickenBip Tail"
			m00="-0.997496" m10="0.0707303" m20="-3.08068e-007" m30="0.254391"
			m01="-5.56826e-007" m11="-3.49728e-006" m21="1.0" m31="-2.14867e-007"
			m02="0.0707303" m12="0.997496" m22="3.5279e-006" m32="1.16596"
			m03="0" m13="0" m23="0" m33="1"/>
		<transform name="chickenBip R UpperArm"
			m00="-0.30726" m10="0.0436108" m20="0.950626" m30="0.457878"
			m01="-0.936283" m11="0.164801" m21="-0.310185" m31="-0.106053"
			m02="-0.170192" m12="-0.985362" m22="-0.00980485" m32="1.2535"
			m03="0" m13="0" m23="0" m33="1"/>
		<transform name="chickenBip L UpperArm"
			m00="-0.457222" m10="0.164234" m20="-0.874057" m30="0.457878"
			m01="0.866931" m11="-0.136989" m21="-0.479234" m31="0.106053"
			m02="-0.198442" m12="-0.976863" m22="-0.0797448" m32="1.2535"
			m03="0" m13="0" m23="0" m33="1"/>
		<transform name="chickenBip R Toe0"
			m00="0.988252" m10="0.080585" m20="0.129862" m30="0.222511"
			m01="0.127554" m11="0.0331756" m21="-0.991277" m31="-0.16824"
			m02="-0.0841903" m12="0.996196" m22="0.0225069" m32="0.2996"
			m03="0" m13="0" m23="0" m33="1"/>
		<transform name="chickenBip R Foot"
			m00="-0.823512" m10="0.552235" m20="0.129862" m30="0.153663"
			m01="-0.120471" m11="0.0534555" m21="-0.991277" m31="-0.168318"
			m02="-0.55436" m12="-0.831973" m22="0.0225069" m32="0.69343"
			m03="0" m13="0" m23="0" m33="1"/>
		<transform name="chickenBip R Calf"
			m00="-0.076666" m10="-0.989498" m20="0.122536" m30="0.179317"
			m01="-0.276566" m11="0.13918" m21="0.950863" m31="-0.0757718"
			m02="-0.957932" m12="0.0390096" m22="-0.284332" m32="1.01398"
			m03="0" m13="0" m23="0" m33="1"/>
		<transform name="chickenBip R Thigh"
			m00="-0.890472" m10="-0.438229" m20="0.122536" m30="0.440613"
			m01="-0.0211673" m11="0.308888" m21="0.950863" m31="-0.0695606"
			m02="-0.454546" m12="0.844123" m22="-0.284332" m32="1.14736"
			m03="0" m13="0" m23="0" m33="1"/>
		<transform name="chickenBip L Toe0"
			m00="0.979042" m10="0.203526" m20="-0.00736655" m30="0.144156"
			m01="-0.00479181" m11="-0.0131407" m21="-0.999902" m31="0.149267"
			m02="-0.203603" m12="0.978981" m22="-0.01189" m32="0.278837"
			m03="0" m13="0" m23="0" m33="1"/>
		<transform name="chickenBip L Foot"
			m00="-0.885272" m10="0.456729" m20="0.0877064" m30="0.120214"
			m01="-0.0633616" m11="0.0683826" m21="-0.995645" m31="0.134501"
			m02="-0.460737" m12="-0.886974" m22="-0.0315981" m32="0.677649"
			m03="0" m13="0" m23="0" m33="1"/>
		<transform name="chickenBip L Calf"
			m00="-0.204803" m10="-0.96177" m20="-0.181806" m30="0.188746"
			m01="0.217372" m11="-0.225796" m21="0.949613" m31="0.0617631"
			m02="-0.954361" m12="0.154964" m22="0.255305" m32="0.997002"
			m03="0" m13="0" m23="0" m33="1"/>
		<transform name="chickenBip L Thigh"
			m00="-0.858338" m10="-0.479795" m20="-0.181806" m30="0.440613"
			m01="-0.0265725" m11="-0.312295" m21="0.949613" m31="0.0695604"
			m02="-0.512397" m12="0.81992" m22="0.255305" m32="1.14736"
			m03="0" m13="0" m23="0" m33="1"/>
		<transform name="chickenBip Neck"
			m00="0.592098" m10="0.805866" m20="8.86451e-007" m30="0.473205"
			m01="7.63337e-007" m11="-1.66085e-006" m21="1.0" m31="0.0"
			m02="0.805866" m12="-0.592098" m22="-1.59853e-006" m32="1.3374"
			m03="0" m13="0" m23="0" m33="1"/>
		<transform name="chickenBip Head"
			m00="-0.258095" m10="0.966119" m20="1.33093e-006" m30="0.680574"
			m01="-3.9032e-007" m11="-1.48188e-006" m21="1.0" m31="2.25702e-007"
			m02="0.966119" m12="0.258095" m22="7.59561e-007" m32="1.61964"
			m03="0" m13="0" m23="0" m33="1"/>
		<transform name="chickenBip Ponytail1"
			m00="0.963946" m10="0.266098" m20="-6.10648e-007" m30="0.719219"
			m01="1.28844e-006" m11="-2.37258e-006" m21="1.0" m31="0.0"
			m02="0.266098" m12="-0.963946" m22="-2.62989e-006" m32="1.7468"
			m03="0" m13="0" m23="0" m33="1"/>
	</frame>
	<frame index="5">
		<transform name="chickenBip Spine"
			m00="0.541878" m10="0.840457" m20="9.82393e-007" m30="0.397422"
			m01="6.94093e-007" m11="-1.61639e-006" m21="1.0" m31="-1.45542e-007"
			m02="0.840457" m12="-0.541878" m22="-1.45924e-006" m32="1.21226"
			m03="0" m13="0" m23="0" m33="1"/>
		<transform name="chickenBip Tail"
			m00="-0.990287" m10="0.139035" m20="-3.05852e-007" m30="0.259684"
			m01="-7.68365e-007" m11="-3.27292e-006" m21="1.0" m31="-2.14979e-007"
			m02="0.139035" m12="0.990287" m22="3.34796e-006" m32="1.1671"
			m03="0" m13="0" m23="0" m33="1"/>
		<transform name="chickenBip R UpperArm"
			m00="-0.309015" m10="-0.0524745" m20="0.949609" m30="0.463191"
			m01="-0.940926" m11="-0.128485" m21="-0.313289" m31="-0.106053"
			m02="0.13845" m12="-0.990322" m22="-0.00967102" m32="1.25464"
			m03="0" m13="0" m23="0" m33="1"/>
		<transform name="chickenBip L UpperArm"
			m00="-0.465093" m10="0.0301816" m20="-0.884747" m30="0.46319"
			m01="0.88068" m11="0.117321" m21="-0.458953" m31="0.106053"
			m02="0.0899474" m12="-0.992635" m22="-0.0811454" m32="1.25464"
			m03="0" m13="0" m23="0" m33="1"/>
		<transform name="chickenBip R Toe0"
			m00="0.979703" m10="0.152702" m20="0.129862" m30="0.196879"
			m01="0.124784" m11="0.0424227" m21="-0.991277" m31="-0.172064"
			m02="-0.156879" m12="0.987361" m22="0.0225069" m32="0.297985"
			m03="0" m13="0" m23="0" m33="1"/>
		<transform name="chickenBip R Foot"
			m00="-0.861723" m10="0.490479" m20="0.129862" m30="0.15679"
			m01="-0.12406" m11="0.0444945" m21="-0.991277" m31="-0.168284"
			m02="-0.491978" m12="-0.870316" m22="0.0225069" m32="0.695755"
			m03="0" m13="0" m23="0" m33="1"/>
		<transform name="chickenBip R Calf"
			m00="-0.0816355" m10="-0.98917" m20="0.12198" m30="0.184107"
			m01="-0.27676" m11="0.140074" m21="0.950675" m31="-0.0756734"
			m02="-0.957465" m12="0.0438495" m22="-0.285197" m32="1.01615"
			m03="0" m13="0" m23="0" m33="1"/>
		<transform name="chickenBip R Thigh"
			m00="-0.89225" m10="-0.434753" m20="0.12198" m30="0.445925"
			m01="-0.0208317" m11="0.309488" m21="0.950675" m31="-0.0695606"
			m02="-0.45106" m12="0.845699" m22="-0.285197" m32="1.1485"
			m03="0" m13="0" m23="0" m33="1"/>
		<transform name="chickenBip L Toe0"
			m00="0.974148" m10="0.225804" m20="-0.00688927" m30="0.13652"
			m01="-0.00451638" m11="-0.0110236" m21="-0.999929" m31="0.14836"
			m02="-0.225864" m12="0.97411" m22="-0.00971884" m32="0.279028"
			m03="0" m13="0" m23="0" m33="1"/>
		<transform name="chickenBip L Foot"
			m00="-0.895499" m10="0.436335" m20="0.0877064" m30="0.121688"
			m01="-0.064911" m11="0.0669136" m21="-0.995645" m31="0.134382"
			m02="-0.440304" m12="-0.897293" m22="-0.0315981" m32="0.678311"
			m03="0" m13="0" m23="0" m33="1"/>
		<transform name="chickenBip L Calf"
			m00="-0.218546" m10="-0.958879" m20="-0.181077" m30="0.194819"
			m01="0.214726" m11="-0.228269" m21="0.949624" m31="0.0625291"
			m02="-0.951909" m12="0.168655" m22="0.255784" m32="0.996844"
			m03="0" m13="0" m23="0" m33="1"/>
		<transform name="chickenBip L Thigh"
			m00="-0.855744" m10="-0.484678" m20="-0.181077" m30="0.445925"
			m01="-0.0239622" m11="-0.312474" m21="0.949624" m31="0.0695604"
			m02="-0.516844" m12="0.816974" m22="0.255784" m32="1.1485"
			m03="0" m13="0" m23="0" m33="1"/>
		<transform name="chickenBip Neck"
			m00="0.610639" m10="0.791909" m20="8.47739e-007" m30="0.478521"
			m01="7.88953e-007" m11="-1.67886e-006" m21="1.0" m31="0.0"
			m02="0.791909" m12="-0.610639" m22="-1.64996e-006" m32="1.33856"
			m03="0" m13="0" m23="0" m33="1"/>
		<transform name="chickenBip Head"
			m00="-0.269495" m10="0.963002" m20="1.32228e-006" m30="0.692384"
			m01="-4.05558e-007" m11="-1.48658e-006" m21="1.0" m31="2.34629e-007"
			m02="0.963002" m12="0.269495" m22="7.91178e-007" m32="1.6159"
			m03="0" m13="0" m23="0" m33="1"/>
		<transform name="chickenBip Ponytail1"
			m00="0.960734" m10="0.277472" m20="-5.79104e-007" m30="0.729524"
			m01="1.28361e-006" m11="-2.35738e-006" m21="1.0" m31="0.0"
			m02="0.277472" m12="-0.960734" m22="-2.62098e-006" m32="1.74351"
			m03="0" m13="0" m23="0" m33="1"/>
	</frame>
	<frame index="6">
		<transform name="chickenBip Spine"
			m00="0.541878" m10="0.840457" m20="9.82393e-007" m30="0.402734"
			m01="6.94093e-007" m11="-1.61639e-006" m21="1.0" m31="-1.45119e-007"
			m02="0.840457" m12="-0.541878" m22="-1.45924e-006" m32="1.20259"
			m03="0" m13="0" m23="0" m33="1"/>
		<transform name="chickenBip Tail"
			m00="-0.980811" m10="0.194962" m20="-3.79109e-007" m30="0.264981"
			m01="-9.88097e-007" m11="-3.02637e-006" m21="1.0" m31="-2.14623e-007"
			m02="0.194962" m12="0.980811" m22="3.16094e-006" m32="1.15743"
			m03="0" m13="0" m23="0" m33="1"/>
		<transform name="chickenBip R UpperArm"
			m00="-0.273129" m10="-0.160518" m20="0.948491" m30="0.468503"
			m01="-0.830674" m11="-0.457911" m21="-0.316698" m31="-0.106053"
			m02="0.48516" m12="-0.874386" m22="-0.00826949" m32="1.24497"
			m03="0" m13="0" m23="0" m33="1"/>
		<transform name="chickenBip L UpperArm"
			m00="-0.424175" m10="-0.122744" m20="-0.897223" m30="0.468502"
			m01="0.803056" m11="0.40693" m21="-0.435326" m31="0.106053"
			m02="0.418541" m12="-0.905175" m22="-0.0740394" m32="1.24497"
			m03="0" m13="0" m23="0" m33="1"/>
		<transform name="chickenBip R Toe0"
			m00="0.966585" m10="0.221017" m20="0.129862" m30="0.172315"
			m01="0.121502" m11="0.0510674" m21="-0.991277" m31="-0.175718"
			m02="-0.225721" m12="0.973932" m22="0.0225069" m32="0.287884"
			m03="0" m13="0" m23="0" m33="1"/>
		<transform name="chickenBip R Foot"
			m00="-0.893992" m10="0.428853" m20="0.129862" m30="0.159976"
			m01="-0.126874" m11="0.0356867" m21="-0.991277" m31="-0.168263"
			m02="-0.429746" m12="-0.902669" m22="0.0225069" m32="0.687427"
			m03="0" m13="0" m23="0" m33="1"/>
		<transform name="chickenBip R Calf"
			m00="-0.0862108" m10="-0.988854" m20="0.121387" m30="0.188824"
			m01="-0.277094" m11="0.140832" m21="0.950466" m31="-0.0755399"
			m02="-0.956967" m12="0.0483049" m22="-0.286147" m32="1.00765"
			m03="0" m13="0" m23="0" m33="1"/>
		<transform name="chickenBip R Thigh"
			m00="-0.894279" m10="-0.430733" m20="0.121387" m30="0.451237"
			m01="-0.0203768" m11="0.310161" m21="0.950466" m31="-0.0695606"
			m02="-0.447046" m12="0.847508" m22="-0.286147" m32="1.13883"
			m03="0" m13="0" m23="0" m33="1"/>
		<transform name="chickenBip L Toe0"
			m00="0.969136" m10="0.246445" m20="-0.00640036" m30="0.129408"
			m01="-0.00430332" m11="-0.0090468" m21="-0.99995" m31="0.147519"
			m02="-0.246491" m12="0.969114" m22="-0.00770703" m32="0.269063"
			m03="0" m13="0" m23="0" m33="1"/>
		<transform name="chickenBip L Foot"
			m00="-0.904602" m10="0.417137" m20="0.0877065" m30="0.123068"
			m01="-0.0663233" m11="0.065514" m21="-0.995645" m31="0.134281"
			m02="-0.421066" m12="-0.906479" m22="-0.0315981" m32="0.668596"
			m03="0" m13="0" m23="0" m33="1"/>
		<transform name="chickenBip L Calf"
			m00="-0.231923" m10="-0.955884" m20="-0.180269" m30="0.200675"
			m01="0.212387" m11="-0.230612" m21="0.949584" m31="0.0632106"
			m02="-0.949265" m12="0.181944" m22="0.256502" m32="0.986244"
			m03="0" m13="0" m23="0" m33="1"/>
		<transform name="chickenBip L Thigh"
			m00="-0.853891" m10="-0.488235" m20="-0.180269" m30="0.451237"
			m01="-0.0216396" m11="-0.312765" m21="0.949584" m31="0.0695604"
			m02="-0.520002" m12="0.814742" m22="0.256502" m32="1.13883"
			m03="0" m13="0" m23="0" m33="1"/>
		<transform name="chickenBip Neck"
			m00="0.629847" m10="0.776719" m20="8.05609e-007" m30="0.483837"
			m01="8.15523e-007" m11="-1.69851e-006" m21="1.0" m31="0.0"
			m02="0.776719" m12="-0.629847" m22="-1.70323e-006" m32="1.32889"
			m03="0" m13="0" m23="0" m33="1"/>
		<transform name="chickenBip Head"
			m00="-0.280856" m10="0.95975" m20="1.31326e-006" m30="0.704428"
			m01="-4.20739e-007" m11="-1.49146e-006" m21="1.0" m31="2.44362e-007"
			m02="0.95975" m12="0.280856" m22="8.22691e-007" m32="1.60092"
			m03="0" m13="0" m23="0" m33="1"/>
		<transform name="chickenBip Ponytail1"
			m00="0.957388" m10="0.288806" m20="-5.47667e-007" m30="0.740056"
			m01="1.2786e-006" m11="-2.34224e-006" m21="1.0" m31="0.0"
			m02="0.288806" m12="-0.957388" m22="-2.6117e-006" m32="1.72896"
			m03="0" m13="0" m23="0" m33="1"/>
	</frame>
	<frame index="7">
		<transform name="chickenBip Spine"
			m00="0.541878" m10="0.840457" m20="9.82393e-007" m30="0.408047"
			m01="6.94093e-007" m11="-1.61639e-006" m21="1.0" m31="-1.44099e-007"
			m02="0.840457" m12="-0.541878" m22="-1.45924e-006" m32="1.17923"
			m03="0" m13="0" m23="0" m33="1"/>
		<transform name="chickenBip Tail"
			m00="-0.970049" m10="0.242909" m20="-4.15893e-007" m30="0.27028"
			m01="-1.13976e-006" m11="-2.83945e-006" m21="1.0" m31="-2.13654e-007"
			m02="0.242909" m12="0.970049" m22="3.03127e-006" m32="1.13409"
			m03="0" m13="0" m23="0" m33="1"/>
		<transform name="chickenBip R UpperArm"
			m00="-0.21774" m10="-0.233179" m20="0.947743" m30="0.473815"
			m01="-0.661077" m11="-0.679142" m21="-0.318973" m31="-0.106053"
			m02="0.71803" m12="-0.695984" m22="-0.00627272" m32="1.22162"
			m03="0" m13="0" m23="0" m33="1"/>
		<transform name="chickenBip L UpperArm"
			m00="-0.355592" m10="-0.229128" m20="-0.906121" m30="0.473815"
			m01="0.674048" m11="0.608737" m21="-0.418448" m31="0.106053"
			m02="0.647467" m12="-0.759565" m22="-0.0620192" m32="1.22162"
			m03="0" m13="0" m23="0" m33="1"/>
		<transform name="chickenBip R Toe0"
			m00="0.950472" m10="0.282382" m20="0.129862" m30="0.15025"
			m01="0.117987" m11="0.0587335" m21="-0.991277" m31="-0.179042"
			m02="-0.287546" m12="0.957502" m22="0.0225069" m32="0.266295"
			m03="0" m13="0" m23="0" m33="1"/>
		<transform name="chickenBip R Foot"
			m00="-0.919589" m10="0.3708" m20="0.129862" m30="0.163277"
			m01="-0.128897" m11="0.0274994" m21="-0.991277" m31="-0.168266"
			m02="-0.371136" m12="-0.928306" m22="0.0225069" m32="0.66574"
			m03="0" m13="0" m23="0" m33="1"/>
		<transform name="chickenBip R Calf"
			m00="-0.0900005" m10="-0.988599" m20="0.120717" m30="0.193394"
			m01="-0.277713" m11="0.141313" m21="0.950214" m31="-0.0753366"
			m02="-0.956439" m12="0.0519949" m22="-0.287265" m32="0.985788"
			m03="0" m13="0" m23="0" m33="1"/>
		<transform name="chickenBip R Thigh"
			m00="-0.896811" m10="-0.425627" m20="0.120717" m30="0.45655"
			m01="-0.0196839" m11="0.310977" m21="0.950214" m31="-0.0695606"
			m02="-0.441977" m12="0.849785" m22="-0.287265" m32="1.11548"
			m03="0" m13="0" m23="0" m33="1"/>
		<transform name="chickenBip L Toe0"
			m00="0.964517" m10="0.263953" m20="-0.0059499" m30="0.12333"
			m01="-0.00415488" m11="-0.00735835" m21="-0.999964" m31="0.146826"
			m02="-0.263987" m12="0.964507" m22="-0.00600056" m32="0.246404"
			m03="0" m13="0" m23="0" m33="1"/>
		<transform name="chickenBip L Foot"
			m00="-0.912036" m10="0.400621" m20="0.0877065" m30="0.124231"
			m01="-0.0675035" m11="0.0642973" m21="-0.995645" m31="0.134224"
			m02="-0.404516" m12="-0.913985" m22="-0.0315981" m32="0.646007"
			m03="0" m13="0" m23="0" m33="1"/>
		<transform name="chickenBip L Calf"
			m00="-0.244611" m10="-0.952899" m20="-0.179302" m30="0.206084"
			m01="0.210687" m11="-0.232736" m21="0.949445" m31="0.0637229"
			m02="-0.946455" m12="0.194468" m22="0.257693" m32="0.962714"
			m03="0" m13="0" m23="0" m33="1"/>
		<transform name="chickenBip L Thigh"
			m00="-0.853563" m10="-0.489164" m20="-0.179302" m30="0.45655"
			m01="-0.019894" m11="-0.313304" m21="0.949445" m31="0.0695604"
			m02="-0.52061" m12="0.813978" m22="0.257693" m32="1.11548"
			m03="0" m13="0" m23="0" m33="1"/>
		<transform name="chickenBip Neck"
			m00="0.648576" m10="0.76115" m20="7.62426e-007" m30="0.489154"
			m01="8.41463e-007" m11="-1.71869e-006" m21="1.0" m31="0.0"
			m02="0.76115" m12="-0.648576" m22="-1.75518e-006" m32="1.30554"
			m03="0" m13="0" m23="0" m33="1"/>
		<transform name="chickenBip Head"
			m00="-0.291262" m10="0.956643" m20="1.30465e-006" m30="0.716304"
			m01="-4.34638e-007" m11="-1.49611e-006" m21="1.0" m31="2.54474e-007"
			m02="0.956643" m12="0.291262" m22="8.51553e-007" m32="1.57212"
			m03="0" m13="0" m23="0" m33="1"/>
		<transform name="chickenBip Ponytail1"
			m00="0.954195" m10="0.299186" m20="-5.18878e-007" m30="0.75054"
			m01="1.27384e-006" m11="-2.32838e-006" m21="1.0" m31="0.0"
			m02="0.299186" m12="-0.954195" m22="-2.60284e-006" m32="1.70054"
			m03="0" m13="0" m23="0" m33="1"/>
	</frame>
	<frame index="8">
		<transform name="chickenBip Spine"
			m00="0.541878" m10="0.840457" m20="9.82393e-007" m30="0.413358"
			m01="6.94093e-007" m11="-1.61639e-006" m21="1.0" m31="-1.42941e-007"
			m02="0.840457" m12="-0.541878" m22="-1.45924e-006" m32="1.15276"
			m03="0" m13="0" m23="0" m33="1"/>
		<transform name="chickenBip Tail"
			m00="-0.95787" m10="0.287201" m20="-3.00297e-007" m30="0.27558"
			m01="-1.1528e-006" m11="-2.79923e-006" m21="1.0" m31="-2.12508e-007"
			m02="0.287201" m12="0.95787" m22="3.01238e-006" m32="1.10762"
			m03="0" m13="0" m23="0" m33="1"/>
		<transform name="chickenBip R UpperArm"
			m00="-0.196832" m10="-0.251908" m20="0.947523" m30="0.479127"
			m01="-0.59686" m11="-0.735927" m21="-0.319641" m31="-0.106053"
			m02="0.777827" m12="-0.628454" m22="-0.00549953" m32="1.19515"
			m03="0" m13="0" m23="0" m33="1"/>
		<transform name="chickenBip L UpperArm"
			m00="-0.329078" m10="-0.25663" m20="-0.908762" m30="0.479126"
			m01="0.62535" m11="0.661869" m21="-0.413359" m31="0.106053"
			m02="0.707562" m12="-0.704322" m22="-0.0573228" m32="1.19515"
			m03="0" m13="0" m23="0" m33="1"/>
		<transform name="chickenBip R Toe0"
			m00="0.933598" m10="0.333961" m20="0.129862" m30="0.13207"
			m01="0.114597" m11="0.0651008" m21="-0.991277" m31="-0.181891"
			m02="-0.339502" m12="0.940336" m22="0.0225069" m32="0.243341"
			m03="0" m13="0" m23="0" m33="1"/>
		<transform name="chickenBip R Foot"
			m00="-0.938498" m10="0.319932" m20="0.129862" m30="0.166754"
			m01="-0.130208" m11="0.020406" m21="-0.991277" m31="-0.168309"
			m02="-0.319791" m12="-0.947221" m22="0.0225069" m32="0.641405"
			m03="0" m13="0" m23="0" m33="1"/>
		<transform name="chickenBip R Calf"
			m00="-0.0926134" m10="-0.988453" m20="0.119933" m30="0.197745"
			m01="-0.278762" m11="0.141374" m21="0.949897" m31="-0.075028"
			m02="-0.955884" m12="0.0545404" m22="-0.288636" m32="0.961268"
			m03="0" m13="0" m23="0" m33="1"/>
		<transform name="chickenBip R Thigh"
			m00="-0.900084" m10="-0.418886" m20="0.119933" m30="0.461861"
			m01="-0.0186324" m11="0.312006" m21="0.949897" m31="-0.0695606"
			m02="-0.435319" m12="0.852752" m22="-0.288636" m32="1.08901"
			m03="0" m13="0" m23="0" m33="1"/>
		<transform name="chickenBip L Toe0"
			m00="0.960894" m10="0.276859" m20="-0.00559655" m30="0.118794"
			m01="-0.00406469" m11="-0.00610665" m21="-0.999973" m31="0.146367"
			m02="-0.276886" m12="0.960891" m22="-0.00474251" m32="0.221887"
			m03="0" m13="0" m23="0" m33="1"/>
		<transform name="chickenBip L Foot"
			m00="-0.917347" m10="0.388308" m20="0.0877065" m30="0.125057"
			m01="-0.0683629" m11="0.0633828" m21="-0.995645" m31="0.134237"
			m02="-0.392176" m12="-0.919348" m22="-0.0315981" m32="0.621457"
			m03="0" m13="0" m23="0" m33="1"/>
		<transform name="chickenBip L Calf"
			m00="-0.256289" m10="-0.950053" m20="-0.178089" m30="0.210818"
			m01="0.209959" m11="-0.23456" m21="0.949157" m31="0.0639799"
			m02="-0.943522" m12="0.205867" m22="0.259587" m32="0.937183"
			m03="0" m13="0" m23="0" m33="1"/>
		<transform name="chickenBip L Thigh"
			m00="-0.855533" m10="-0.486156" m20="-0.178089" m30="0.461861"
			m01="-0.019018" m11="-0.314228" m21="0.949157" m31="0.0695605"
			m02="-0.517398" m12="0.815422" m22="0.259587" m32="1.08901"
			m03="0" m13="0" m23="0" m33="1"/>
		<transform name="chickenBip Neck"
			m00="0.665767" m10="0.74616" m20="7.2085e-007" m30="0.49447"
			m01="8.65303e-007" m11="-1.73815e-006" m21="1.0" m31="0.0"
			m02="0.74616" m12="-0.665767" m22="-1.80286e-006" m32="1.27907"
			m03="0" m13="0" m23="0" m33="1"/>
		<transform name="chickenBip Head"
			m00="-0.299806" m10="0.954" m20="1.29732e-006" m30="0.72764"
			m01="-4.46045e-007" m11="-1.50005e-006" m21="1.0" m31="2.63986e-007"
			m02="0.954" m12="0.299806" m22="8.75251e-007" m32="1.5404"
			m03="0" m13="0" m23="0" m33="1"/>
		<transform name="chickenBip Ponytail1"
			m00="0.951481" m10="0.307707" m20="-4.95242e-007" m30="0.760727"
			m01="1.26981e-006" m11="-2.31701e-006" m21="1.0" m31="0.0"
			m02="0.307707" m12="-0.951481" m22="-2.59532e-006" m32="1.66912"
			m03="0" m13="0" m23="0" m33="1"/>
	</frame>
	<frame index="9">
		<transform name="chickenBip Spine"
			m00="0.541878" m10="0.840457" m20="9.82393e-007" m30="0.370882"
			m01="6.94093e-007" m11="-1.61639e-006" m21="1.0" m31="-1.42109e-007"
			m02="0.840457" m12="-0.541878" m22="-1.45924e-006" m32="1.13372"
			m03="0" m13="0" m23="0" m33="1"/>
		<transform name="chickenBip Tail"
			m00="-0.947852" m10="0.318712" m20="2.48532e-007" m30="0.233095"
			m01="-8.1418e-007" m11="-3.20118e-006" m21="1.0" m31="-2.11565e-007"
			m02="0.318712" m12="0.947852" m22="3.29373e-006" m32="1.08858"
			m03="0" m13="0" m23="0" m33="1"/>
		<transform name="chickenBip R UpperArm"
			m00="-0.282194" m10="-0.143907" m20="0.948503" m30="0.43665"
			m01="-0.856963" m11="-0.406626" m21="-0.316653" m31="-0.106053"
			m02="0.431254" m12="-0.90219" m22="-0.00857533" m32="1.1761"
			m03="0" m13="0" m23="0" m33="1"/>
		<transform name="chickenBip L UpperArm"
			m00="-0.43313" m10="-0.0923354" m20="-0.89659" m30="0.43665"
			m01="0.827951" m11="0.352381" m21="-0.436261" m31="0.106053"
			m02="0.356224" m12="-0.93129" m22="-0.0761775" m32="1.1761"
