<?xml version="1.0" encoding="ISO-8859-1" standalone="yes"?>

<!DOCTYPE animation [
	<!ELEMENT animation  (frame+)>
	<!ELEMENT frame      (transform+)>
	<!ELEMENT transform   EMPTY>
	<!ATTLIST frame index CDATA #REQUIRED>
	<!ATTLIST transform name CDATA #REQUIRED>
	<!ATTLIST transform m00 CDATA #REQUIRED>
	<!ATTLIST transform m01 CDATA #REQUIRED>
	<!ATTLIST transform m02 CDATA #REQUIRED>
	<!ATTLIST transform m03 CDATA #REQUIRED>
	<!ATTLIST transform m10 CDATA #REQUIRED>
	<!ATTLIST transform m11 CDATA #REQUIRED>
	<!ATTLIST transform m12 CDATA #REQUIRED>
	<!ATTLIST transform m13 CDATA #REQUIRED>
	<!ATTLIST transform m20 CDATA #REQUIRED>
	<!ATTLIST transform m21 CDATA #REQUIRED>
	<!ATTLIST transform m22 CDATA #REQUIRED>
	<!ATTLIST transform m23 CDATA #REQUIRED>
	<!ATTLIST transform m30 CDATA #REQUIRED>
	<!ATTLIST transform m31 CDATA #REQUIRED>
	<!ATTLIST transform m32 CDATA #REQUIRED>
	<!ATTLIST transform m33 CDATA #REQUIRED>
]>

<animation>
	<frame index="0">
		<transform name="chickenBip Spine"
			m00="0.792797" m10="0.609486" m20="3.41771e-007" m30="-0.00925701"
			m01="1.0426e-006" m11="-1.91693e-006" m21="1.0" m31="0.0"
			m02="0.609486" m12="-0.792797" m22="-2.15519e-006" m32="0.680605"
			m03="0" m13="0" m23="0" m33="1"/>
		<transform name="chickenBip Tail"
			m00="-0.433722" m10="0.901047" m20="1.10805e-006" m30="-0.146261"
			m01="-6.94041e-007" m11="-1.56382e-006" m21="1.0" m31="0.0"
			m02="0.901047" m12="0.433722" m22="1.30363e-006" m32="0.728089"
			m03="0" m13="0" m23="0" m33="1"/>
		<transform name="chickenBip R UpperArm"
			m00="-0.293707" m10="-0.955138" m20="-0.0380409" m30="0.06693"
			m01="-0.224415" m11="0.0302148" m21="0.974025" m31="-0.106053"
			m02="-0.929179" m12="0.294615" m22="-0.223221" m32="0.698425"
			m03="0" m13="0" m23="0" m33="1"/>
		<transform name="chickenBip L UpperArm"
			m00="-0.293708" m10="-0.955138" m20="0.0380381" m30="0.0669298"
			m01="0.224414" m11="-0.0302176" m21="0.974025" m31="0.106053"
			m02="-0.929179" m12="0.294615" m22="0.223221" m32="0.698425"
			m03="0" m13="0" m23="0" m33="1"/>
		<transform name="chickenBip R Toe0"
			m00="0.964792" m10="-1.21486e-007" m20="-0.263014" m30="0.321795"
			m01="-0.263014" m11="0.0" m21="-0.964792" m31="-0.188772"
			m02="1.21513e-007" m12="1.0" m22="0.0" m32="0.0043911"
			m03="0" m13="0" m23="0" m33="1"/>
		<transform name="chickenBip R Foot"
			m00="1.32248e-007" m10="0.964792" m20="-0.263014" m30="-0.0310101"
			m01="0.0" m11="-0.263014" m21="-0.964792" m31="-0.0925924"
			m02="-1.0" m12="1.20751e-007" m22="0.0" m32="0.166008"
			m03="0" m13="0" m23="0" m33="1"/>
		<transform name="chickenBip R Calf"
			m00="0.634631" m10="-0.772042" m20="0.0345623" m30="-0.243374"
			m01="-0.0641432" m11="-0.00805299" m21="0.997908" m31="-0.0711285"
			m02="-0.770149" m12="-0.63552" m22="-0.054632" m32="0.423719"
			m03="0" m13="0" m23="0" m33="1"/>
		<transform name="chickenBip R Thigh"
			m00="-0.798096" m10="-0.601539" m20="0.0345623" m30="-0.00918404"
			m01="-0.00534326" m11="0.0644256" m21="0.997908" m31="-0.0695606"
			m02="-0.602507" m12="0.796242" m22="-0.054632" m32="0.600516"
			m03="0" m13="0" m23="0" m33="1"/>
		<transform name="chickenBip L Toe0"
			m00="0.964791" m10="0.0" m20="0.263017" m30="0.262332"
			m01="0.263017" m11="0.0" m21="-0.964791" m31="0.219617"
			m02="0.0" m12="1.0" m22="0.0" m32="0.00439152"
			m03="0" m13="0" m23="0" m33="1"/>
		<transform name="chickenBip L Foot"
			m00="-1.71363e-007" m10="0.934703" m20="0.35543" m30="-0.0794699"
			m01="0.0" m11="0.35543" m21="-0.934703" m31="0.0896439"
			m02="-1.0" m12="-1.55827e-007" m22="0.0" m32="0.166009"
			m03="0" m13="0" m23="0" m33="1"/>
		<transform name="chickenBip L Calf"
			m00="0.535414" m10="-0.839529" m20="-0.0923154" m30="-0.258633"
			m01="0.101088" m11="-0.0448173" m21="0.993867" m31="0.0558173"
			m02="-0.838518" m12="-0.541463" m22="0.0608704" m32="0.446598"
			m03="0" m13="0" m23="0" m33="1"/>
		<transform name="chickenBip L Thigh"
			m00="-0.850097" m10="-0.518471" m20="-0.0923154" m30="-0.00918423"
			m01="-0.0468355" m11="-0.100169" m21="0.993867" m31="0.0695605"
			m02="-0.524539" m12="0.849208" m22="0.0608704" m32="0.600516"
			m03="0" m13="0" m23="0" m33="1"/>
		<transform name="chickenBip Neck"
			m00="-0.394178" m10="0.919034" m20="1.20033e-006" m30="0.109462"
			m01="-5.718e-007" m11="-1.55133e-006" m21="1.0" m31="1.26274e-007"
			m02="0.919034" m12="0.394178" m22="1.137e-006" m32="0.771961"
			m03="0" m13="0" m23="0" m33="1"/>
		<transform name="chickenBip Head"
			m00="-0.0115627" m10="0.999933" m20="1.39983e-006" m30="-0.0285909"
			m01="0.0" m11="-1.40004e-006" m21="1.0" m31="0.0"
			m02="0.999933" m12="0.0115627" m22="0.0" m32="1.09383"
			m03="0" m13="0" m23="0" m33="1"/>
		<transform name="chickenBip Ponytail1"
			m00="0.999803" m10="0.0198546" m20="-1.31851e-006" m30="0.0402544"
			m01="1.37343e-006" m11="-2.75241e-006" m21="1.0" m31="-2.04395e-007"
			m02="0.0198546" m12="-0.999803" m22="-2.77914e-006" m32="1.20751"
			m03="0" m13="0" m23="0" m33="1"/>
	</frame>
	<frame index="1">
		<transform name="chickenBip Spine"
			m00="0.570974" m10="0.820968" m20="9.28338e-007" m30="0.134113"
			m01="7.34186e-007" m11="-1.6414e-006" m21="1.0" m31="0.0"
			m02="0.820968" m12="-0.570974" m22="-1.53994e-006" m32="0.809458"
			m03="0" m13="0" m23="0" m33="1"/>
		<transform name="chickenBip Tail"
			m00="-0.817956" m10="0.575281" m20="2.44384e-007" m30="-0.0105959"
			m01="-1.12136e-006" m11="-2.01919e-006" m21="1.0" m31="-1.51307e-007"
			m02="0.575281" m12="0.817956" m22="2.29671e-006" m32="0.817773"
			m03="0" m13="0" m23="0" m33="1"/>
		<transform name="chickenBip R UpperArm"
			m00="-0.0384252" m10="-0.999261" m20="0.000830978" m30="0.201325"
			m01="-0.794591" m11="0.0310591" m21="0.60635" m31="-0.106053"
			m02="-0.605928" m12="0.0226388" m22="-0.795197" m32="0.849515"
			m03="0" m13="0" m23="0" m33="1"/>
		<transform name="chickenBip L UpperArm"
			m00="-0.0390385" m10="-0.999238" m20="0.000592083" m30="0.201325"
			m01="0.815253" m11="-0.0315079" m21="0.578247" m31="0.106053"
			m02="-0.577787" m12="0.0230565" m22="0.815862" m32="0.849515"
			m03="0" m13="0" m23="0" m33="1"/>
		<transform name="chickenBip R Toe0"
			m00="0.964792" m10="-1.20144e-007" m20="-0.263014" m30="0.321796"
			m01="-0.263014" m11="0.0" m21="-0.964792" m31="-0.188771"
			m02="1.2131e-007" m12="1.0" m22="0.0" m32="0.00439133"
			m03="0" m13="0" m23="0" m33="1"/>
		<transform name="chickenBip R Foot"
			m00="-0.357274" m10="0.896202" m20="-0.263014" m30="0.0518138"
			m01="0.0973974" m11="-0.244316" m21="-0.964792" m31="-0.115171"
			m02="-0.928907" m12="-0.370312" m22="0.0" m32="0.289934"
			m03="0" m13="0" m23="0" m33="1"/>
		<transform name="chickenBip R Calf"
			m00="0.449291" m10="-0.893136" m20="0.0210976" m30="-0.0985304"
			m01="-0.105415" m11="-0.0295487" m21="0.993989" m31="-0.0798966"
			m02="-0.887144" m12="-0.448815" m22="-0.107426" m32="0.586795"
			m03="0" m13="0" m23="0" m33="1"/>
		<transform name="chickenBip R Thigh"
			m00="-0.867445" m10="-0.497085" m20="0.0210976" m30="0.156009"
			m01="-0.0352243" m11="0.103656" m21="0.993989" m31="-0.0695606"
			m02="-0.496284" m12="0.861488" m22="-0.107426" m32="0.732422"
			m03="0" m13="0" m23="0" m33="1"/>
		<transform name="chickenBip L Toe0"
			m00="0.964791" m10="2.15967e-007" m20="0.263017" m30="0.26357"
			m01="0.263017" m11="0.0" m21="-0.964791" m31="0.218859"
			m02="-2.39559e-007" m12="1.0" m22="0.0" m32="0.00785584"
			m03="0" m13="0" m23="0" m33="1"/>
		<transform name="chickenBip L Foot"
			m00="-0.365487" m10="0.860284" m20="0.35543" m30="0.00805051"
			m01="-0.13898" m11="0.327131" m21="-0.934703" m31="0.121695"
			m02="-0.920382" m12="-0.391019" m22="0.0" m32="0.299593"
			m03="0" m13="0" m23="0" m33="1"/>
		<transform name="chickenBip L Calf"
			m00="0.35317" m10="-0.934254" m20="-0.0494041" m30="-0.110129"
			m01="0.144741" m11="0.00239164" m21="0.989467" m31="0.0732608"
			m02="-0.924295" m12="-0.356601" m22="0.136069" m32="0.608886"
			m03="0" m13="0" m23="0" m33="1"/>
		<transform name="chickenBip L Thigh"
			m00="-0.906972" m10="-0.418283" m20="-0.0494041" m30="0.156009"
			m01="0.0126102" m11="-0.14421" m21="0.989467" m31="0.0695605"
			m02="-0.421002" m12="0.896796" m22="0.136069" m32="0.732422"
			m03="0" m13="0" m23="0" m33="1"/>
		<transform name="chickenBip Neck"
			m00="-0.340462" m10="0.940258" m20="1.2592e-006" m30="0.219537"
			m01="-5.00281e-007" m11="-1.52036e-006" m21="1.0" m31="0.0"
			m02="0.940258" m12="0.340462" m22="9.88018e-007" m32="0.932566"
			m03="0" m13="0" m23="0" m33="1"/>
		<transform name="chickenBip Head"
			m00="-0.435224" m10="0.900322" m20="1.10715e-006" m30="0.100297"
			m01="-5.96783e-007" m11="-1.51821e-006" m21="1.0" m31="-1.35334e-007"
			m02="0.900322" m12="0.435224" m22="1.19806e-006" m32="1.26187"
			m03="0" m13="0" m23="0" m33="1"/>
		<transform name="chickenBip Ponytail1"
			m00="0.896688" m10="0.442663" m20="-1.37397e-005" m30="0.114332"
			m01="1.70647e-005" m11="-3.52866e-006" m21="1.0" m31="-3.39761e-007"
			m02="0.442663" m12="-0.896688" m22="-1.0718e-005" m32="1.39403"
			m03="0" m13="0" m23="0" m33="1"/>
	</frame>
	<frame index="2">
		<transform name="chickenBip Spine"
			m00="0.295519" m10="0.955337" m20="1.30102e-006" m30="0.271953"
			m01="3.56807e-007" m11="-1.47222e-006" m21="1.0" m31="0.0"
			m02="0.955337" m12="-0.295519" m22="-7.75941e-007" m32="0.93248"
			m03="0" m13="0" m23="0" m33="1"/>
		<transform name="chickenBip Tail"
			m00="-0.997566" m10="0.0697339" m20="-1.13762e-006" m30="0.130528"
			m01="-1.33738e-006" m11="-2.81805e-006" m21="1.0" m31="-1.92417e-007"
			m02="0.0697339" m12="0.997566" m22="2.90445e-006" m32="0.901037"
			m03="0" m13="0" m23="0" m33="1"/>
		<transform name="chickenBip R UpperArm"
			m00="-0.0408865" m10="-0.967364" m20="0.250069" m30="0.323877"
			m01="-0.998628" m11="0.031366" m21="-0.0419407" m31="-0.106053"
			m02="0.0327282" m12="-0.251441" m22="-0.967319" m32="0.991011"
			m03="0" m13="0" m23="0" m33="1"/>
		<transform name="chickenBip L UpperArm"
			m00="-0.0631172" m10="-0.967432" m20="-0.245137" m30="0.323877"
			m01="0.991327" m11="-0.0324034" m21="-0.127365" m31="0.106053"
			m02="0.115273" m12="-0.25105" m22="0.961086" m32="0.991011"
			m03="0" m13="0" m23="0" m33="1"/>
		<transform name="chickenBip R Toe0"
			m00="0.964792" m10="-1.75343e-007" m20="-0.263014" m30="0.321796"
			m01="-0.263014" m11="0.0" m21="-0.964792" m31="-0.188771"
			m02="1.95786e-007" m12="1.0" m22="0.0" m32="0.00439142"
			m03="0" m13="0" m23="0" m33="1"/>
		<transform name="chickenBip R Foot"
			m00="-0.663749" m10="0.700186" m20="-0.263014" m30="0.173025"
			m01="0.180946" m11="-0.190879" m21="-0.964792" m31="-0.148215"
			m02="-0.725738" m12="-0.687972" m22="0.0" m32="0.37326"
			m03="0" m13="0" m23="0" m33="1"/>
		<transform name="chickenBip R Calf"
			m00="0.279821" m10="-0.959507" m20="0.0323443" m30="0.0793894"
			m01="-0.169446" m11="-0.0161984" m21="0.985406" m31="-0.0915135"
			m02="-0.94498" m12="-0.281218" m22="-0.167118" m32="0.689475"
			m03="0" m13="0" m23="0" m33="1"/>
		<transform name="chickenBip R Thigh"
			m00="-0.799576" m10="-0.599693" m20="0.0323443" m30="0.314013"
			m01="-0.0748133" m11="0.152897" m21="0.985406" m31="-0.0695606"
			m02="-0.595887" m12="0.785488" m22="-0.167118" m32="0.864329"
			m03="0" m13="0" m23="0" m33="1"/>
		<transform name="chickenBip L Toe0"
			m00="0.964791" m10="2.13979e-007" m20="0.263017" m30="0.264809"
			m01="0.263017" m11="0.0" m21="-0.964791" m31="0.2181"
			m02="-2.14229e-007" m12="1.0" m22="0.0" m32="0.0113203"
			m03="0" m13="0" m23="0" m33="1"/>
		<transform name="chickenBip L Foot"
			m00="-0.672775" m10="0.648878" m20="0.35543" m30="0.136259"
			m01="-0.255829" m11="0.246742" m21="-0.934703" m31="0.169218"
			m02="-0.694208" m12="-0.719774" m22="0.0" m32="0.386723"
			m03="0" m13="0" m23="0" m33="1"/>
		<transform name="chickenBip L Calf"
			m00="0.202624" m10="-0.977898" m20="-0.0515698" m30="0.0684557"
			m01="0.228211" m11="-0.00405711" m21="0.973603" m31="0.0928524"
			m02="-0.952294" m12="-0.209044" m22="0.222345" m32="0.705385"
			m03="0" m13="0" m23="0" m33="1"/>
		<transform name="chickenBip L Thigh"
			m00="-0.836837" m10="-0.545018" m20="-0.0515698" m30="0.314013"
			m01="0.0793768" m11="-0.214" m21="0.973603" m31="0.0695605"
			m02="-0.541667" m12="0.810654" m22="0.222345" m32="0.864329"
			m03="0" m13="0" m23="0" m33="1"/>
		<transform name="chickenBip Neck"
			m00="-0.28561" m10="0.958346" m20="1.30937e-006" m30="0.316035"
			m01="-4.27093e-007" m11="-1.49356e-006" m21="1.0" m31="0.0"
			m02="0.958346" m12="0.28561" m22="8.3588e-007" m32="1.07577"
			m03="0" m13="0" m23="0" m33="1"/>
		<transform name="chickenBip Head"
			m00="-0.776449" m10="0.63018" m20="3.76172e-007" m30="0.216006"
			m01="-1.08463e-006" m11="-1.93331e-006" m21="1.0" m31="-2.13648e-007"
			m02="0.63018" m12="0.776449" m22="2.18463e-006" m32="1.41141"
			m03="0" m13="0" m23="0" m33="1"/>
		<transform name="chickenBip Ponytail1"
			m00="0.623761" m10="0.781615" m20="-3.40057e-005" m30="0.172572"
			m01="6.33776e-005" m11="-7.07095e-006" m21="1.0" m31="-5.00695e-007"
			m02="0.781615" m12="-0.623761" m22="-5.39475e-005" m32="1.53701"
			m03="0" m13="0" m23="0" m33="1"/>
	</frame>
	<frame index="3">
		<transform name="chickenBip Spine"
			m00="0.0781693" m10="0.99694" m20="1.41641e-006" m30="0.361178"
			m01="0.0" m11="-1.42561e-006" m21="1.0" m31="-1.56467e-007"
			m02="0.99694" m12="-0.0781693" m22="-1.73099e-007" m32="1.04574"
			m03="0" m13="0" m23="0" m33="1"/>
		<transform name="chickenBip Tail"
			m00="-0.916417" m10="-0.400224" m20="-2.45603e-006" m30="0.22924"
			m01="-1.17906e-006" m11="-3.43688e-006" m21="1.0" m31="-2.176e-007"
			m02="-0.400224" m12="0.916417" m22="2.67773e-006" m32="0.986074"
			m03="0" m13="0" m23="0" m33="1"/>
		<transform name="chickenBip R UpperArm"
			m00="-0.318419" m10="-0.895119" m20="0.312044" m30="0.398957"
			m01="-0.742659" m11="0.0309835" m21="-0.668953" m31="-0.106053"
			m02="0.589124" m12="-0.44475" m22="-0.674634" m32="1.11426"
			m03="0" m13="0" m23="0" m33="1"/>
		<transform name="chickenBip L UpperArm"
			m00="-0.350116" m10="-0.895103" m20="-0.276059" m30="0.398957"
			m01="0.668619" m11="-0.0324104" m21="-0.742899" m31="0.106053"
			m02="0.656024" m12="-0.444679" m22="0.60983" m32="1.11426"
			m03="0" m13="0" m23="0" m33="1"/>
		<transform name="chickenBip R Toe0"
			m00="0.964792" m10="-1.82615e-007" m20="-0.263014" m30="0.321796"
			m01="-0.263014" m11="1.41108e-007" m21="-0.964792" m31="-0.188771"
			m02="2.72784e-007" m12="1.0" m22="0.0" m32="0.00439146"
			m03="0" m13="0" m23="0" m33="1"/>
		<transform name="chickenBip R Foot"
			m00="-0.783857" m10="0.562487" m20="-0.263014" m30="0.24279"
			m01="0.213689" m11="-0.153341" m21="-0.964792" m31="-0.167233"
			m02="-0.583014" m12="-0.812462" m22="0.0" m32="0.395718"
			m03="0" m13="0" m23="0" m33="1"/>
		<transform name="chickenBip R Calf"
			m00="-0.181022" m10="-0.981425" m20="0.0635298" m30="0.303364"
			m01="-0.166611" m11="0.0942661" m21="0.981506" m31="-0.111481"
			m02="-0.969263" m12="0.167089" m22="-0.18058" m32="0.720058"
			m03="0" m13="0" m23="0" m33="1"/>
		<transform name="chickenBip R Thigh"
			m00="-0.384814" m10="-0.920805" m20="0.0635298" m30="0.416282"
			m01="-0.142861" m11="0.127421" m21="0.981506" m31="-0.0695606"
			m02="-0.911871" m12="0.368621" m22="-0.18058" m32="0.987633"
			m03="0" m13="0" m23="0" m33="1"/>
		<transform name="chickenBip L Toe0"
			m00="0.964791" m10="4.21751e-007" m20="0.263017" m30="0.265425"
			m01="0.263017" m11="1.49296e-007" m21="-0.964791" m31="0.21772"
			m02="-4.75615e-007" m12="1.0" m22="0.0" m32="0.0130535"
			m03="0" m13="0" m23="0" m33="1"/>
		<transform name="chickenBip L Foot"
			m00="-0.788713" m10="0.501599" m20="0.35543" m30="0.20947"
			m01="-0.299916" m11="0.190738" m21="-0.934703" m31="0.196442"
			m02="-0.53664" m12="-0.843811" m22="0.0" m32="0.408349"
			m03="0" m13="0" m23="0" m33="1"/>
		<transform name="chickenBip L Calf"
			m00="-0.323137" m10="-0.941748" m20="-0.0932336" m30="0.317599"
			m01="0.203113" m11="-0.16524" m21="0.965112" m31="0.128476"
			m02="-0.924298" m12="0.292927" m22="0.244676" m32="0.717642"
			m03="0" m13="0" m23="0" m33="1"/>
		<transform name="chickenBip L Thigh"
			m00="-0.336301" m10="-0.937128" m20="-0.0932336" m30="0.416282"
			m01="0.200778" m11="-0.168069" m21="0.965112" m31="0.0695604"
			m02="-0.920103" m12="0.305849" m22="0.244676" m32="0.987633"
			m03="0" m13="0" m23="0" m33="1"/>
		<transform name="chickenBip Neck"
			m00="-0.228706" m10="0.973495" m20="1.35139e-006" m30="0.372637"
			m01="-3.51009e-007" m11="-1.47065e-006" m21="1.0" m31="-1.47549e-007"
			m02="0.973495" m12="0.228706" m22="6.78051e-007" m32="1.19529"
			m03="0" m13="0" m23="0" m33="1"/>
		<transform name="chickenBip Head"
			m00="-0.939058" m10="0.343758" m20="-4.25092e-007" m30="0.292538"
			m01="-1.3052e-006" m11="-2.32888e-006" m21="1.0" m31="-2.70482e-007"
			m02="0.343758" m12="0.939058" m22="2.63562e-006" m32="1.53624"
			m03="0" m13="0" m23="0" m33="1"/>
		<transform name="chickenBip Ponytail1"
			m00="0.336069" m10="0.941837" m20="-3.42292e-005" m30="0.210655"
			m01="0.000139564" m11="-1.34565e-005" m21="1.0" m31="-6.07604e-007"
			m02="0.941837" m12="-0.336069" m22="-0.000135969" m32="1.64092"
			m03="0" m13="0" m23="0" m33="1"/>
	</frame>
	<frame index="4">
		<transform name="chickenBip Spine"
			m00="0.0693923" m10="0.99759" m20="1.41822e-006" m30="0.363609"
			m01="0.0" m11="-1.42512e-006" m21="1.0" m31="-1.57887e-007"
			m02="0.99759" m12="-0.0693923" m22="-1.48755e-007" m32="1.05475"
			m03="0" m13="0" m23="0" m33="1"/>
		<transform name="chickenBip Tail"
			m00="-0.779774" m10="-0.626061" m20="-3.09108e-006" m30="0.232093"
			m01="-9.76169e-007" m11="-3.7215e-006" m21="1.0" m31="-2.1842e-007"
			m02="-0.626061" m12="0.779774" m22="2.29079e-006" m32="0.99432"
			m03="0" m13="0" m23="0" m33="1"/>
		<transform name="chickenBip R UpperArm"
			m00="-0.449616" m10="-0.892233" m20="0.0420138" m30="0.400784"
			m01="-0.152026" m11="0.0300899" m21="-0.987918" m31="-0.106053"
			m02="0.880189" m12="-0.450571" m22="-0.149172" m32="1.12359"
			m03="0" m13="0" m23="0" m33="1"/>
		<transform name="chickenBip L UpperArm"
			m00="-0.451495" m10="-0.892028" m20="-0.0209178" m30="0.400783"
			m01="0.108681" m11="-0.0317094" m21="-0.993571" m31="0.106053"
			m02="0.88563" m12="-0.450866" m22="0.111263" m32="1.12359"
			m03="0" m13="0" m23="0" m33="1"/>
		<transform name="chickenBip R Toe0"
			m00="0.964792" m10="-3.35061e-007" m20="-0.263014" m30="0.322134"
			m01="-0.263014" m11="1.21327e-007" m21="-0.964792" m31="-0.188563"
			m02="3.85044e-007" m12="1.0" m22="0.0" m32="0.00562916"
			m03="0" m13="0" m23="0" m33="1"/>
		<transform name="chickenBip R Foot"
			m00="-0.800501" m10="0.538538" m20="-0.263014" m30="0.254576"
			m01="0.218226" m11="-0.146812" m21="-0.964792" m31="-0.170146"
			m02="-0.55819" m12="-0.829713" m22="0.0" m32="0.399252"
			m03="0" m13="0" m23="0" m33="1"/>
		<transform name="chickenBip R Calf"
			m00="-0.255667" m10="-0.964607" m20="0.0645578" m30="0.340128"
			m01="-0.16086" m11="0.108292" m21="0.981018" m31="-0.116318"
			m02="-0.953288" m12="0.240429" m22="-0.182853" m32="0.718246"
			m03="0" m13="0" m23="0" m33="1"/>
		<transform name="chickenBip R Thigh"
			m00="-0.269001" m10="-0.960974" m20="0.0645578" m30="0.419063"
			m01="-0.159345" m11="0.110509" m21="0.981018" m31="-0.0695606"
			m02="-0.949867" m12="0.253608" m22="-0.182853" m32="0.996971"
			m03="0" m13="0" m23="0" m33="1"/>
		<transform name="chickenBip L Toe0"
			m00="0.964791" m10="3.39859e-007" m20="0.263017" m30="0.267007"
			m01="0.263017" m11="1.32329e-007" m21="-0.964791" m31="0.216669"
			m02="-3.52634e-007" m12="1.0" m22="0.0" m32="0.0177473"
			m03="0" m13="0" m23="0" m33="1"/>
		<transform name="chickenBip L Foot"
			m00="-0.804365" m10="0.476101" m20="0.355421" m30="0.222905"
			m01="-0.305865" m11="0.181026" m21="-0.934706" m31="0.199905"
			m02="-0.509355" m12="-0.860556" m22="1.21075e-005" m32="0.414756"
			m03="0" m13="0" m23="0" m33="1"/>
		<transform name="chickenBip L Calf"
			m00="-0.306208" m10="-0.947172" m20="-0.0954062" m30="0.32537"
			m01="0.208609" m11="-0.164547" m21="0.964057" m31="0.130099"
			m02="-0.928827" m12="0.275299" m22="0.247974" m32="0.725565"
			m03="0" m13="0" m23="0" m33="1"/>
		<transform name="chickenBip L Thigh"
			m00="-0.319296" m10="-0.94284" m20="-0.0954062" m30="0.419063"
			m01="0.20631" m11="-0.167421" m21="0.964057" m31="0.0695604"
			m02="-0.924925" m12="0.288136" m22="0.247974" m32="0.996971"
			m03="0" m13="0" m23="0" m33="1"/>
		<transform name="chickenBip Neck"
			m00="-0.224879" m10="0.974387" m20="1.35386e-006" m30="0.373751"
			m01="-3.45886e-007" m11="-1.46928e-006" m21="1.0" m31="-1.50749e-007"
			m02="0.974387" m12="0.224879" m22="6.67436e-007" m32="1.20439"
			m03="0" m13="0" m23="0" m33="1"/>
		<transform name="chickenBip Head"
			m00="-0.943022" m10="0.332731" m20="-5.93605e-005" m30="0.294992"
			m01="-5.80537e-005" m11="1.38688e-005" m21="1.0" m31="-2.71888e-007"
			m02="0.332731" m12="0.943022" m22="6.23769e-006" m32="1.54565"
			m03="0" m13="0" m23="0" m33="1"/>
		<transform name="chickenBip Ponytail1"
			m00="0.325094" m10="0.945682" m20="-0.000117206" m30="0.211888"
			m01="0.00026067" m11="3.43285e-005" m21="1.0" m31="-5.8748e-006"
			m02="0.945682" m12="-0.325094" m22="-0.000235351" m32="1.64937"
			m03="0" m13="0" m23="0" m33="1"/>
	</frame>
	<frame index="5">
		<transform name="chickenBip Spine"
			m00="0.0613054" m10="0.998119" m20="1.41968e-006" m30="0.365405"
			m01="0.0" m11="-1.42476e-006" m21="1.0" m31="-1.59095e-007"
			m02="0.998119" m12="-0.0613054" m22="-1.26325e-007" m32="1.06246"
			m03="0" m13="0" m23="0" m33="1"/>
		<transform name="chickenBip Tail"
			m00="-0.623253" m10="-0.78202" m20="-3.56835e-006" m30="0.234242"
			m01="-7.77013e-007" m11="-3.94373e-006" m21="1.0" m31="-2.1912e-007"
			m02="-0.78202" m12="0.623253" m22="1.8503e-006" m32="1.0014"
			m03="0" m13="0" m23="0" m33="1"/>
		<transform name="chickenBip R UpperArm"
			m00="-0.454146" m10="-0.889913" m20="0.0425084" m30="0.40202"
			m01="-0.151439" m11="0.030089" m21="-0.988008" m31="-0.106053"
			m02="0.877962" m12="-0.455137" m22="-0.148432" m32="1.1316"
			m03="0" m13="0" m23="0" m33="1"/>
		<transform name="chickenBip L UpperArm"
			m00="-0.456217" m10="-0.889702" m20="-0.017207" m30="0.40202"
			m01="0.0993221" m11="-0.0316952" m21="-0.99455" m31="0.106053"
			m02="0.884308" m12="-0.45544" m22="0.102827" m32="1.1316"
			m03="0" m13="0" m23="0" m33="1"/>
		<transform name="chickenBip R Toe0"
			m00="0.964792" m10="-2.73771e-007" m20="-0.263014" m30="0.323166"
			m01="-0.263014" m11="1.33092e-007" m21="-0.964792" m31="-0.187862"
			m02="3.35953e-007" m12="1.0" m22="0.0" m32="0.00970122"
			m03="0" m13="0" m23="0" m33="1"/>
		<transform name="chickenBip R Foot"
			m00="-0.815006" m10="0.516323" m20="-0.263014" m30="0.266076"
			m01="0.222181" m11="-0.140756" m21="-0.964792" m31="-0.172298"
			m02="-0.535165" m12="-0.844748" m22="0.0" m32="0.4051"
			m03="0" m13="0" m23="0" m33="1"/>
		<transform name="chickenBip R Calf"
			m00="-0.240661" m10="-0.968398" m20="0.065478" m30="0.346607"
			m01="-0.16428" m11="0.107128" m21="0.980579" m31="-0.117326"
			m02="-0.956606" m12="0.225231" m22="-0.18487" m32="0.725205"
			m03="0" m13="0" m23="0" m33="1"/>
		<transform name="chickenBip R Thigh"
			m00="-0.25405" m10="-0.964972" m20="0.065478" m30="0.421154"
			m01="-0.16278" m11="0.109392" m21="0.980579" m31="-0.0695606"
			m02="-0.953395" m12="0.238458" m22="-0.18487" m32="1.00496"
			m03="0" m13="0" m23="0" m33="1"/>
		<transform name="chickenBip L Toe0"
			m00="0.964791" m10="4.68123e-007" m20="0.263017" m30="0.268269"
			m01="0.263017" m11="1.70727e-007" m21="-0.964791" m31="0.215684"
			m02="-4.90851e-007" m12="1.0" m22="0.0" m32="0.0219739"
			m03="0" m13="0" m23="0" m33="1"/>
		<transform name="chickenBip L Foot"
			m00="-0.817889" m10="0.452494" m20="0.355396" m30="0.234986"
			m01="-0.311001" m11="0.172002" m21="-0.934716" m31="0.203049"
			m02="-0.484082" m12="-0.875023" m22="4.71031e-005" m32="0.420188"
			m03="0" m13="0" m23="0" m33="1"/>
		<transform name="chickenBip L Calf"
			m00="-0.29026" m10="-0.951979" m20="-0.0973966" m30="0.332114"
			m01="0.213612" m11="-0.163666" m21="0.963111" m31="0.131569"
			m02="-0.932802" m12="0.258747" m22="0.25086" m32="0.732327"
			m03="0" m13="0" m23="0" m33="1"/>
		<transform name="chickenBip L Thigh"
			m00="-0.303441" m10="-0.94786" m20="-0.0973966" m30="0.421154"
			m01="0.21132" m11="-0.166614" m21="0.963111" m31="0.0695604"
			m02="-0.929122" m12="0.271665" m22="0.25086" m32="1.00496"
			m03="0" m13="0" m23="0" m33="1"/>
		<transform name="chickenBip Neck"
			m00="-0.222242" m10="0.974992" m20="1.35554e-006" m30="0.374333"
			m01="-3.42355e-007" m11="-1.46834e-006" m21="1.0" m31="-1.53598e-007"
			m02="0.974992" m12="0.222242" m22="6.60121e-007" m32="1.21218"
			m03="0" m13="0" m23="0" m33="1"/>
		<transform name="chickenBip Head"
			m00="-0.946465" m10="0.322805" m20="0.000531428" m30="0.296497"
			m01="0.000607775" m11="0.000135715" m21="1.0" m31="-2.73501e-007"
			m02="0.322805" m12="0.946465" m22="-0.000324643" m32="1.55365"
			m03="0" m13="0" m23="0" m33="1"/>
		<transform name="chickenBip Ponytail1"
			m00="0.315247" m10="0.94901" m20="0.000445054" m30="0.212309"
			m01="0.000520915" m11="-0.000642007" m21="1.0" m31="7.78337e-005"
			m02="0.949009" m12="-0.315247" m22="-0.000696744" m32="1.65649"
			m03="0" m13="0" m23="0" m33="1"/>
	</frame>
	<frame index="6">
		<transform name="chickenBip Spine"
			m00="0.0539078" m10="0.998546" m20="1.42087e-006" m30="0.366603"
			m01="0.0" m11="-1.42451e-006" m21="1.0" m31="-1.60105e-007"
			m02="0.998546" m12="-0.0539078" m22="0.0" m32="1.06895"
			m03="0" m13="0" m23="0" m33="1"/>
		<transform name="chickenBip Tail"
			m00="-0.497051" m10="-0.867722" m20="-3.81169e-006" m30="0.235725"
			m01="-5.86973e-007" m11="-4.05652e-006" m21="1.0" m31="-2.19722e-007"
			m02="-0.867722" m12="0.497051" m22="1.50697e-006" m32="1.00736"
			m03="0" m13="0" m23="0" m33="1"/>
		<transform name="chickenBip R UpperArm"
			m00="-0.45791" m10="-0.887962" m20="0.0429125" m30="0.402706"
			m01="-0.150943" m11="0.0300883" m21="-0.988084" m31="-0.106053"
			m02="0.876091" m12="-0.458931" m22="-0.14781" m32="1.13836"
			m03="0" m13="0" m23="0" m33="1"/>
		<transform name="chickenBip L UpperArm"
			m00="-0.460119" m10="-0.887747" m20="-0.014005" m30="0.402705"
			m01="0.0914238" m11="-0.0316831" m21="-0.995308" m31="0.106053"
			m02="0.883138" m12="-0.459241" m22="0.0957392" m32="1.13836"
			m03="0" m13="0" m23="0" m33="1"/>
		<transform name="chickenBip R Toe0"
			m00="0.964792" m10="-2.64321e-007" m20="-0.263014" m30="0.323937"
			m01="-0.263014" m11="0.0" m21="-0.964792" m31="-0.187237"
			m02="2.74777e-007" m12="1.0" m22="0.0" m32="0.0132113"
			m03="0" m13="0" m23="0" m33="1"/>
		<transform name="chickenBip R Foot"
			m00="-0.827568" m10="0.495939" m20="-0.263014" m30="0.276331"
			m01="0.225605" m11="-0.135199" m21="-0.964792" m31="-0.174259"
			m02="-0.514037" m12="-0.857768" m22="0.0" m32="0.409957"
			m03="0" m13="0" m23="0" m33="1"/>
		<transform name="chickenBip R Calf"
			m00="-0.226609" m10="-0.971727" m20="0.0662931" m30="0.35216"
			m01="-0.167393" m11="0.105906" m21="0.980185" m31="-0.118245"
			m02="-0.959494" m12="0.211021" m22="-0.18666" m32="0.731028"
			m03="0" m13="0" m23="0" m33="1"/>
		<transform name="chickenBip R Thigh"
			m00="-0.240045" m10="-0.968496" m20="0.0662931" m30="0.422598"
			m01="-0.16591" m11="0.108215" m21="0.980185" m31="-0.0695606"
			m02="-0.956479" m12="0.22429" m22="-0.18666" m32="1.01169"
			m03="0" m13="0" m23="0" m33="1"/>
		<transform name="chickenBip L Toe0"
			m00="0.964791" m10="3.59494e-007" m20="0.263017" m30="0.269232"
			m01="0.263017" m11="1.81616e-007" m21="-0.964791" m31="0.214788"
			m02="-4.30633e-007" m12="1.0" m22="0.0" m32="0.0256778"
			m03="0" m13="0" m23="0" m33="1"/>
		<transform name="chickenBip L Foot"
			m00="-0.829501" m10="0.43087" m20="0.355358" m30="0.245733"
			m01="-0.315404" m11="0.163707" m21="-0.93473" m31="0.205898"
			m02="-0.460922" m12="-0.887441" m22="0.000102736" m32="0.42469"
			m03="0" m13="0" m23="0" m33="1"/>
		<transform name="chickenBip L Calf"
			m00="-0.275418" m10="-0.956193" m20="-0.0992001" m30="0.337895"
			m01="0.218142" m11="-0.162663" m21="0.962265" m31="0.132903"
			m02="-0.936247" m12="0.243385" m22="0.253386" m32="0.737982"
			m03="0" m13="0" m23="0" m33="1"/>
		<transform name="chickenBip L Thigh"
			m00="-0.288658" m10="-0.952279" m20="-0.0992001" m30="0.422597"
			m01="0.215864" m11="-0.165674" m21="0.962265" m31="0.0695604"
			m02="-0.93278" m12="0.256352" m22="0.253386" m32="1.01169"
			m03="0" m13="0" m23="0" m33="1"/>
		<transform name="chickenBip Neck"
			m00="-0.220689" m10="0.975344" m20="1.35652e-006" m30="0.374421"
			m01="-3.40277e-007" m11="-1.4678e-006" m21="1.0" m31="-1.56108e-007"
			m02="0.975344" m12="0.220689" m22="6.55815e-007" m32="1.21874"
			m03="0" m13="0" m23="0" m33="1"/>
		<transform name="chickenBip Head"
			m00="-0.949417" m10="0.314015" m20="0.00115343" m30="0.297129"
			m01="0.00155977" m11="0.00104276" m21="0.999998" m31="-2.75283e-007"
			m02="0.314013" m12="0.949418" m22="-0.00147981" m32="1.56033"
			m03="0" m13="0" m23="0" m33="1"/>
		<transform name="chickenBip Ponytail1"
			m00="0.306562" m10="0.95185" m20="0.00103465" m30="0.211991"
			m01="0.00159505" m11="-0.0016007" m21="0.999997" m31="0.000248931"
			m02="0.951849" m12="-0.306559" m22="-0.00200897" m32="1.66238"
			m03="0" m13="0" m23="0" m33="1"/>
	</frame>
	<frame index="7">
		<transform name="chickenBip Spine"
			m00="0.047199" m10="0.998885" m20="1.42181e-006" m30="0.367242"
			m01="0.0" m11="-1.42434e-006" m21="1.0" m31="-1.60928e-007"
			m02="0.998885" m12="-0.047199" m22="0.0" m32="1.07429"
			m03="0" m13="0" m23="0" m33="1"/>
		<transform name="chickenBip Tail"
			m00="-0.445383" m10="-0.89534" m20="-3.89515e-006" m30="0.236585"
			m01="-5.03399e-007" m11="-4.10006e-006" m21="1.0" m31="-2.20226e-007"
			m02="-0.89534" m12="0.445383" m22="1.37538e-006" m32="1.01227"
			m03="0" m13="0" m23="0" m33="1"/>
		<transform name="chickenBip R UpperArm"
			m00="-0.460959" m10="-0.886367" m20="0.0432339" m30="0.402877"
			m01="-0.150534" m11="0.0300878" m21="-0.988147" m31="-0.106053"
			m02="0.87456" m12="-0.462004" m22="-0.147298" m32="1.14395"
			m03="0" m13="0" m23="0" m33="1"/>
		<transform name="chickenBip L UpperArm"
			m00="-0.463265" m10="-0.886148" m20="-0.0113106" m30="0.402877"
			m01="0.0848999" m11="-0.0316731" m21="-0.995886" m31="0.106053"
			m02="0.882144" m12="-0.462319" m22="0.0899069" m32="1.14395"
			m03="0" m13="0" m23="0" m33="1"/>
		<transform name="chickenBip R Toe0"
			m00="0.964792" m10="-2.83295e-007" m20="-0.263014" m30="0.324483"
			m01="-0.263014" m11="0.0" m21="-0.964792" m31="-0.1867"
			m02="3.39566e-007" m12="1.0" m22="0.0" m32="0.0161313"
			m03="0" m13="0" m23="0" m33="1"/>
		<transform name="chickenBip R Foot"
			m00="-0.838365" m10="0.477459" m20="-0.263014" m30="0.28538"
			m01="0.228549" m11="-0.130161" m21="-0.964792" m31="-0.17604"
			m02="-0.494883" m12="-0.86896" m22="0.0" m32="0.413874"
			m03="0" m13="0" m23="0" m33="1"/>
		<transform name="chickenBip R Calf"
			m00="-0.213502" m10="-0.974642" m20="0.0670053" m30="0.356823"
			m01="-0.170222" m11="0.10465" m21="0.979833" m31="-0.119079"
			m02="-0.961999" m12="0.19779" m22="-0.188249" m32="0.735783"
			m03="0" m13="0" m23="0" m33="1"/>
		<transform name="chickenBip R Thigh"
			m00="-0.227004" m10="-0.971586" m20="0.0670053" m30="0.423434"
			m01="-0.168754" m11="0.107002" m21="0.979833" m31="-0.0695606"
			m02="-0.959162" m12="0.211119" m22="-0.188249" m32="1.01723"
			m03="0" m13="0" m23="0" m33="1"/>
		<transform name="chickenBip L Toe0"
			m00="0.964791" m10="4.46813e-007" m20="0.263017" m30="0.269928"
			m01="0.263017" m11="1.60407e-007" m21="-0.964791" m31="0.214002"
			m02="-4.45763e-007" m12="1.0" m22="0.0" m32="0.0288144"
			m03="0" m13="0" m23="0" m33="1"/>
		<transform name="chickenBip L Foot"
			m00="-0.839397" m10="0.411299" m20="0.35531" m30="0.255185"
			m01="-0.319149" m11="0.15617" m21="-0.934749" m31="0.208474"
			m02="-0.43995" m12="-0.898022" m22="0.000176441" m32="0.428307"
			m03="0" m13="0" m23="0" m33="1"/>
		<transform name="chickenBip L Calf"
			m00="-0.261688" m10="-0.959873" m20="-0.100816" m30="0.342752"
			m01="0.222234" m11="-0.161575" m21="0.961512" m31="0.134109"
			m02="-0.939219" m12="0.229211" m22="0.255598" m32="0.742593"
			m03="0" m13="0" m23="0" m33="1"/>
		<transform name="chickenBip L Thigh"
			m00="-0.274956" m10="-0.956156" m20="-0.100816" m30="0.423434"
			m01="0.219975" m11="-0.164638" m21="0.961512" m31="0.0695604"
			m02="-0.935954" m12="0.242197" m22="0.255598" m32="1.01723"
			m03="0" m13="0" m23="0" m33="1"/>
		<transform name="chickenBip Neck"
			m00="-0.220114" m10="0.975474" m20="1.35688e-006" m30="0.374053"
			m01="-3.39507e-007" m11="-1.4676e-006" m21="1.0" m31="-1.58292e-007"
			m02="0.975474" m12="0.220114" m22="6.5422e-007" m32="1.22413"
			m03="0" m13="0" m23="0" m33="1"/>
		<transform name="chickenBip Head"
			m00="-0.951809" m10="0.306691" m20="0.00070739" m30="0.296963"
			m01="0.0014916" m11="0.00232264" m21="0.999996" m31="-2.77197e-007"
			m02="0.306688" m12="0.951806" m22="-0.00266817" m32="1.56577"
			m03="0" m13="0" m23="0" m33="1"/>
		<transform name="chickenBip Ponytail1"
			m00="0.299368" m10="0.954138" m20="0.00055245" m30="0.21104"
			m01="0.00305945" m11="-0.00153893" m21="0.999994" m31="0.000331032"
			m02="0.954133" m12="-0.299365" m22="-0.00337984" m32="1.66717"
			m03="0" m13="0" m23="0" m33="1"/>
	</frame>
	<frame index="8">
		<transform name="chickenBip Spine"
			m00="0.0411768" m10="0.999152" m20="1.42255e-006" m30="0.367358"
			m01="0.0" m11="-1.42424e-006" m21="1.0" m31="-1.61578e-007"
			m02="0.999152" m12="-0.0411768" m22="0.0" m32="1.07857"
			m03="0" m13="0" m23="0" m33="1"/>
		<transform name="chickenBip Tail"
			m00="-0.443202" m10="-0.896422" m20="-3.86802e-006" m30="0.23687"
			m01="-4.8998e-007" m11="-4.0727e-006" m21="1.0" m31="-2.2064e-007"
			m02="-0.896422" m12="0.443202" m22="1.3658e-006" m32="1.0162"
			m03="0" m13="0" m23="0" m33="1"/>
		<transform name="chickenBip R UpperArm"
			m00="-0.463346" m10="-0.88511" m20="0.0434801" m30="0.402572"
			m01="-0.150206" m11="0.0300873" m21="-0.988197" m31="-0.106053"
			m02="0.873355" m12="-0.464408" m22="-0.14689" m32="1.14845"
			m03="0" m13="0" m23="0" m33="1"/>
		<transform name="chickenBip L UpperArm"
			m00="-0.465716" m10="-0.884887" m20="-0.00911394" m30="0.402572"
			m01="0.0796632" m11="-0.0316651" m21="-0.996319" m31="0.106053"
			m02="0.881341" m12="-0.464728" m22="0.0852399" m32="1.14845"
			m03="0" m13="0" m23="0" m33="1"/>
		<transform name="chickenBip R Toe0"
			m00="0.964792" m10="-1.8008e-007" m20="-0.263014" m30="0.324828"
			m01="-0.263014" m11="0.0" m21="-0.964792" m31="-0.18626"
			m02="1.78657e-007" m12="1.0" m22="0.0" m32="0.018445"
			m03="0" m13="0" m23="0" m33="1"/>
		<transform name="chickenBip R Foot"
			m00="-0.847562" m10="0.460936" m20="-0.263014" m30="0.293253"
			m01="0.231056" m11="-0.125657" m21="-0.964792" m31="-0.177652"
			m02="-0.477757" m12="-0.878492" m22="0.0" m32="0.416906"
			m03="0" m13="0" m23="0" m33="1"/>
		<transform name="chickenBip R Calf"
			m00="-0.201379" m10="-0.977177" m20="0.0676181" m30="0.36064"
			m01="-0.172781" m11="0.103387" m21="0.979519" m31="-0.119835"
			m02="-0.964154" m12="0.185572" m22="-0.189658" m32="0.739536"
			m03="0" m13="0" m23="0" m33="1"/>
		<transform name="chickenBip R Thigh"
			m00="-0.214918" m10="-0.974288" m20="0.0676181" m30="0.423705"
			m01="-0.17133" m11="0.105775" m21="0.979519" m31="-0.0695606"
			m02="-0.961486" m12="0.198932" m22="-0.189658" m32="1.02167"
			m03="0" m13="0" m23="0" m33="1"/>
		<transform name="chickenBip L Toe0"
			m00="0.964791" m10="5.81155e-007" m20="0.263017" m30="0.270395"
			m01="0.263017" m11="1.84561e-007" m21="-0.964791" m31="0.213345"
			m02="-6.26257e-007" m12="1.0" m22="0.0" m32="0.0313499"
			m03="0" m13="0" m23="0" m33="1"/>
		<transform name="chickenBip L Foot"
			m00="-0.847758" m10="0.39383" m20="0.355253" m30="0.263391"
			m01="-0.322305" m11="0.149415" m21="-0.93477" m31="0.210797"
			m02="-0.42122" m12="-0.906958" m22="0.000265573" m32="0.431083"
			m03="0" m13="0" m23="0" m33="1"/>
		<transform name="chickenBip L Calf"
			m00="-0.249019" m10="-0.963086" m20="-0.102247" m30="0.346719"
			m01="0.225927" m11="-0.160425" m21="0.960844" m31="0.135196"
			m02="-0.941778" m12="0.216168" m22="0.257536" m32="0.746226"
			m03="0" m13="0" m23="0" m33="1"/>
		<transform name="chickenBip L Thigh"
			m00="-0.262358" m10="-0.959538" m20="-0.102247" m30="0.423705"
			m01="0.223679" m11="-0.163545" m21="0.960844" m31="0.0695604"
			m02="-0.938688" m12="0.229215" m22="0.257536" m32="1.02167"
			m03="0" m13="0" m23="0" m33="1"/>
		<transform name="chickenBip Neck"
			m00="-0.22041" m10="0.975407" m20="1.35669e-006" m30="0.373265"
			m01="-3.39903e-007" m11="-1.4677e-006" m21="1.0" m31="-1.60162e-007"
			m02="0.975407" m12="0.22041" m22="6.55039e-007" m32="1.22846"
			m03="0" m13="0" m23="0" m33="1"/>
		<transform name="chickenBip Head"
			m00="-0.95303" m10="0.302874" m20="-0.00113794" m30="0.296071"
			m01="-0.000652418" m11="0.00170423" m21="0.999998" m31="-2.79205e-007"
			m02="0.302876" m12="0.953029" m22="-0.00142658" m32="1.57007"
			m03="0" m13="0" m23="0" m33="1"/>
		<transform name="chickenBip Ponytail1"
			m00="0.295709" m10="0.955277" m20="-0.0013348" m30="0.209743"
			m01="0.00263454" m11="0.000581758" m21="0.999996" m31="4.56386e-005"
			m02="0.955274" m12="-0.295712" m22="-0.00234468" m32="1.67112"
			m03="0" m13="0" m23="0" m33="1"/>
	</frame>
	<frame index="9">
		<transform name="chickenBip Spine"
			m00="0.0358402" m10="0.999358" m20="1.42312e-006" m30="0.366989"
			m01="0.0" m11="-1.4242e-006" m21="1.0" m31="-1.62065e-007"
			m02="0.999358" m12="-0.0358402" m22="0.0" m32="1.08187"
			m03="0" m13="0" m23="0" m33="1"/>
		<transform name="chickenBip Tail"
			m00="-0.442102" m10="-0.896965" m20="-3.86107e-006" m30="0.236627"
			m01="-4.92693e-007" m11="-4.06175e-006" m21="1.0" m31="-2.20949e-007"
			m02="-0.896965" m12="0.442102" m22="1.35378e-006" m32="1.01923"
			m03="0" m13="0" m23="0" m33="1"/>
		<transform name="chickenBip R UpperArm"
			m00="-0.465118" m10="-0.884171" m20="0.0436577" m30="0.40183"
			m01="-0.149953" m11="0.030087" m21="-0.988235" m31="-0.106053"
			m02="0.872456" m12="-0.466193" m22="-0.146579" m32="1.15193"
			m03="0" m13="0" m23="0" m33="1"/>
		<transform name="chickenBip L UpperArm"
			m00="-0.467531" m10="-0.883946" m20="-0.00739731" m30="0.401829"
			m01="0.0756253" m11="-0.0316589" m21="-0.996634" m31="0.106053"
			m02="0.880736" m12="-0.466517" m22="0.0816502" m32="1.15193"
			m03="0" m13="0" m23="0" m33="1"/>
		<transform name="chickenBip R Toe0"
			m00="0.964792" m10="-2.68608e-007" m20="-0.263014" m30="0.325003"
			m01="-0.263014" m11="0.0" m21="-0.964792" m31="-0.185923"
