<?xml version="1.0" encoding="ISO-8859-1" standalone="yes"?>

<!DOCTYPE animation [
	<!ELEMENT animation  (frame+)>
	<!ELEMENT frame      (transform+)>
	<!ELEMENT transform   EMPTY>
	<!ATTLIST frame index CDATA #REQUIRED>
	<!ATTLIST transform name CDATA #REQUIRED>
	<!ATTLIST transform m00 CDATA #REQUIRED>
	<!ATTLIST transform m01 CDATA #REQUIRED>
	<!ATTLIST transform m02 CDATA #REQUIRED>
	<!ATTLIST transform m03 CDATA #REQUIRED>
	<!ATTLIST transform m10 CDATA #REQUIRED>
	<!ATTLIST transform m11 CDATA #REQUIRED>
	<!ATTLIST transform m12 CDATA #REQUIRED>
	<!ATTLIST transform m13 CDATA #REQUIRED>
	<!ATTLIST transform m20 CDATA #REQUIRED>
	<!ATTLIST transform m21 CDATA #REQUIRED>
	<!ATTLIST transform m22 CDATA #REQUIRED>
	<!ATTLIST transform m23 CDATA #REQUIRED>
	<!ATTLIST transform m30 CDATA #REQUIRED>
	<!ATTLIST transform m31 CDATA #REQUIRED>
	<!ATTLIST transform m32 CDATA #REQUIRED>
	<!ATTLIST transform m33 CDATA #REQUIRED>
]>

<animation>
	<frame index="0">
		<transform name="Bip01 Spine"
			m00="-0.0428325" m10="0.863134" m20="-0.503155" m30="-0.14754"
			m01="0.163975" m11="0.502861" m21="0.848671" m31="-0.0783944"
			m02="0.985534" m12="-0.0461543" m22="-0.163072" m32="1.24158"
			m03="0" m13="0" m23="0" m33="1"/>
		<transform name="Bip01 Pelvis"
			m00="6.50634e-007" m10="0.883112" m20="-0.469162" m30="-0.0606513"
			m01="-1.2247e-006" m11="0.469162" m21="0.883112" m31="-0.0322215"
			m02="1.0" m12="0.0" m22="1.3868e-006" m32="0.558464"
			m03="0" m13="0" m23="0" m33="1"/>
		<transform name="Bip01 Head"
			m00="-0.185668" m10="0.981214" m20="-0.0524102" m30="-0.166026"
			m01="0.275984" m11="0.103264" m21="0.955599" m31="0.153133"
			m02="0.943059" m12="0.16296" m22="-0.289972" m32="2.02361"
			m03="0" m13="0" m23="0" m33="1"/>
		<transform name="Bip01 Neck"
			m00="0.250619" m10="0.811006" m20="-0.528639" m30="-0.195725"
			m01="0.504043" m11="0.356897" m21="0.786489" m31="0.0934022"
			m02="0.826517" m12="-0.463566" m22="-0.319337" m32="1.92566"
			m03="0" m13="0" m23="0" m33="1"/>
		<transform name="Bip01 Spine1"
			m00="-0.0921115" m10="0.843835" m20="-0.528638" m30="-0.162973"
			m01="0.320827" m11="0.527734" m21="0.78649" m31="-0.0203747"
			m02="0.942648" m12="-0.0971569" m22="-0.319336" m32="1.59122"
			m03="0" m13="0" m23="0" m33="1"/>
		<transform name="Bip01 Tail"
			m00="-0.208454" m10="-0.462457" m20="-0.861789" m30="-0.394146"
			m01="-0.260314" m11="-0.823128" m21="0.504676" m31="-0.209189"
			m02="-0.942753" m12="0.329537" m22="0.0512002" m32="1.89275"
			m03="0" m13="0" m23="0" m33="1"/>
		<transform name="Bip01 Tail2"
			m00="-0.2796" m10="-0.763503" m20="-0.58214" m30="-0.551816"
			m01="-0.403483" m11="-0.456746" m21="0.792833" m31="-0.407706"
			m02="-0.871221" m12="0.45656" m22="-0.180354" m32="1.0424"
			m03="0" m13="0" m23="0" m33="1"/>
		<transform name="Bip01 L Thigh"
			m00="-0.104194" m10="0.622427" m20="0.775711" m30="-0.240813"
			m01="0.331652" m11="0.757058" m21="-0.562912" m31="0.306901"
			m02="-0.93763" m12="0.198614" m22="-0.28531" m32="0.558464"
			m03="0" m13="0" m23="0" m33="1"/>
		<transform name="Bip01 R Thigh"
			m00="0.65317" m10="0.75574" m20="-0.0471724" m30="0.11951"
			m01="-0.011689" m11="-0.0522267" m21="-0.998567" m31="-0.371344"
			m02="-0.757121" m12="0.652785" m22="-0.0252791" m32="0.558464"
			m03="0" m13="0" m23="0" m33="1"/>
		<transform name="Bip01 Tail1"
			m00="-0.147784" m10="-0.837082" m20="-0.526738" m30="-0.486442"
			m01="-0.18737" m11="-0.499244" m21="0.845959" m31="-0.32464"
			m02="-0.971109" m12="0.223714" m22="-0.0830638" m32="1.47391"
			m03="0" m13="0" m23="0" m33="1"/>
		<transform name="Bip01 L Clavicle"
			m00="-0.528641" m10="-0.84376" m20="-0.0927834" m30="-0.297891"
			m01="0.786488" m11="-0.527992" m21="0.320407" m31="0.191036"
			m02="-0.319335" m12="0.0964071" m22="0.942725" m32="1.88238"
			m03="0" m13="0" m23="0" m33="1"/>
		<transform name="Bip01 L UpperArm"
			m00="-0.0460625" m10="-0.212065" m20="-0.976169" m30="-0.489458"
			m01="0.848332" m11="-0.524287" m21="0.0738671" m31="0.476041"
			m02="-0.527457" m12="-0.824713" m22="0.204052" m32="1.76666"
			m03="0" m13="0" m23="0" m33="1"/>
		<transform name="Bip01 L Forearm"
			m00="0.205862" m10="-0.0686618" m20="-0.976169" m30="-0.512914"
			m01="0.612709" m11="0.786849" m21="0.0738671" m31="0.908031"
			m02="0.763026" m12="-0.613314" m22="0.204052" m32="1.49807"
			m03="0" m13="0" m23="0" m33="1"/>
		<transform name="Bip01 L Hand"
			m00="-0.313113" m10="0.913405" m20="0.260099" m30="-0.419224"
			m01="-0.420214" m11="-0.378847" m21="0.824557" m31="1.18688"
			m02="0.851693" m12="0.148882" m22="0.502448" m32="1.84533"
			m03="0" m13="0" m23="0" m33="1"/>
		<transform name="Bip01 L Finger1"
			m00="0.628776" m10="0.669147" m20="0.396085" m30="-0.560296"
			m01="-0.504641" m11="-0.0363778" m21="0.862563" m31="0.997556"
			m02="0.59159" m12="-0.742239" m22="0.314805" m32="2.22906"
			m03="0" m13="0" m23="0" m33="1"/>
		<transform name="Bip01 L Finger0"
			m00="0.96567" m10="-0.00384407" m20="-0.259744" m30="-0.51248"
			m01="-0.25977" m11="-0.0108773" m21="-0.965609" m31="0.808873"
			m02="0.000886498" m12="0.999934" m22="-0.0115028" m32="1.84818"
			m03="0" m13="0" m23="0" m33="1"/>
		<transform name="Bip01 L Finger01"
			m00="0.410702" m10="-0.873989" m20="-0.259744" m30="-0.218041"
			m01="-0.121241" m11="0.229999" m21="-0.965609" m31="0.729668"
			m02="0.903673" m12="0.42807" m22="-0.0115028" m32="1.84845"
			m03="0" m13="0" m23="0" m33="1"/>
		<transform name="Bip01 L Finger11"
			m00="0.880938" m10="-0.258971" m20="0.396085" m30="-0.371709"
			m01="-0.260279" m11="0.433867" m21="0.862563" m31="0.846201"
			m02="-0.395227" m12="-0.862957" m22="0.314805" m32="2.40649"
			m03="0" m13="0" m23="0" m33="1"/>
		<transform name="Bip01 R Clavicle"
			m00="0.528641" m10="-0.84376" m20="0.0927834" m30="-0.14499"
			m01="-0.786488" m11="-0.527992" m21="-0.320407" m31="-0.0364433"
			m02="0.319335" m12="0.0964071" m22="-0.942725" m32="1.97475"
			m03="0" m13="0" m23="0" m33="1"/>
		<transform name="Bip01 R UpperArm"
			m00="0.34879" m10="-0.902404" m20="-0.253006" m30="0.0465772"
			m01="-0.87568" m11="-0.409991" m21="0.25513" m31="-0.321449"
			m02="-0.33396" m12="0.132565" m22="-0.933219" m32="2.09047"
			m03="0" m13="0" m23="0" m33="1"/>
		<transform name="Bip01 R Forearm"
			m00="0.944877" m10="-0.207834" m20="-0.253006" m30="0.224189"
			m01="-0.142057" m11="-0.956414" m21="0.25513" m31="-0.767364"
			m02="-0.295003" m12="-0.205125" m22="-0.933219" m32="1.92041"
			m03="0" m13="0" m23="0" m33="1"/>
		<transform name="Bip01 R Hand"
			m00="0.88575" m10="-0.360437" m20="0.29246" m30="0.654213"
			m01="-0.0847353" m11="0.493927" m21="0.865364" m31="-0.832016"
			m02="-0.456363" m12="-0.791278" m22="0.406954" m32="1.78615"
			m03="0" m13="0" m23="0" m33="1"/>
		<transform name="Bip01 R Finger1"
			m00="0.567609" m10="-0.769493" m20="0.292746" m30="1.05328"
			m01="0.185831" m11="0.466146" m21="0.864971" m31="-0.870193"
			m02="-0.802052" m12="-0.436564" m22="0.407584" m32="1.58053"
			m03="0" m13="0" m23="0" m33="1"/>
		<transform name="Bip01 R Finger0"
			m00="0.538872" m10="0.327351" m20="-0.776182" m30="0.899687"
			m01="0.800651" m11="-0.485461" m21="0.35112" m31="-0.52981"
			m02="-0.261866" m12="-0.81066" m22="-0.523695" m32="1.7891"
			m03="0" m13="0" m23="0" m33="1"/>
		<transform name="Bip01 R Finger01"
			m00="0.614752" m10="-0.140077" m20="-0.776182" m30="1.06399"
			m01="0.236912" m11="-0.905863" m21="0.35112" m31="-0.285687"
			m02="-0.752298" m12="-0.399739" m22="-0.523695" m32="1.70926"
			m03="0" m13="0" m23="0" m33="1"/>
		<transform name="Bip01 R Finger11"
			m00="-0.000703354" m10="-0.95619" m20="0.292746" m30="1.22352"
			m01="0.426453" m11="0.264505" m21="0.864971" m31="-0.814458"
			m02="-0.90451" m12="0.125451" m22="0.407584" m32="1.33998"
			m03="0" m13="0" m23="0" m33="1"/>
		<transform name="Bip01 R Calf"
			m00="-0.474051" m10="0.879233" m20="-0.0471724" m30="0.294622"
			m01="0.0446556" m11="-0.0294981" m21="-0.998567" m31="-0.374478"
			m02="-0.879364" m12="-0.475478" m22="-0.0252791" m32="0.355484"
			m03="0" m13="0" m23="0" m33="1"/>
		<transform name="Bip01 R Foot"
			m00="7.20932e-006" m10="1.0" m20="2.15979e-006" m30="0.219222"
			m01="3.13423e-007" m11="2.13183e-006" m21="-1.0" m31="-0.367375"
			m02="-1.0" m12="7.21589e-006" m22="-2.8213e-007" m32="0.215618"
			m03="0" m13="0" m23="0" m33="1"/>
		<transform name="Bip01 R Toe0"
			m00="1.0" m10="-6.79209e-006" m20="2.14295e-006" m30="0.723901"
			m01="2.11499e-006" m11="-2.95172e-007" m21="-1.0" m31="-0.367374"
			m02="6.79865e-006" m12="1.0" m22="-2.6388e-007" m32="0.0019632"
			m03="0" m13="0" m23="0" m33="1"/>
		<transform name="Bip01 L Foot"
			m00="1.03219e-006" m10="0.359455" m20="0.933162" m30="-0.365245"
			m01="0.0" m11="0.933162" m21="-0.359455" m31="0.309812"
			m02="-1.0" m12="4.35671e-007" m22="9.37962e-007" m32="0.21441"
			m03="0" m13="0" m23="0" m33="1"/>
		<transform name="Bip01 L Calf"
			m00="-0.606702" m10="0.173736" m20="0.775711" m30="-0.268747"
			m01="-0.540717" m11="0.625104" m21="-0.562912" m31="0.395815"
			m02="-0.582699" m12="-0.76096" m22="-0.28531" m32="0.30709"
			m03="0" m13="0" m23="0" m33="1"/>
		<transform name="Bip01 L Toe0"
			m00="0.359455" m10="-1.03222e-006" m20="0.933162" m30="-0.183836"
			m01="0.933162" m11="0.0" m21="-0.359455" m31="0.780757"
			m02="4.35731e-007" m12="1.0" m22="9.37962e-007" m32="0.000751997"
			m03="0" m13="0" m23="0" m33="1"/>
		<transform name="Bip01 Ponytail1"
			m00="0.935335" m10="-0.349858" m20="-0.0524139" m30="0.0491187"
			m01="-0.0547527" m11="-0.289542" m21="0.955598" m31="0.31058"
			m02="-0.3495" m12="-0.890935" m22="-0.289975" m32="2.50359"
			m03="0" m13="0" m23="0" m33="1"/>
		<transform name="Bip01 Ponytail2"
			m00="0.753117" m10="-0.357171" m20="-0.552488" m30="0.184778"
			m01="0.408651" m11="-0.404159" m21="0.818327" m31="0.221646"
			m02="-0.515576" m12="-0.842071" m22="-0.158421" m32="2.18588"
			m03="0" m13="0" m23="0" m33="1"/>
		<transform name="Bip01 Ponytail21"
			m00="0.44327" m10="-0.705881" m20="-0.552489" m30="0.41934"
			m01="0.127504" m11="-0.560432" m21="0.818327" m31="0.348966"
			m02="-0.887273" m12="-0.433185" m22="-0.15842" m32="2.02553"
			m03="0" m13="0" m23="0" m33="1"/>
		<transform name="Bip01 Prop1"
			m00="0.903732" m10="-0.161913" m20="-0.396299" m30="0.154383"
			m01="-0.42613" m11="-0.251546" m21="-0.868987" m31="1.92953"
			m02="0.0410128" m12="0.954206" m22="-0.296326" m32="2.45782"
			m03="0" m13="0" m23="0" m33="1"/>
		<transform name="Bip01 Prop2"
			m00="0.519239" m10="0.363872" m20="0.773297" m30="-1.3036"
			m01="0.830211" m11="-1.04204e-005" m21="-0.557449" m31="0.46278"
			m02="-0.202832" m12="0.931449" m22="-0.302096" m32="2.55928"
			m03="0" m13="0" m23="0" m33="1"/>
		<transform name="Bip01 Prop3"
			m00="-0.500378" m10="-0.382636" m20="0.776667" m30="-2.16356"
			m01="-0.818834" m11="-0.0823145" m21="-0.568098" m31="-0.962233"
			m02="0.281306" m12="-0.920225" m22="-0.272127" m32="3.04949"
			m03="0" m13="0" m23="0" m33="1"/>
	</frame>
	<frame index="1">
		<transform name="Bip01 Spine"
			m00="-0.0428585" m10="0.863133" m20="-0.503155" m30="-0.147998"
			m01="0.16396" m11="0.502866" m21="0.848671" m31="-0.0784943"
			m02="0.985535" m12="-0.0461246" m22="-0.163072" m32="1.24277"
			m03="0" m13="0" m23="0" m33="1"/>
		<transform name="Bip01 Pelvis"
			m00="6.50634e-007" m10="0.883112" m20="-0.469162" m30="-0.0611096"
			m01="-1.2247e-006" m11="0.469162" m21="0.883112" m31="-0.0323214"
			m02="1.0" m12="0.0" m22="1.3868e-006" m32="0.559653"
			m03="0" m13="0" m23="0" m33="1"/>
		<transform name="Bip01 Head"
			m00="-0.185668" m10="0.981214" m20="-0.0524102" m30="-0.166488"
			m01="0.275984" m11="0.103264" m21="0.955599" m31="0.153031"
			m02="0.943059" m12="0.16296" m22="-0.289972" m32="2.02479"
			m03="0" m13="0" m23="0" m33="1"/>
		<transform name="Bip01 Neck"
			m00="0.250631" m10="0.811005" m20="-0.528634" m30="-0.196188"
			m01="0.504047" m11="0.356886" m21="0.786492" m31="0.0933"
			m02="0.826511" m12="-0.463576" m22="-0.319338" m32="1.92685"
			m03="0" m13="0" m23="0" m33="1"/>
		<transform name="Bip01 Spine1"
			m00="-0.0921" m10="0.843839" m20="-0.528634" m30="-0.16344"
			m01="0.320836" m11="0.527726" m21="0.786492" m31="-0.02048"
			m02="0.942646" m12="-0.0971689" m22="-0.319337" m32="1.59241"
			m03="0" m13="0" m23="0" m33="1"/>
		<transform name="Bip01 Tail"
			m00="-0.208504" m10="-0.462434" m20="-0.861789" m30="-0.394605"
			m01="-0.260404" m11="-0.823099" m21="0.504676" m31="-0.209289"
			m02="-0.942717" m12="0.32964" m22="0.0512002" m32="1.89394"
			m03="0" m13="0" m23="0" m33="1"/>
		<transform name="Bip01 Tail2"
			m00="-0.279407" m10="-0.763567" m20="-0.582148" m30="-0.552293"
			m01="-0.403425" m11="-0.456826" m21="0.792817" m31="-0.407871"
			m02="-0.871309" m12="0.456372" m22="-0.180402" m32="1.04361"
			m03="0" m13="0" m23="0" m33="1"/>
		<transform name="Bip01 L Thigh"
			m00="-0.103891" m10="0.621743" m20="0.776301" m30="-0.241271"
			m01="0.329605" m11="0.75794" m21="-0.562927" m31="0.306801"
			m02="-0.938385" m12="0.19739" m22="-0.283673" m32="0.559653"
			m03="0" m13="0" m23="0" m33="1"/>
		<transform name="Bip01 R Thigh"
			m00="0.65065" m10="0.757916" m20="-0.0471012" m30="0.119052"
			m01="-0.0112825" m11="-0.0523706" m21="-0.998564" m31="-0.371444"
			m02="-0.759294" m12="0.650247" m22="-0.0255237" m32="0.559653"
			m03="0" m13="0" m23="0" m33="1"/>
		<transform name="Bip01 Tail1"
			m00="-0.147775" m10="-0.837078" m20="-0.526747" m30="-0.486923"
			m01="-0.187426" m11="-0.499242" m21="0.845949" m31="-0.32478"
			m02="-0.971099" m12="0.223736" m22="-0.0831146" m32="1.47512"
			m03="0" m13="0" m23="0" m33="1"/>
		<transform name="Bip01 L Clavicle"
			m00="-0.528636" m10="-0.843764" m20="-0.0927719" m30="-0.298354"
			m01="0.78649" m11="-0.527983" m21="0.320416" m31="0.190934"
			m02="-0.319337" m12="0.0964191" m22="0.942723" m32="1.88357"
			m03="0" m13="0" m23="0" m33="1"/>
		<transform name="Bip01 L UpperArm"
			m00="-0.0460625" m10="-0.212065" m20="-0.976169" m30="-0.48992"
			m01="0.848332" m11="-0.524287" m21="0.0738671" m31="0.47594"
			m02="-0.527457" m12="-0.824713" m22="0.204052" m32="1.76785"
			m03="0" m13="0" m23="0" m33="1"/>
		<transform name="Bip01 L Forearm"
			m00="0.205862" m10="-0.0686618" m20="-0.976169" m30="-0.513376"
			m01="0.612709" m11="0.786849" m21="0.0738671" m31="0.90793"
			m02="0.763026" m12="-0.613314" m22="0.204052" m32="1.49926"
			m03="0" m13="0" m23="0" m33="1"/>
		<transform name="Bip01 L Hand"
			m00="-0.313113" m10="0.913405" m20="0.260099" m30="-0.419686"
			m01="-0.420214" m11="-0.378847" m21="0.824557" m31="1.18678"
			m02="0.851693" m12="0.148882" m22="0.502448" m32="1.84652"
			m03="0" m13="0" m23="0" m33="1"/>
		<transform name="Bip01 L Finger1"
			m00="0.628776" m10="0.669147" m20="0.396085" m30="-0.560757"
			m01="-0.504641" m11="-0.0363778" m21="0.862563" m31="0.997455"
			m02="0.59159" m12="-0.742239" m22="0.314805" m32="2.23024"
			m03="0" m13="0" m23="0" m33="1"/>
		<transform name="Bip01 L Finger0"
			m00="0.96567" m10="-0.00384407" m20="-0.259744" m30="-0.512942"
			m01="-0.25977" m11="-0.0108773" m21="-0.965609" m31="0.808773"
			m02="0.000886498" m12="0.999934" m22="-0.0115028" m32="1.84937"
			m03="0" m13="0" m23="0" m33="1"/>
		<transform name="Bip01 L Finger01"
			m00="0.410702" m10="-0.873989" m20="-0.259744" m30="-0.218503"
			m01="-0.121241" m11="0.229999" m21="-0.965609" m31="0.729567"
			m02="0.903673" m12="0.42807" m22="-0.0115028" m32="1.84964"
			m03="0" m13="0" m23="0" m33="1"/>
		<transform name="Bip01 L Finger11"
			m00="0.880938" m10="-0.258971" m20="0.396085" m30="-0.37217"
			m01="-0.260279" m11="0.433867" m21="0.862563" m31="0.8461"
			m02="-0.395227" m12="-0.862957" m22="0.314805" m32="2.40768"
			m03="0" m13="0" m23="0" m33="1"/>
		<transform name="Bip01 R Clavicle"
			m00="0.528636" m10="-0.843764" m20="0.0927719" m30="-0.145454"
			m01="-0.78649" m11="-0.527983" m21="-0.320416" m31="-0.0365456"
			m02="0.319337" m12="0.0964191" m22="-0.942723" m32="1.97593"
			m03="0" m13="0" m23="0" m33="1"/>
		<transform name="Bip01 R UpperArm"
			m00="0.348668" m10="-0.90273" m20="-0.252009" m30="0.0461115"
			m01="-0.876196" m11="-0.409409" m21="0.254292" m31="-0.321552"
			m02="-0.332731" m12="0.132146" m22="-0.933717" m32="2.09165"
			m03="0" m13="0" m23="0" m33="1"/>
		<transform name="Bip01 R Forearm"
			m00="0.945077" m10="-0.208138" m20="-0.252009" m30="0.223661"
			m01="-0.14285" m11="-0.956519" m21="0.254292" m31="-0.76773"
			m02="-0.29398" m12="-0.204325" m22="-0.933717" m32="1.92222"
			m03="0" m13="0" m23="0" m33="1"/>
		<transform name="Bip01 R Hand"
			m00="0.886128" m10="-0.359449" m20="0.292529" m30="0.653776"
			m01="-0.0856656" m11="0.493292" m21="0.865635" m31="-0.832743"
			m02="-0.455454" m12="-0.792124" m22="0.406327" m32="1.78843"
			m03="0" m13="0" m23="0" m33="1"/>
		<transform name="Bip01 R Finger1"
			m00="0.569511" m10="-0.76806" m20="0.292816" m30="1.05302"
			m01="0.18406" m11="0.466345" m21="0.865242" m31="-0.871339"
			m02="-0.801112" m12="-0.438869" m22="0.406958" m32="1.58322"
			m03="0" m13="0" m23="0" m33="1"/>
		<transform name="Bip01 R Finger0"
			m00="0.538742" m10="0.329141" m20="-0.775515" m30="0.899403"
			m01="0.801263" m11="-0.484554" m21="0.350976" m31="-0.530661"
			m02="-0.260258" m12="-0.810478" m22="-0.524778" m32="1.7913"
			m03="0" m13="0" m23="0" m33="1"/>
		<transform name="Bip01 R Finger01"
			m00="0.616235" m10="-0.137226" m20="-0.775515" m30="1.06367"
			m01="0.240149" m11="-0.905066" m21="0.350976" m31="-0.286351"
			m02="-0.750055" m12="-0.402524" m22="-0.524778" m32="1.71194"
			m03="0" m13="0" m23="0" m33="1"/>
		<transform name="Bip01 R Finger11"
			m00="0.0030004" m10="-0.956164" m20="0.292816" m30="1.22383"
			m01="0.424779" m11="0.266305" m21="0.865242" m31="-0.816135"
			m02="-0.905292" m12="0.121786" m22="0.406958" m32="1.34295"
			m03="0" m13="0" m23="0" m33="1"/>
		<transform name="Bip01 R Calf"
			m00="-0.466921" m10="0.883043" m20="-0.0471012" m30="0.293488"
			m01="0.0445984" m11="-0.0296809" m21="-0.998564" m31="-0.374469"
			m02="-0.883174" m12="-0.468351" m22="-0.0255237" m32="0.35609"
			m03="0" m13="0" m23="0" m33="1"/>
		<transform name="Bip01 R Foot"
			m00="7.20932e-006" m10="1.0" m20="2.15979e-006" m30="0.219222"
			m01="3.13423e-007" m11="2.13183e-006" m21="-1.0" m31="-0.367375"
			m02="-1.0" m12="7.21589e-006" m22="-2.8213e-007" m32="0.215618"
			m03="0" m13="0" m23="0" m33="1"/>
		<transform name="Bip01 R Toe0"
			m00="1.0" m10="-6.25565e-006" m20="2.10696e-006" m30="0.723901"
			m01="2.079e-006" m11="-2.55698e-007" m21="-1.0" m31="-0.367374"
			m02="6.26221e-006" m12="1.0" m22="-2.24407e-007" m32="0.00196323"
			m03="0" m13="0" m23="0" m33="1"/>
		<transform name="Bip01 L Foot"
			m00="1.03219e-006" m10="0.359455" m20="0.933162" m30="-0.365245"
			m01="0.0" m11="0.933162" m21="-0.359455" m31="0.309812"
			m02="-1.0" m12="4.35671e-007" m22="9.37962e-007" m32="0.21441"
			m03="0" m13="0" m23="0" m33="1"/>
		<transform name="Bip01 L Calf"
			m00="-0.604332" m10="0.179277" m20="0.776301" m30="-0.269124"
			m01="-0.536639" m11="0.628595" m21="-0.562927" m31="0.395166"
			m02="-0.588898" m12="-0.756788" m22="-0.283673" m32="0.308076"
			m03="0" m13="0" m23="0" m33="1"/>
		<transform name="Bip01 L Toe0"
			m00="0.359455" m10="-1.03222e-006" m20="0.933162" m30="-0.183836"
			m01="0.933162" m11="0.0" m21="-0.359455" m31="0.780757"
			m02="4.35731e-007" m12="1.0" m22="9.37962e-007" m32="0.000751997"
			m03="0" m13="0" m23="0" m33="1"/>
		<transform name="Bip01 Ponytail1"
			m00="0.937723" m10="-0.343408" m20="-0.0524139" m30="0.0486553"
			m01="-0.0527571" m11="-0.289913" m21="0.955598" m31="0.310479"
			m02="-0.343355" m12="-0.893321" m22="-0.289975" m32="2.50477"
			m03="0" m13="0" m23="0" m33="1"/>
		<transform name="Bip01 Ponytail2"
			m00="0.752606" m10="-0.358247" m20="-0.552488" m30="0.184316"
			m01="0.408073" m11="-0.404743" m21="0.818327" m31="0.221544"
			m02="-0.516779" m12="-0.841334" m22="-0.158421" m32="2.18707"
			m03="0" m13="0" m23="0" m33="1"/>
		<transform name="Bip01 Ponytail21"
			m00="0.441251" m10="-0.707144" m20="-0.552489" m30="0.418719"
			m01="0.125902" m11="-0.560794" m21="0.818327" m31="0.348685"
			m02="-0.888508" m12="-0.430648" m22="-0.15842" m32="2.02634"
			m03="0" m13="0" m23="0" m33="1"/>
		<transform name="Bip01 Prop1"
			m00="0.903732" m10="-0.161913" m20="-0.396299" m30="0.153921"
			m01="-0.42613" m11="-0.251546" m21="-0.868987" m31="1.92943"
			m02="0.0410128" m12="0.954206" m22="-0.296326" m32="2.45901"
			m03="0" m13="0" m23="0" m33="1"/>
		<transform name="Bip01 Prop2"
			m00="0.519239" m10="0.363872" m20="0.773297" m30="-1.30406"
			m01="0.830211" m11="-1.04204e-005" m21="-0.557449" m31="0.462679"
			m02="-0.202832" m12="0.931449" m22="-0.302096" m32="2.56047"
			m03="0" m13="0" m23="0" m33="1"/>
		<transform name="Bip01 Prop3"
			m00="-0.500378" m10="-0.382636" m20="0.776667" m30="-2.16402"
			m01="-0.818834" m11="-0.0823145" m21="-0.568098" m31="-0.962334"
			m02="0.281306" m12="-0.920225" m22="-0.272127" m32="3.05068"
			m03="0" m13="0" m23="0" m33="1"/>
	</frame>
	<frame index="2">
		<transform name="Bip01 Spine"
			m00="-0.0429367" m10="0.863129" m20="-0.503155" m30="-0.148475"
			m01="0.163915" m11="0.502881" m21="0.848671" m31="-0.0785982"
			m02="0.98554" m12="-0.0460353" m22="-0.163072" m32="1.24401"
			m03="0" m13="0" m23="0" m33="1"/>
		<transform name="Bip01 Pelvis"
			m00="6.50634e-007" m10="0.883112" m20="-0.469162" m30="-0.0615865"
			m01="-1.2247e-006" m11="0.469162" m21="0.883112" m31="-0.0324253"
			m02="1.0" m12="0.0" m22="1.3868e-006" m32="0.56089"
			m03="0" m13="0" m23="0" m33="1"/>
		<transform name="Bip01 Head"
			m00="-0.185668" m10="0.981214" m20="-0.0524102" m30="-0.166976"
			m01="0.275984" m11="0.103264" m21="0.955599" m31="0.152922"
			m02="0.943059" m12="0.16296" m22="-0.289972" m32="2.02603"
			m03="0" m13="0" m23="0" m33="1"/>
		<transform name="Bip01 Neck"
			m00="0.250668" m10="0.811003" m20="-0.528621" m30="-0.196681"
			m01="0.504061" m11="0.356852" m21="0.786498" m31="0.093189"
			m02="0.826492" m12="-0.463607" m22="-0.319343" m32="1.92809"
			m03="0" m13="0" m23="0" m33="1"/>
		<transform name="Bip01 Spine1"
			m00="-0.0920654" m10="0.84385" m20="-0.528621" m30="-0.163945"
			m01="0.320862" m11="0.5277" m21="0.786499" m31="-0.0206001"
			m02="0.942641" m12="-0.0972049" m22="-0.319342" m32="1.59365"
			m03="0" m13="0" m23="0" m33="1"/>
		<transform name="Bip01 Tail"
			m00="-0.208657" m10="-0.462365" m20="-0.861789" m30="-0.395081"
			m01="-0.260675" m11="-0.823013" m21="0.504676" m31="-0.209393"
			m02="-0.942608" m12="0.329951" m22="0.0512002" m32="1.89518"
			m03="0" m13="0" m23="0" m33="1"/>
		<transform name="Bip01 Tail2"
			m00="-0.278825" m10="-0.763762" m20="-0.582173" m30="-0.552826"
			m01="-0.403252" m11="-0.457067" m21="0.792766" m31="-0.40817"
			m02="-0.871576" m12="0.455805" m22="-0.180547" m32="1.0449"
			m03="0" m13="0" m23="0" m33="1"/>
		<transform name="Bip01 L Thigh"
			m00="-0.103606" m10="0.621035" m20="0.776905" m30="-0.241748"
			m01="0.327442" m11="0.758864" m21="-0.562945" m31="0.306697"
			m02="-0.939174" m12="0.196067" m22="-0.281976" m32="0.56089"
			m03="0" m13="0" m23="0" m33="1"/>
		<transform name="Bip01 R Thigh"
			m00="0.647982" m10="0.760203" m20="-0.0470275" m30="0.118575"
			m01="-0.0108577" m11="-0.0525177" m21="-0.998561" m31="-0.371548"
			m02="-0.761579" m12="0.64756" m22="-0.0257765" m32="0.56089"
			m03="0" m13="0" m23="0" m33="1"/>
		<transform name="Bip01 Tail1"
			m00="-0.147748" m10="-0.837065" m20="-0.526775" m30="-0.487468"
			m01="-0.187594" m11="-0.499234" m21="0.845916" m31="-0.325005"
			m02="-0.971071" m12="0.223802" m22="-0.0832674" m32="1.4764"
			m03="0" m13="0" m23="0" m33="1"/>
		<transform name="Bip01 L Clavicle"
			m00="-0.528624" m10="-0.843775" m20="-0.0927374" m30="-0.298845"
			m01="0.786497" m11="-0.527958" m21="0.320441" m31="0.190825"
			m02="-0.319342" m12="0.0964551" m22="0.942718" m32="1.88481"
			m03="0" m13="0" m23="0" m33="1"/>
		<transform name="Bip01 L UpperArm"
			m00="-0.0460625" m10="-0.212065" m20="-0.976169" m30="-0.490406"
			m01="0.848332" m11="-0.524287" m21="0.0738671" m31="0.475833"
			m02="-0.527457" m12="-0.824713" m22="0.204052" m32="1.76909"
			m03="0" m13="0" m23="0" m33="1"/>
		<transform name="Bip01 L Forearm"
			m00="0.205862" m10="-0.0686618" m20="-0.976169" m30="-0.513862"
			m01="0.612709" m11="0.786849" m21="0.0738671" m31="0.907823"
			m02="0.763026" m12="-0.613314" m22="0.204052" m32="1.50049"
			m03="0" m13="0" m23="0" m33="1"/>
		<transform name="Bip01 L Hand"
			m00="-0.313113" m10="0.913405" m20="0.260099" m30="-0.420172"
			m01="-0.420214" m11="-0.378847" m21="0.824557" m31="1.18667"
			m02="0.851693" m12="0.148882" m22="0.502448" m32="1.84775"
			m03="0" m13="0" m23="0" m33="1"/>
		<transform name="Bip01 L Finger1"
			m00="0.628776" m10="0.669147" m20="0.396085" m30="-0.561243"
			m01="-0.504641" m11="-0.0363778" m21="0.862563" m31="0.997348"
			m02="0.59159" m12="-0.742239" m22="0.314805" m32="2.23148"
			m03="0" m13="0" m23="0" m33="1"/>
		<transform name="Bip01 L Finger0"
			m00="0.96567" m10="-0.00384407" m20="-0.259744" m30="-0.513428"
			m01="-0.25977" m11="-0.0108773" m21="-0.965609" m31="0.808666"
			m02="0.000886498" m12="0.999934" m22="-0.0115028" m32="1.85061"
			m03="0" m13="0" m23="0" m33="1"/>
		<transform name="Bip01 L Finger01"
			m00="0.410702" m10="-0.873989" m20="-0.259744" m30="-0.218989"
			m01="-0.121241" m11="0.229999" m21="-0.965609" m31="0.72946"
			m02="0.903673" m12="0.42807" m22="-0.0115028" m32="1.85088"
			m03="0" m13="0" m23="0" m33="1"/>
		<transform name="Bip01 L Finger11"
			m00="0.880938" m10="-0.258971" m20="0.396085" m30="-0.372657"
			m01="-0.260279" m11="0.433867" m21="0.862563" m31="0.845993"
			m02="-0.395227" m12="-0.862957" m22="0.314805" m32="2.40891"
			m03="0" m13="0" m23="0" m33="1"/>
		<transform name="Bip01 R Clavicle"
			m00="0.528624" m10="-0.843775" m20="0.0927373" m30="-0.145949"
			m01="-0.786497" m11="-0.527958" m21="-0.320441" m31="-0.0366568"
			m02="0.319342" m12="0.0964551" m22="-0.942718" m32="1.97717"
			m03="0" m13="0" m23="0" m33="1"/>
		<transform name="Bip01 R UpperArm"
			m00="0.34854" m10="-0.903069" m20="-0.250972" m30="0.0456121"
			m01="-0.876732" m11="-0.408803" m21="0.253418" m31="-0.321665"
			m02="-0.331452" m12="0.131709" m22="-0.934233" m32="2.09289"
			m03="0" m13="0" m23="0" m33="1"/>
		<transform name="Bip01 R Forearm"
			m00="0.945283" m10="-0.208456" m20="-0.250972" m30="0.223096"
			m01="-0.143675" m11="-0.956628" m21="0.253418" m31="-0.768117"
			m02="-0.292913" m12="-0.203493" m22="-0.934233" m32="1.92411"
			m03="0" m13="0" m23="0" m33="1"/>
		<transform name="Bip01 R Hand"
			m00="0.886521" m10="-0.35842" m20="0.292603" m30="0.653305"
			m01="-0.0866333" m11="0.492629" m21="0.865917" m31="-0.833505"
			m02="-0.454506" m12="-0.793002" m22="0.405674" m32="1.7908"
			m03="0" m13="0" m23="0" m33="1"/>
		<transform name="Bip01 R Finger1"
			m00="0.571486" m10="-0.766564" m20="0.292889" m30="1.05272"
			m01="0.182218" m11="0.466546" m21="0.865524" m31="-0.872537"
			m02="-0.800126" m12="-0.441265" m22="0.406306" m32="1.58603"
			m03="0" m13="0" m23="0" m33="1"/>
		<transform name="Bip01 R Finger0"
			m00="0.538601" m10="0.331004" m20="-0.77482" m30="0.899092"
			m01="0.801899" m11="-0.48361" m21="0.350825" m31="-0.531552"
			m02="-0.258585" m12="-0.810283" m22="-0.525905" m32="1.79358"
			m03="0" m13="0" m23="0" m33="1"/>
		<transform name="Bip01 R Finger01"
			m00="0.617763" m10="-0.134249" m20="-0.77482" m30="1.06331"
			m01="0.243516" m11="-0.904224" m21="0.350825" m31="-0.287048"
			m02="-0.747709" m12="-0.405409" m22="-0.525905" m32="1.71474"
			m03="0" m13="0" m23="0" m33="1"/>
		<transform name="Bip01 R Finger11"
			m00="0.00685447" m10="-0.956122" m20="0.292889" m30="1.22413"
			m01="0.423029" m11="0.268169" m21="0.865524" m31="-0.817885"
			m02="-0.90609" m12="0.117968" m22="0.406306" m32="1.34605"
			m03="0" m13="0" m23="0" m33="1"/>
		<transform name="Bip01 R Calf"
			m00="-0.459426" m10="0.88697" m20="-0.0470275" m30="0.292296"
			m01="0.044536" m11="-0.0298756" m21="-0.998561" m31="-0.374459"
			m02="-0.887099" m12="-0.460859" m22="-0.0257765" m32="0.356714"
			m03="0" m13="0" m23="0" m33="1"/>
		<transform name="Bip01 R Foot"
			m00="7.20932e-006" m10="1.0" m20="2.15979e-006" m30="0.219222"
			m01="3.13423e-007" m11="2.13183e-006" m21="-1.0" m31="-0.367375"
			m02="-1.0" m12="7.21589e-006" m22="-2.8213e-007" m32="0.215618"
			m03="0" m13="0" m23="0" m33="1"/>
		<transform name="Bip01 R Toe0"
			m00="1.0" m10="-6.25565e-006" m20="2.10696e-006" m30="0.723901"
			m01="2.079e-006" m11="-2.55698e-007" m21="-1.0" m31="-0.367374"
			m02="6.26221e-006" m12="1.0" m22="-2.24407e-007" m32="0.0019632"
			m03="0" m13="0" m23="0" m33="1"/>
		<transform name="Bip01 L Foot"
			m00="1.03219e-006" m10="0.359455" m20="0.933162" m30="-0.365245"
			m01="0.0" m11="0.933162" m21="-0.359455" m31="0.309812"
			m02="-1.0" m12="4.35671e-007" m22="9.37962e-007" m32="0.21441"
			m03="0" m13="0" m23="0" m33="1"/>
		<transform name="Bip01 L Calf"
			m00="-0.601813" m10="0.18504" m20="0.776905" m30="-0.269524"
			m01="-0.532339" m11="0.632224" m21="-0.562945" m31="0.394483"
			m02="-0.595346" m12="-0.752365" m22="-0.281976" m32="0.309102"
			m03="0" m13="0" m23="0" m33="1"/>
		<transform name="Bip01 L Toe0"
			m00="0.359455" m10="-1.03222e-006" m20="0.933162" m30="-0.183836"
			m01="0.933162" m11="0.0" m21="-0.359455" m31="0.780758"
			m02="4.35731e-007" m12="1.0" m22="9.37962e-007" m32="0.000751967"
			m03="0" m13="0" m23="0" m33="1"/>
		<transform name="Bip01 Ponytail1"
			m00="0.94016" m10="-0.336678" m20="-0.0524139" m30="0.0481659"
			m01="-0.0506779" m11="-0.290283" m21="0.955598" m31="0.310369"
			m02="-0.336943" m12="-0.895759" m22="-0.289975" m32="2.50601"
			m03="0" m13="0" m23="0" m33="1"/>
		<transform name="Bip01 Ponytail2"
			m00="0.752073" m10="-0.359366" m20="-0.552488" m30="0.183828"
			m01="0.407471" m11="-0.405349" m21="0.818327" m31="0.221435"
			m02="-0.518029" m12="-0.840564" m22="-0.158421" m32="2.1883"
			m03="0" m13="0" m23="0" m33="1"/>
		<transform name="Bip01 Ponytail21"
			m00="0.439147" m10="-0.708453" m20="-0.552489" m30="0.418066"
			m01="0.124234" m11="-0.561166" m21="0.818327" m31="0.348388"
			m02="-0.889784" m12="-0.428004" m22="-0.15842" m32="2.02718"
			m03="0" m13="0" m23="0" m33="1"/>
		<transform name="Bip01 Prop1"
			m00="0.903732" m10="-0.161913" m20="-0.396299" m30="0.153435"
			m01="-0.42613" m11="-0.251546" m21="-0.868987" m31="1.92932"
			m02="0.0410128" m12="0.954206" m22="-0.296326" m32="2.46025"
			m03="0" m13="0" m23="0" m33="1"/>
		<transform name="Bip01 Prop2"
			m00="0.519239" m10="0.363872" m20="0.773297" m30="-1.30455"
			m01="0.830211" m11="-1.04204e-005" m21="-0.557449" m31="0.462572"
			m02="-0.202832" m12="0.931449" m22="-0.302096" m32="2.56171"
			m03="0" m13="0" m23="0" m33="1"/>
		<transform name="Bip01 Prop3"
			m00="-0.500378" m10="-0.382636" m20="0.776667" m30="-2.16451"
			m01="-0.818834" m11="-0.0823145" m21="-0.568098" m31="-0.962441"
			m02="0.281306" m12="-0.920225" m22="-0.272127" m32="3.05191"
			m03="0" m13="0" m23="0" m33="1"/>
	</frame>
	<frame index="3">
		<transform name="Bip01 Spine"
			m00="-0.0430676" m10="0.863122" m20="-0.503155" m30="-0.148969"
			m01="0.163838" m11="0.502906" m21="0.848671" m31="-0.078706"
			m02="0.985547" m12="-0.0458859" m22="-0.163072" m32="1.24529"
			m03="0" m13="0" m23="0" m33="1"/>
		<transform name="Bip01 Pelvis"
			m00="6.50634e-007" m10="0.883112" m20="-0.469162" m30="-0.0620807"
			m01="-1.2247e-006" m11="0.469162" m21="0.883112" m31="-0.0325331"
			m02="1.0" m12="0.0" m22="1.3868e-006" m32="0.562171"
			m03="0" m13="0" m23="0" m33="1"/>
		<transform name="Bip01 Head"
			m00="-0.185668" m10="0.981214" m20="-0.0524102" m30="-0.167489"
			m01="0.275984" m11="0.103264" m21="0.955599" m31="0.152805"
			m02="0.943059" m12="0.16296" m22="-0.289972" m32="2.0273"
			m03="0" m13="0" m23="0" m33="1"/>
		<transform name="Bip01 Neck"
			m00="0.250729" m10="0.810998" m20="-0.5286" m30="-0.197201"
			m01="0.504083" m11="0.356796" m21="0.78651" m31="0.0930694"
			m02="0.82646" m12="-0.463659" m22="-0.319351" m32="1.92937"
			m03="0" m13="0" m23="0" m33="1"/>
		<transform name="Bip01 Spine1"
			m00="-0.0920075" m10="0.84387" m20="-0.5286" m30="-0.164486"
			m01="0.320904" m11="0.527657" m21="0.78651" m31="-0.0207348"
			m02="0.942632" m12="-0.0972651" m22="-0.31935" m32="1.59493"
			m03="0" m13="0" m23="0" m33="1"/>
		<transform name="Bip01 Tail"
			m00="-0.208912" m10="-0.462249" m20="-0.861789" m30="-0.395576"
			m01="-0.26113" m11="-0.822869" m21="0.504676" m31="-0.209501"
			m02="-0.942426" m12="0.330472" m22="0.0512002" m32="1.89646"
			m03="0" m13="0" m23="0" m33="1"/>
		<transform name="Bip01 Tail2"
			m00="-0.277848" m10="-0.764086" m20="-0.582213" m30="-0.553413"
			m01="-0.402962" m11="-0.45747" m21="0.792681" m31="-0.408605"
			m02="-0.872022" m12="0.454854" m22="-0.18079" m32="1.04629"
			m03="0" m13="0" m23="0" m33="1"/>
		<transform name="Bip01 L Thigh"
			m00="-0.103346" m10="0.620305" m20="0.777522" m30="-0.242242"
			m01="0.325164" m11="0.759826" m21="-0.562967" m31="0.306589"
			m02="-0.939994" m12="0.194642" m22="-0.280226" m32="0.562171"
			m03="0" m13="0" m23="0" m33="1"/>
		<transform name="Bip01 R Thigh"
			m00="0.645167" m10="0.762598" m20="-0.0469515" m30="0.118081"
			m01="-0.0104155" m11="-0.0526673" m21="-0.998558" m31="-0.371655"
			m02="-0.763971" m12="0.644725" m22="-0.0260363" m32="0.562171"
			m03="0" m13="0" m23="0" m33="1"/>
		<transform name="Bip01 Tail1"
			m00="-0.147703" m10="-0.837043" m20="-0.526823" m30="-0.488076"
			m01="-0.187875" m11="-0.499221" m21="0.845861" m31="-0.325315"
			m02="-0.971023" m12="0.223913" m22="-0.0835235" m32="1.47776"
			m03="0" m13="0" m23="0" m33="1"/>
		<transform name="Bip01 L Clavicle"
			m00="-0.528602" m10="-0.843795" m20="-0.0926795" m30="-0.299362"
			m01="0.786509" m11="-0.527915" m21="0.320484" m31="0.190708"
			m02="-0.31935" m12="0.0965153" m22="0.942709" m32="1.88609"
			m03="0" m13="0" m23="0" m33="1"/>
		<transform name="Bip01 L UpperArm"
			m00="-0.0460625" m10="-0.212065" m20="-0.976169" m30="-0.490915"
			m01="0.848332" m11="-0.524287" m21="0.0738671" m31="0.475721"
			m02="-0.527457" m12="-0.824713" m22="0.204052" m32="1.77036"
			m03="0" m13="0" m23="0" m33="1"/>
		<transform name="Bip01 L Forearm"
			m00="0.205862" m10="-0.0686618" m20="-0.976169" m30="-0.514372"
			m01="0.612709" m11="0.786849" m21="0.0738671" m31="0.90771"
			m02="0.763026" m12="-0.613314" m22="0.204052" m32="1.50177"
			m03="0" m13="0" m23="0" m33="1"/>
		<transform name="Bip01 L Hand"
			m00="-0.313113" m10="0.913405" m20="0.260099" m30="-0.420682"
			m01="-0.420214" m11="-0.378847" m21="0.824557" m31="1.18656"
			m02="0.851693" m12="0.148882" m22="0.502448" m32="1.84903"
			m03="0" m13="0" m23="0" m33="1"/>
		<transform name="Bip01 L Finger1"
			m00="0.628776" m10="0.669147" m20="0.396085" m30="-0.561753"
			m01="-0.504641" m11="-0.0363778" m21="0.862563" m31="0.997236"
			m02="0.59159" m12="-0.742239" m22="0.314805" m32="2.23276"
			m03="0" m13="0" m23="0" m33="1"/>
		<transform name="Bip01 L Finger0"
			m00="0.96567" m10="-0.00384407" m20="-0.259744" m30="-0.513937"
			m01="-0.25977" m11="-0.0108773" m21="-0.965609" m31="0.808553"
			m02="0.000886498" m12="0.999934" m22="-0.0115028" m32="1.85188"
			m03="0" m13="0" m23="0" m33="1"/>
		<transform name="Bip01 L Finger01"
			m00="0.410702" m10="-0.873989" m20="-0.259744" m30="-0.219499"
			m01="-0.121241" m11="0.229999" m21="-0.965609" m31="0.729348"
			m02="0.903673" m12="0.42807" m22="-0.0115028" m32="1.85215"
			m03="0" m13="0" m23="0" m33="1"/>
		<transform name="Bip01 L Finger11"
			m00="0.880938" m10="-0.258971" m20="0.396085" m30="-0.373166"
			m01="-0.260279" m11="0.433867" m21="0.862563" m31="0.845881"
			m02="-0.395227" m12="-0.862957" m22="0.314805" m32="2.41019"
			m03="0" m13="0" m23="0" m33="1"/>
		<transform name="Bip01 R Clavicle"
			m00="0.528602" m10="-0.843795" m20="0.0926794" m30="-0.146473"
			m01="-0.786509" m11="-0.527915" m21="-0.320484" m31="-0.0367767"
			m02="0.31935" m12="0.0965153" m22="-0.942709" m32="1.97846"
			m03="0" m13="0" m23="0" m33="1"/>
		<transform name="Bip01 R UpperArm"
			m00="0.348405" m10="-0.903418" m20="-0.249898" m30="0.0450805"
			m01="-0.877286" m11="-0.408175" m21="0.252512" m31="-0.321789"
			m02="-0.330126" m12="0.131255" m22="-0.934767" m32="2.09418"
			m03="0" m13="0" m23="0" m33="1"/>
		<transform name="Bip01 R Forearm"
			m00="0.945494" m10="-0.208786" m20="-0.249898" m30="0.222496"
			m01="-0.144529" m11="-0.956739" m21="0.252512" m31="-0.768523"
			m02="-0.291808" m12="-0.202631" m22="-0.934767" m32="1.92607"
			m03="0" m13="0" m23="0" m33="1"/>
		<transform name="Bip01 R Hand"
			m00="0.886926" m10="-0.357353" m20="0.292681" m30="0.652801"
			m01="-0.0876352" m11="0.49194" m21="0.866207" m31="-0.8343"
			m02="-0.453523" m12="-0.79391" m22="0.404998" m32="1.79327"
			m03="0" m13="0" m23="0" m33="1"/>
		<transform name="Bip01 R Finger1"
			m00="0.573528" m10="-0.765008" m20="0.292965" m30="1.0524"
			m01="0.180308" m11="0.466748" m21="0.865815" m31="-0.873783"
			m02="-0.799096" m12="-0.443745" m22="0.40563" m32="1.58894"
			m03="0" m13="0" m23="0" m33="1"/>
		<transform name="Bip01 R Finger0"
			m00="0.538448" m10="0.332934" m20="-0.774098" m30="0.898753"
			m01="0.802558" m11="-0.482631" m21="0.350668" m31="-0.53248"
			m02="-0.256854" m12="-0.810076" m22="-0.527071" m32="1.79596"
			m03="0" m13="0" m23="0" m33="1"/>
		<transform name="Bip01 R Finger01"
			m00="0.619331" m10="-0.131153" m20="-0.774098" m30="1.06293"
			m01="0.247001" m11="-0.903339" m21="0.350668" m31="-0.287775"
			m02="-0.745265" m12="-0.408384" m22="-0.527071" m32="1.71764"
			m03="0" m13="0" m23="0" m33="1"/>
		<transform name="Bip01 R Finger11"
			m00="0.0108479" m10="-0.956062" m20="0.292965" m30="1.22442"
			m01="0.421207" m11="0.27009" m21="0.865815" m31="-0.819704"
			m02="-0.9069" m12="0.114007" m22="0.40563" m32="1.34927"
			m03="0" m13="0" m23="0" m33="1"/>
		<transform name="Bip01 R Calf"
			m00="-0.451575" m10="0.890997" m20="-0.0469515" m30="0.291047"
			m01="0.0444678" m11="-0.0300823" m21="-0.998558" m31="-0.374448"
			m02="-0.891125" m12="-0.453011" m22="-0.0260363" m32="0.357354"
			m03="0" m13="0" m23="0" m33="1"/>
		<transform name="Bip01 R Foot"
			m00="7.20932e-006" m10="1.0" m20="2.15979e-006" m30="0.219222"
			m01="3.13423e-007" m11="2.13183e-006" m21="-1.0" m31="-0.367375"
			m02="-1.0" m12="7.21589e-006" m22="-2.8213e-007" m32="0.215618"
			m03="0" m13="0" m23="0" m33="1"/>
		<transform name="Bip01 R Toe0"
			m00="1.0" m10="-6.25565e-006" m20="2.10696e-006" m30="0.723901"
			m01="2.079e-006" m11="-2.55698e-007" m21="-1.0" m31="-0.367374"
			m02="6.26221e-006" m12="1.0" m22="-2.24407e-007" m32="0.0019632"
			m03="0" m13="0" m23="0" m33="1"/>
		<transform name="Bip01 L Foot"
			m00="1.03219e-006" m10="0.359455" m20="0.933162" m30="-0.365245"
