<?xml version="1.0" encoding="ISO-8859-1" standalone="yes"?>

<!DOCTYPE animation [
	<!ELEMENT animation  (frame+)>
	<!ELEMENT frame      (transform+)>
	<!ELEMENT transform   EMPTY>
	<!ATTLIST frame index CDATA #REQUIRED>
	<!ATTLIST transform name CDATA #REQUIRED>
	<!ATTLIST transform m00 CDATA #REQUIRED>
	<!ATTLIST transform m01 CDATA #REQUIRED>
	<!ATTLIST transform m02 CDATA #REQUIRED>
	<!ATTLIST transform m03 CDATA #REQUIRED>
	<!ATTLIST transform m10 CDATA #REQUIRED>
	<!ATTLIST transform m11 CDATA #REQUIRED>
	<!ATTLIST transform m12 CDATA #REQUIRED>
	<!ATTLIST transform m13 CDATA #REQUIRED>
	<!ATTLIST transform m20 CDATA #REQUIRED>
	<!ATTLIST transform m21 CDATA #REQUIRED>
	<!ATTLIST transform m22 CDATA #REQUIRED>
	<!ATTLIST transform m23 CDATA #REQUIRED>
	<!ATTLIST transform m30 CDATA #REQUIRED>
	<!ATTLIST transform m31 CDATA #REQUIRED>
	<!ATTLIST transform m32 CDATA #REQUIRED>
	<!ATTLIST transform m33 CDATA #REQUIRED>
]>

<animation>
	<frame index="0">
		<transform name="Bip01 Spine"
			m00="0.366169" m10="0.926295" m20="0.0888699" m30="-0.230403"
			m01="-0.0223146" m11="-0.0867346" m21="0.995981" m31="0.384121"
			m02="0.930281" m12="-0.366681" m22="-0.0110896" m32="1.33998"
			m03="0" m13="0" m23="0" m33="1"/>
		<transform name="Bip01 Pelvis"
			m00="0.456615" m10="0.840312" m20="0.292194" m30="-0.459613"
			m01="0.213065" m11="-0.422163" m21="0.881125" m31="0.19713"
			m02="0.863774" m12="-0.340079" m22="-0.371807" m32="0.716464"
			m03="0" m13="0" m23="0" m33="1"/>
		<transform name="Bip01 Head"
			m00="0.0724681" m10="0.925913" m20="0.37072" m30="0.0963223"
			m01="-0.116132" m11="-0.361335" m21="0.925176" m31="0.258324"
			m02="0.990587" m12="-0.110098" m22="0.0813429" m32="2.07546"
			m03="0" m13="0" m23="0" m33="1"/>
		<transform name="Bip01 Neck"
			m00="0.673748" m10="0.724117" m20="-0.14737" m30="0.0164811"
			m01="-0.158499" m11="0.336396" m21="0.928287" m31="0.277106"
			m02="0.721763" m12="-0.602073" m22="0.341417" m32="1.98993"
			m03="0" m13="0" m23="0" m33="1"/>
		<transform name="Bip01 Spine1"
			m00="0.330721" m10="0.932151" m20="-0.147369" m30="-0.100771"
			m01="-0.279071" m11="0.245771" m21="0.928286" m31="0.376136"
			m02="0.901522" m12="-0.265878" m22="0.341418" m32="1.67007"
			m03="0" m13="0" m23="0" m33="1"/>
		<transform name="Bip01 Tail"
			m00="-0.668412" m10="-0.713003" m20="-0.211782" m30="-0.167539"
			m01="-0.143152" m11="-0.156091" m21="0.977314" m31="0.641004"
			m02="-0.729886" m12="0.683566" m22="0.00226564" m32="1.99733"
			m03="0" m13="0" m23="0" m33="1"/>
		<transform name="Bip01 Tail2"
			m00="-0.528073" m10="-0.610734" m20="0.590037" m30="-0.663735"
			m01="0.175932" m11="0.601059" m21="0.7796" m31="0.594939"
			m02="-0.830775" m12="0.515492" m22="-0.209956" m32="1.27648"
			m03="0" m13="0" m23="0" m33="1"/>
		<transform name="Bip01 L Thigh"
			m00="0.243325" m10="0.946305" m20="0.212835" m30="-0.347408"
			m01="-0.238919" m11="0.271145" m21="-0.932415" m31="0.535488"
			m02="-0.940059" m12="0.17603" m22="0.292067" m32="0.573687"
			m03="0" m13="0" m23="0" m33="1"/>
		<transform name="Bip01 R Thigh"
			m00="-0.233926" m10="0.941118" m20="-0.244081" m30="-0.571818"
			m01="-0.324204" m11="-0.312184" m21="-0.892991" m31="-0.141229"
			m02="-0.916608" m12="-0.129761" m22="0.378142" m32="0.859242"
			m03="0" m13="0" m23="0" m33="1"/>
		<transform name="Bip01 Tail1"
			m00="-0.449753" m10="-0.742344" m20="0.496637" m30="-0.464177"
			m01="0.0403535" m11="0.538592" m21="0.8416" m31="0.577227"
			m02="-0.892241" m12="0.398553" m22="-0.212277" m32="1.67299"
			m03="0" m13="0" m23="0" m33="1"/>
		<transform name="Bip01 L Clavicle"
			m00="-0.147372" m10="-0.932414" m20="0.329979" m30="-0.0332651"
			m01="0.928286" m11="-0.245552" m21="-0.279267" m31="0.403878"
			m02="0.341419" m12="0.265159" m22="0.901734" m32="2.04735"
			m03="0" m13="0" m23="0" m33="1"/>
		<transform name="Bip01 L UpperArm"
			m00="0.512648" m10="-0.514702" m20="-0.687221" m30="-0.0866693"
			m01="0.446583" m11="-0.523765" m21="0.725419" m31="0.740267"
			m02="-0.733318" m12="-0.678787" m22="-0.0386498" m32="2.17108"
			m03="0" m13="0" m23="0" m33="1"/>
		<transform name="Bip01 L Forearm"
			m00="0.438618" m10="0.579086" m20="-0.687221" m30="0.174383"
			m01="0.456757" m11="0.514917" m21="0.725419" m31="0.967677"
			m02="0.773943" m12="-0.632075" m22="-0.0386498" m32="1.79766"
			m03="0" m13="0" m23="0" m33="1"/>
		<transform name="Bip01 L Hand"
			m00="-0.766603" m10="0.385973" m20="0.513171" m30="0.374003"
			m01="0.135351" m11="-0.684095" m21="0.716725" m31="1.17555"
			m02="0.627694" m12="0.618902" m22="0.472187" m32="2.14989"
			m03="0" m13="0" m23="0" m33="1"/>
		<transform name="Bip01 L Finger1"
			m00="-0.0455012" m10="0.71463" m20="0.698021" m30="0.0286141"
			m01="-0.481657" m11="-0.627854" m21="0.611396" m31="1.23653"
			m02="0.875178" m12="-0.308388" m22="0.372775" m32="2.43269"
			m03="0" m13="0" m23="0" m33="1"/>
		<transform name="Bip01 L Finger0"
			m00="0.545217" m10="-0.346888" m20="-0.763156" m30="0.0788846"
			m01="-0.670047" m11="0.36674" m21="-0.645398" m31="0.921594"
			m02="0.50376" m12="0.863233" m22="-0.0324794" m32="2.14767"
			m03="0" m13="0" m23="0" m33="1"/>
		<transform name="Bip01 L Finger01"
			m00="-0.0795193" m10="-0.641303" m20="-0.763156" m30="0.245125"
			m01="0.0439129" m11="0.762583" m21="-0.645398" m31="0.717292"
			m02="0.995866" m12="-0.0848336" m22="-0.0324794" m32="2.30127"
			m03="0" m13="0" m23="0" m33="1"/>
		<transform name="Bip01 L Finger11"
			m00="0.617122" m10="0.363219" m20="0.698021" m30="0.0149671"
			m01="-0.777676" m11="0.146339" m21="0.611396" m31="1.09207"
			m02="0.119923" m12="-0.92014" m22="0.372775" m32="2.69518"
			m03="0" m13="0" m23="0" m33="1"/>
		<transform name="Bip01 R Clavicle"
			m00="0.147372" m10="-0.932414" m20="-0.329979" m30="0.00935996"
			m01="-0.928286" m11="-0.245552" m21="0.279267" m31="0.135386"
			m02="-0.341419" m12="0.265159" m22="-0.901734" m32="1.9486"
			m03="0" m13="0" m23="0" m33="1"/>
		<transform name="Bip01 R UpperArm"
			m00="0.273354" m10="-0.961306" m20="0.0341681" m30="0.0627642"
			m01="-0.767709" m11="-0.196626" m21="0.609886" m31="-0.201003"
			m02="-0.579569" m12="-0.192946" m22="-0.791752" m32="1.82488"
			m03="0" m13="0" m23="0" m33="1"/>
		<transform name="Bip01 R Forearm"
			m00="0.958508" m10="0.283011" m20="0.0341681" m30="0.201962"
			m01="0.204339" m11="-0.765692" m21="0.609886" m31="-0.591938"
			m02="0.198767" m12="-0.577599" m22="-0.791752" m32="1.52975"
			m03="0" m13="0" m23="0" m33="1"/>
		<transform name="Bip01 R Hand"
			m00="0.957083" m10="0.0571317" m20="-0.284128" m30="0.63819"
			m01="0.17954" m11="0.652713" m21="0.736024" m31="-0.498941"
			m02="0.227504" m12="-0.755448" m22="0.614442" m32="1.62021"
			m03="0" m13="0" m23="0" m33="1"/>
		<transform name="Bip01 R Finger1"
			m00="0.446393" m10="-0.868866" m20="-0.214024" m30="1.0694"
			m01="0.686423" m11="0.179046" m21="0.704816" m31="-0.41805"
			m02="-0.57407" m12="-0.461536" m22="0.676334" m32="1.72271"
			m03="0" m13="0" m23="0" m33="1"/>
		<transform name="Bip01 R Finger0"
			m00="0.10092" m10="0.73057" m20="-0.67534" m30="0.728783"
			m01="0.702553" m11="-0.532962" m21="-0.471562" m31="-0.180383"
			m02="-0.704439" m12="-0.426872" m22="-0.567051" m32="1.82493"
			m03="0" m13="0" m23="0" m33="1"/>
		<transform name="Bip01 R Finger01"
			m00="0.587823" m10="0.4454" m20="-0.67534" m30="0.759554"
			m01="0.120171" m11="-0.873606" m21="-0.471562" m31="0.03383"
			m02="-0.800014" m12="0.196038" m22="-0.567051" m32="1.61014"
			m03="0" m13="0" m23="0" m33="1"/>
		<transform name="Bip01 R Finger11"
			m00="-0.665435" m10="-0.715115" m20="-0.214024" m30="1.20328"
			m01="0.401677" m11="-0.584714" m21="0.704816" m31="-0.212174"
			m02="-0.629168" m12="0.383041" m22="0.676334" m32="1.55054"
			m03="0" m13="0" m23="0" m33="1"/>
		<transform name="Bip01 R Calf"
			m00="-0.613281" m10="0.751206" m20="-0.244081" m30="-0.634532"
			m01="-0.159918" m11="-0.420706" m21="-0.892991" m31="-0.228147"
			m02="-0.773507" m12="-0.508621" m22="0.378142" m32="0.613504"
			m03="0" m13="0" m23="0" m33="1"/>
		<transform name="Bip01 R Foot"
			m00="-0.307377" m10="0.817046" m20="-0.487806" m30="-0.732077"
			m01="-0.165743" m11="-0.550755" m21="-0.818045" m31="-0.253582"
			m02="-0.937043" m12="-0.170598" m22="0.304709" m32="0.490474"
			m03="0" m13="0" m23="0" m33="1"/>
		<transform name="Bip01 R Toe0"
			m00="0.775906" m10="0.400019" m20="-0.487806" m30="-0.385406"
			m01="-0.566256" m11="0.10078" m21="-0.818045" m31="-0.566948"
			m02="-0.278073" m12="0.910949" m22="0.304709" m32="0.204171"
			m03="0" m13="0" m23="0" m33="1"/>
		<transform name="Bip01 L Foot"
			m00="1.4285e-005" m10="1.0" m20="-1.35297e-007" m30="-0.38933"
			m01="0.0" m11="0.0" m21="-1.0" m31="0.414726"
			m02="-1.0" m12="1.42892e-005" m22="0.0" m32="0.218706"
			m03="0" m13="0" m23="0" m33="1"/>
		<transform name="Bip01 L Calf"
			m00="-0.673709" m10="0.707684" m20="0.212835" m30="-0.282174"
			m01="-0.35654" m11="-0.0590004" m21="-0.932415" m31="0.471435"
			m02="-0.647298" m12="-0.704061" m22="0.292067" m32="0.321662"
			m03="0" m13="0" m23="0" m33="1"/>
		<transform name="Bip01 L Toe0"
			m00="1.0" m10="-1.37497e-005" m20="-1.35297e-007" m30="0.11535"
			m01="0.0" m11="0.0" m21="-1.0" m31="0.414726"
			m02="1.37539e-005" m12="1.0" m22="0.0" m32="0.00505541"
			m03="0" m13="0" m23="0" m33="1"/>
		<transform name="Bip01 Ponytail1"
			m00="0.856974" m10="-0.358" m20="0.370716" m30="0.412281"
			m01="-0.306994" m11="0.223163" m21="0.925177" m31="0.0949452"
			m02="-0.413944" m12="-0.906661" m22="0.0813407" m32="2.49371"
			m03="0" m13="0" m23="0" m33="1"/>
		<transform name="Bip01 Ponytail2"
			m00="0.313097" m10="-0.841162" m20="0.440927" m30="0.453882"
			m01="-0.244657" m11="0.377163" m21="0.893247" m31="0.10941"
			m02="-0.917667" m12="-0.387549" m22="-0.0877074" m32="2.13958"
			m03="0" m13="0" m23="0" m33="1"/>
		<transform name="Bip01 Ponytail21"
			m00="0.0183209" m10="-0.889063" m20="0.457419" m30="0.551545"
			m01="-0.30855" m11="0.430138" m21="0.848397" m31="0.0331603"
			m02="-0.951032" m12="-0.15668" m22="-0.26644" m32="1.85402"
			m03="0" m13="0" m23="0" m33="1"/>
		<transform name="Bip01 Prop1"
			m00="0.387042" m10="-0.590391" m20="-0.708263" m30="1.02858"
			m01="-0.757246" m11="0.234745" m21="-0.609487" m31="1.71767"
			m02="0.526096" m12="0.772226" m22="-0.356215" m32="2.88019"
			m03="0" m13="0" m23="0" m33="1"/>
		<transform name="Bip01 Prop2"
			m00="0.942814" m10="-0.050275" m20="0.329506" m30="-0.942911"
			m01="0.333157" m11="0.172974" m21="-0.926869" m31="1.29306"
			m02="-0.0103979" m12="0.983642" m22="0.179832" m32="2.41084"
			m03="0" m13="0" m23="0" m33="1"/>
		<transform name="Bip01 Prop3"
			m00="-0.948798" m10="-0.016455" m20="0.315456" m30="-2.58645"
			m01="-0.303887" m11="-0.225066" m21="-0.925742" m31="0.759234"
			m02="0.0862314" m12="-0.974205" m22="0.208541" m32="2.5668"
			m03="0" m13="0" m23="0" m33="1"/>
	</frame>
	<frame index="1">
		<transform name="Bip01 Spine"
			m00="0.431652" m10="0.902039" m20="-0.00162491" m30="-0.229829"
			m01="0.022191" m11="-0.0088182" m21="0.999715" m31="0.392848"
			m02="0.901767" m12="-0.431565" m22="-0.0238236" m32="1.34996"
			m03="0" m13="0" m23="0" m33="1"/>
		<transform name="Bip01 Pelvis"
			m00="0.490058" m10="0.861777" m20="0.131088" m30="-0.479785"
			m01="0.274202" m11="-0.295152" m21="0.915259" m31="0.176577"
			m02="0.827439" m12="-0.412585" m22="-0.380943" m32="0.744129"
			m03="0" m13="0" m23="0" m33="1"/>
		<transform name="Bip01 Head"
			m00="0.109673" m10="0.94253" m20="0.315609" m30="0.155255"
			m01="-0.120081" m11="-0.302635" m21="0.945512" m31="0.299619"
			m02="0.986688" m12="-0.141596" m22="0.0799888" m32="2.06103"
			m03="0" m13="0" m23="0" m33="1"/>
		<transform name="Bip01 Neck"
			m00="0.733387" m10="0.662858" m20="-0.150871" m30="0.0683464"
			m01="-0.118531" m11="0.343215" m21="0.931748" m31="0.313665"
			m02="0.669398" m12="-0.665449" m22="0.330279" m32="1.9817"
			m03="0" m13="0" m23="0" m33="1"/>
		<transform name="Bip01 Spine1"
			m00="0.409785" m10="0.899619" m20="-0.15087" m30="-0.0769587"
			m01="-0.2451" m11="0.267904" m21="0.931747" m31="0.400645"
			m02="0.878636" m12="-0.344838" m22="0.33028" m32="1.66995"
			m03="0" m13="0" m23="0" m33="1"/>
		<transform name="Bip01 Tail"
			m00="-0.710359" m10="-0.650611" m20="-0.268505" m30="-0.151217"
			m01="-0.188829" m11="-0.191335" m21="0.96319" m31="0.654058"
			m02="-0.678036" m12="0.734912" m22="0.0130617" m32="2.00389"
			m03="0" m13="0" m23="0" m33="1"/>
		<transform name="Bip01 Tail2"
			m00="-0.603756" m10="-0.627171" m20="0.492071" m30="-0.697086"
			m01="0.120989" m11="0.53803" m21="0.834197" m31="0.566754"
			m02="-0.787934" m12="0.563187" m22="-0.248959" m32="1.32286"
			m03="0" m13="0" m23="0" m33="1"/>
		<transform name="Bip01 L Thigh"
			m00="0.282307" m10="0.924207" m20="0.257185" m30="-0.429446"
			m01="-0.197128" m11="0.318255" m21="-0.927283" m31="0.528043"
			m02="-0.938852" m12="0.21108" m22="0.272033" m32="0.597844"
			m03="0" m13="0" m23="0" m33="1"/>
		<transform name="Bip01 R Thigh"
			m00="-0.144019" m10="0.983776" m20="-0.106972" m30="-0.530124"
			m01="-0.338114" m11="-0.150513" m21="-0.928991" m31="-0.174889"
			m02="-0.93002" m12="-0.0976237" m22="0.354305" m32="0.890415"
			m03="0" m13="0" m23="0" m33="1"/>
		<transform name="Bip01 Tail1"
			m00="-0.519662" m10="-0.759495" m20="0.391305" m30="-0.466481"
			m01="-0.00692226" m11="0.46173" m21="0.886993" m31="0.570019"
			m02="-0.854344" m12="0.458228" m22="-0.245201" m32="1.70255"
			m03="0" m13="0" m23="0" m33="1"/>
		<transform name="Bip01 L Clavicle"
			m00="-0.150873" m10="-0.899944" m20="0.409069" m30="0.0190807"
			m01="0.931747" m11="-0.267711" m21="-0.245313" m31="0.440261"
			m02="0.330281" m12="0.344138" m22="0.878911" m32="2.03992"
			m03="0" m13="0" m23="0" m33="1"/>
		<transform name="Bip01 L UpperArm"
			m00="0.436448" m10="-0.500176" m20="-0.747888" m30="-0.0355922"
			m01="0.47518" m11="-0.577712" m21="0.663667" m31="0.777904"
			m02="-0.764014" m12="-0.645037" m22="-0.0144673" m32="2.15961"
			m03="0" m13="0" m23="0" m33="1"/>
		<transform name="Bip01 L Forearm"
			m00="0.438508" m10="0.498371" m20="-0.747888" m30="0.186657"
			m01="0.510283" m11="0.546952" m21="0.663667" m31="1.01988"
			m02="0.739812" m12="-0.672658" m22="-0.0144673" m32="1.77056"
			m03="0" m13="0" m23="0" m33="1"/>
		<transform name="Bip01 L Hand"
			m00="-0.731554" m10="0.480728" m20="0.483455" m30="0.386227"
			m01="0.083143" m11="-0.640907" m21="0.763103" m31="1.25211"
			m02="0.676695" m12="0.598447" m22="0.428889" m32="2.10725"
			m03="0" m13="0" m23="0" m33="1"/>
		<transform name="Bip01 L Finger1"
			m00="0.0522442" m10="0.741218" m20="0.669229" m30="0.056629"
			m01="-0.469818" m11="-0.573106" m21="0.671432" m31="1.28957"
			m02="0.881216" m12="-0.349494" m22="0.318296" m32="2.41213"
			m03="0" m13="0" m23="0" m33="1"/>
		<transform name="Bip01 L Finger0"
			m00="0.630277" m10="-0.317307" m20="-0.708567" m30="0.113264"
			m01="-0.615914" m11="0.35127" m21="-0.705165" m31="0.975219"
			m02="0.472652" m12="0.880867" m22="0.025963" m32="2.12766"
			m03="0" m13="0" m23="0" m33="1"/>
		<transform name="Bip01 L Finger01"
			m00="-0.016315" m10="-0.705455" m20="-0.708567" m30="0.305439"
			m01="0.053156" m11="0.707047" m21="-0.705165" m31="0.787423"
			m02="0.998453" m12="-0.0491688" m22="0.025963" m32="2.27177"
			m03="0" m13="0" m23="0" m33="1"/>
		<transform name="Bip01 L Finger11"
			m00="0.684973" m10="0.288003" m20="0.669229" m30="0.0722985"
			m01="-0.723479" m11="0.160491" m21="0.671432" m31="1.14866"
			m02="0.0859694" m12="-0.944085" m22="0.318296" m32="2.67643"
			m03="0" m13="0" m23="0" m33="1"/>
		<transform name="Bip01 R Clavicle"
			m00="0.150873" m10="-0.899944" m20="-0.409069" m30="0.0627183"
			m01="-0.931747" m11="-0.267711" m21="0.245313" m31="0.170768"
			m02="-0.330281" m12="0.344138" m22="-0.878911" m32="1.9444"
			m03="0" m13="0" m23="0" m33="1"/>
		<transform name="Bip01 R UpperArm"
			m00="0.237134" m10="-0.967708" m20="-0.0854937" m30="0.117391"
			m01="-0.759584" m11="-0.239556" m21="0.604685" m31="-0.166876"
			m02="-0.605639" m12="-0.078452" m22="-0.791863" m32="1.82471"
			m03="0" m13="0" m23="0" m33="1"/>
		<transform name="Bip01 R Forearm"
			m00="0.968832" m10="0.2325" m20="-0.0854937" m30="0.238145"
			m01="0.235918" m11="-0.760722" m21="0.604685" m31="-0.553673"
			m02="0.075552" m12="-0.606008" m22="-0.791863" m32="1.5163"
			m03="0" m13="0" m23="0" m33="1"/>
		<transform name="Bip01 R Hand"
			m00="0.971837" m10="-0.0595978" m20="-0.227993" m30="0.679071"
			m01="0.211303" m11="0.648701" m21="0.731121" m31="-0.446304"
			m02="0.104326" m12="-0.758706" m22="0.643025" m32="1.55069"
			m03="0" m13="0" m23="0" m33="1"/>
		<transform name="Bip01 R Finger1"
			m00="0.373367" m10="-0.914965" m20="-0.153094" m30="1.11693"
			m01="0.687924" m11="0.162357" m21="0.70739" m31="-0.351103"
			m02="-0.622381" m12="-0.369433" m22="0.690045" m32="1.59769"
			m03="0" m13="0" m23="0" m33="1"/>
		<transform name="Bip01 R Finger0"
			m00="0.0122132" m10="0.689904" m20="-0.723798" m30="0.784429"
			m01="0.73247" m11="-0.498928" m21="-0.463204" m31="-0.123571"
			m02="-0.680689" m12="-0.524504" m22="-0.511428" m32="1.74131"
			m03="0" m13="0" m23="0" m33="1"/>
		<transform name="Bip01 R Finger01"
			m00="0.487461" m10="0.488363" m20="-0.723798" m30="0.788153"
			m01="0.181328" m11="-0.867503" m21="-0.463204" m31="0.099764"
			m02="-0.854109" m12="0.0945484" m22="-0.511428" m32="1.53377"
			m03="0" m13="0" m23="0" m33="1"/>
		<transform name="Bip01 R Finger11"
			m00="-0.716043" m10="-0.681062" m20="-0.153094" m30="1.22891"
			m01="0.401836" m11="-0.581487" m21="0.70739" m31="-0.144776"
			m02="-0.570798" m12="0.445003" m22="0.690045" m32="1.41102"
			m03="0" m13="0" m23="0" m33="1"/>
		<transform name="Bip01 R Calf"
			m00="-0.464516" m10="0.87908" m20="-0.106972" m30="-0.568735"
			m01="-0.268371" m11="-0.254857" m21="-0.928991" m31="-0.265536"
			m02="-0.84392" m12="-0.402823" m22="0.354305" m32="0.641081"
			m03="0" m13="0" m23="0" m33="1"/>
		<transform name="Bip01 R Foot"
			m00="-0.209414" m10="0.906007" m20="-0.367829" m30="-0.642618"
			m01="-0.241841" m11="-0.412472" m21="-0.878282" m31="-0.308222"
			m02="-0.947449" m12="-0.0949685" m22="0.305487" m32="0.506853"
			m03="0" m13="0" m23="0" m33="1"/>
		<transform name="Bip01 R Toe0"
			m00="0.87657" m10="0.310366" m20="-0.367829" m30="-0.230121"
			m01="-0.437139" m11="0.193725" m21="-0.878282" m31="-0.568058"
			m02="-0.201332" m12="0.930668" m22="0.305487" m32="0.256494"
			m03="0" m13="0" m23="0" m33="1"/>
		<transform name="Bip01 L Foot"
			m00="-0.0474425" m10="0.998873" m20="-0.0015725" m30="-0.458623"
			m01="-0.000675192" m11="-0.00160631" m21="-0.999999" m31="0.415679"
			m02="-0.998874" m12="-0.0474414" m22="0.000750659" m32="0.242411"
			m03="0" m13="0" m23="0" m33="1"/>
		<transform name="Bip01 L Calf"
			m00="-0.659287" m10="0.706539" m20="0.257185" m30="-0.353761"
			m01="-0.37418" m11="-0.0116182" m21="-0.927283" m31="0.475194"
			m02="-0.652174" m12="-0.707579" m22="0.272033" m32="0.346142"
			m03="0" m13="0" m23="0" m33="1"/>
		<transform name="Bip01 L Toe0"
			m00="1.0" m10="-1.27025e-005" m20="0.0" m30="0.0353484"
			m01="0.0" m11="0.0" m21="-1.0" m31="0.414724"
			m02="1.27012e-005" m12="1.0" m22="0.0" m32="0.00505132"
			m03="0" m13="0" m23="0" m33="1"/>
		<transform name="Bip01 Ponytail1"
			m00="0.895221" m10="-0.3146" m20="0.315606" m30="0.493246"
			m01="-0.268748" m11="0.183792" m21="0.945513" m31="0.152379"
			m02="-0.355464" m12="-0.931261" m22="0.0799866" m32="2.46788"
			m03="0" m13="0" m23="0" m33="1"/>
		<transform name="Bip01 Ponytail2"
			m00="0.29797" m10="-0.878626" m20="0.373136" m30="0.523064"
			m01="-0.204229" m11="0.323164" m21="0.924043" m31="0.172463"
			m02="-0.932472" m12="-0.351542" m22="-0.0831484" m32="2.11283"
			m03="0" m13="0" m23="0" m33="1"/>
		<transform name="Bip01 Ponytail21"
			m00="-0.0133968" m10="-0.926255" m20="0.37666" m30="0.616029"
			m01="-0.269165" m11="0.36613" m21="0.890785" m31="0.108811"
			m02="-0.963001" m12="-0.0894503" m22="-0.254221" m32="1.82265"
			m03="0" m13="0" m23="0" m33="1"/>
		<transform name="Bip01 Prop1"
			m00="0.481562" m10="-0.55478" m20="-0.678466" m30="1.0417"
			m01="-0.715197" m11="0.198677" m21="-0.67009" m31="1.85667"
			m02="0.506549" m12="0.807927" m22="-0.301102" m32="2.7859"
			m03="0" m13="0" m23="0" m33="1"/>
		<transform name="Bip01 Prop2"
			m00="0.909782" m10="0.00145049" m20="0.415084" m30="-0.915564"
			m01="0.407759" m11="0.183943" m21="-0.89437" m31="1.26736"
			m02="-0.0776488" m12="0.982936" m22="0.166756" m32="2.4555"
			m03="0" m13="0" m23="0" m33="1"/>
		<transform name="Bip01 Prop3"
			m00="-0.913063" m10="-0.0629428" m20="0.402932" m30="-2.49616"
			m01="-0.377866" m11="-0.24108" m21="-0.893923" m31="0.605514"
			m02="0.153405" m12="-0.968462" m22="0.196337" m32="2.72788"
			m03="0" m13="0" m23="0" m33="1"/>
	</frame>
	<frame index="2">
		<transform name="Bip01 Spine"
			m00="0.484574" m10="0.870496" m20="-0.0861683" m30="-0.225086"
			m01="0.0786345" m11="0.0547591" m21="0.995398" m31="0.402708"
			m02="0.871209" m12="-0.48912" m22="-0.0419161" m32="1.35728"
			m03="0" m13="0" m23="0" m33="1"/>
		<transform name="Bip01 Pelvis"
			m00="0.508403" m10="0.860261" m20="-0.0384399" m30="-0.487731"
			m01="0.342363" m11="-0.160969" m21="0.925676" m31="0.153059"
			m02="0.790136" m12="-0.483777" m22="-0.376358" m32="0.769928"
			m03="0" m13="0" m23="0" m33="1"/>
		<transform name="Bip01 Head"
			m00="0.155093" m10="0.956481" m20="0.247163" m30="0.20707"
			m01="-0.114708" m11="-0.231063" m21="0.966153" m31="0.351033"
			m02="0.981218" m12="-0.178195" m22="0.0738801" m32="2.04446"
			m03="0" m13="0" m23="0" m33="1"/>
		<transform name="Bip01 Neck"
			m00="0.780212" m10="0.609692" m20="-0.139804" m30="0.114612"
			m01="-0.0783673" m11="0.317017" m21="0.945176" m31="0.36032"
			m02="0.620587" m12="-0.726482" m22="0.295121" m32="1.97092"
			m03="0" m13="0" m23="0" m33="1"/>
		<transform name="Bip01 Spine1"
			m00="0.473875" m10="0.869424" m20="-0.139804" m30="-0.0534332"
			m01="-0.197835" m11="0.259814" m21="0.945176" m31="0.43053"
			m02="0.858082" m12="-0.420237" m22="0.295121" m32="1.66645"
			m03="0" m13="0" m23="0" m33="1"/>
		<transform name="Bip01 Tail"
			m00="-0.743144" m10="-0.582827" m20="-0.32871" m30="-0.134135"
			m01="-0.245208" m11="-0.219869" m21="0.944209" m31="0.670806"
			m02="-0.622584" m12="0.782285" m22="0.0204809" m32="2.00679"
			m03="0" m13="0" m23="0" m33="1"/>
		<transform name="Bip01 Tail2"
			m00="-0.671029" m10="-0.636338" m20="0.380518" m30="-0.722037"
			m01="0.0519863" m11="0.471577" m21="0.880291" m31="0.531542"
			m02="-0.739607" m12="0.610483" m22="-0.283361" m32="1.36974"
			m03="0" m13="0" m23="0" m33="1"/>
		<transform name="Bip01 L Thigh"
			m00="0.378301" m10="0.902758" m20="0.204735" m30="-0.502492"
			m01="-0.167957" m11="0.28444" m21="-0.943867" m31="0.508526"
			m02="-0.910318" m12="0.322679" m22="0.259228" m32="0.625403"
			m03="0" m13="0" m23="0" m33="1"/>
		<transform name="Bip01 R Thigh"
			m00="-0.053783" m10="0.997789" m20="0.0390514" m30="-0.47297"
			m01="-0.320007" m11="0.0198227" m21="-0.947208" m31="-0.202408"
			m02="-0.945887" m12="-0.0634404" m22="0.318233" m32="0.914454"
			m03="0" m13="0" m23="0" m33="1"/>
		<transform name="Bip01 Tail1"
			m00="-0.581518" m10="-0.766226" m20="0.273377" m30="-0.463959"
			m01="-0.0676396" m11="0.380411" m21="0.922341" m31="0.561753"
			m02="-0.810717" m12="0.517867" m22="-0.273043" m32="1.73006"
			m03="0" m13="0" m23="0" m33="1"/>
		<transform name="Bip01 L Clavicle"
			m00="-0.139806" m10="-0.869801" m20="0.473182" m30="0.0678632"
			m01="0.945176" m11="-0.259659" m21="-0.198042" m31="0.489101"
			m02="0.295123" m12="0.419553" m22="0.858416" m32="2.02635"
			m03="0" m13="0" m23="0" m33="1"/>
		<transform name="Bip01 L UpperArm"
			m00="0.353972" m10="-0.47961" m20="-0.802919" m30="0.0172007"
			m01="0.495028" m11="-0.632306" m21="0.595933" m31="0.831611"
			m02="-0.793506" m12="-0.60841" m22="0.0136016" m32="2.1333"
			m03="0" m13="0" m23="0" m33="1"/>
		<transform name="Bip01 L Forearm"
			m00="0.432025" m10="0.410701" m20="-0.802919" m30="0.197451"
			m01="0.566056" m11="0.5696" m21="0.595933" m31="1.08369"
			m02="0.702093" m12="-0.711955" m22="0.0136016" m32="1.72923"
			m03="0" m13="0" m23="0" m33="1"/>
		<transform name="Bip01 L Hand"
			m00="-0.685196" m10="0.571444" m20="0.451616" m30="0.39407"
			m01="0.0442938" m11="-0.586207" m21="0.808949" m31="1.34131"
			m02="0.72701" m12="0.574293" m22="0.376356" m32="2.04876"
			m03="0" m13="0" m23="0" m33="1"/>
		<transform name="Bip01 L Finger1"
			m00="0.152317" m10="0.756867" m20="0.635573" m30="0.085359"
			m01="-0.441243" m11="-0.523353" m21="0.728976" m31="1.36126"
			m02="0.884367" m12="-0.391477" m22="0.254246" m32="2.37631"
			m03="0" m13="0" m23="0" m33="1"/>
		<transform name="Bip01 L Finger0"
			m00="0.709119" m10="-0.279678" m20="-0.647249" m30="0.14589"
			m01="-0.553084" m11="0.348714" m21="-0.756635" m31="1.04488"
			m02="0.437318" m12="0.894527" m22="0.0925942" m32="2.0949"
			m03="0" m13="0" m23="0" m33="1"/>
		<transform name="Bip01 L Finger01"
			m00="0.0514931" m10="-0.760538" m20="-0.647249" m30="0.362105"
			m01="0.0777947" m11="0.649193" m21="-0.756635" m31="0.876238"
			m02="0.995639" m12="-0.0113906" m22="0.0925942" m32="2.22825"
			m03="0" m13="0" m23="0" m33="1"/>
		<transform name="Bip01 L Finger11"
			m00="0.744114" m10="0.205773" m20="0.635573" m30="0.131043"
			m01="-0.666185" m11="0.157454" m21="0.728976" m31="1.22892"
			m02="0.0499306" m12="-0.96585" m22="0.254246" m32="2.64155"
			m03="0" m13="0" m23="0" m33="1"/>
		<transform name="Bip01 R Clavicle"
			m00="0.139806" m10="-0.869801" m20="-0.473182" m30="0.1083"
			m01="-0.945176" m11="-0.259659" m21="0.198042" m31="0.215724"
			m02="-0.295123" m12="0.419553" m22="-0.858416" m32="1.94099"
			m03="0" m13="0" m23="0" m33="1"/>
		<transform name="Bip01 R UpperArm"
			m00="0.165343" m10="-0.967224" m20="-0.192716" m30="0.158962"
			m01="-0.776043" m11="-0.248183" m21="0.579795" m31="-0.126786"
			m02="-0.608621" m12="0.0536912" m22="-0.791643" m32="1.83405"
			m03="0" m13="0" m23="0" m33="1"/>
		<transform name="Bip01 R Forearm"
			m00="0.971117" m10="0.140687" m20="-0.192716" m30="0.243159"
			m01="0.228363" m11="-0.782105" m21="0.579795" m31="-0.521964"
			m02="-0.0691548" m12="-0.607058" m22="-0.791643" m32="1.52412"
			m03="0" m13="0" m23="0" m33="1"/>
		<transform name="Bip01 R Hand"
			m00="0.978005" m10="-0.162224" m20="-0.131112" m30="0.685125"
			m01="0.204656" m11="0.624905" m21="0.753399" m31="-0.418034"
			m02="-0.0402865" m12="-0.76366" m22="0.64436" m32="1.49265"
			m03="0" m13="0" m23="0" m33="1"/>
		<transform name="Bip01 R Finger1"
			m00="0.32236" m10="-0.944955" m20="-0.0560769" m30="1.12576"
			m01="0.651725" m11="0.178584" m21="0.737131" m31="-0.325827"
			m02="-0.686541" m12="-0.274169" m22="0.673419" m32="1.4745"
			m03="0" m13="0" m23="0" m33="1"/>
		<transform name="Bip01 R Finger0"
			m00="-0.039195" m10="0.608304" m20="-0.792736" m30="0.818066"
			m01="0.754371" m11="-0.502247" m21="-0.422696" m31="-0.0905048"
			m02="-0.655276" m12="-0.614585" m22="-0.439202" m32="1.65589"
			m03="0" m13="0" m23="0" m33="1"/>
		<transform name="Bip01 R Finger01"
			m00="0.381471" m10="0.475447" m20="-0.792736" m30="0.806116"
			m01="0.217969" m11="-0.879669" m21="-0.422696" m31="0.139508"
			m02="-0.898315" m12="-0.0115466" m22="-0.439202" m32="1.45609"
			m03="0" m13="0" m23="0" m33="1"/>
		<transform name="Bip01 R Finger11"
			m00="-0.737886" m10="-0.672592" m20="-0.0560769" m30="1.22244"
			m01="0.423768" m11="-0.526363" m21="0.737131" m31="-0.130358"
			m02="-0.525306" m12="0.520155" m22="0.673419" m32="1.26859"
			m03="0" m13="0" m23="0" m33="1"/>
		<transform name="Bip01 R Calf"
			m00="-0.291161" m10="0.955877" m20="0.0390514" m30="-0.487389"
			m01="-0.315443" m11="-0.057387" m21="-0.947208" m31="-0.2882"
			m02="-0.903173" m12="-0.288109" m22="0.318233" m32="0.660866"
			m03="0" m13="0" m23="0" m33="1"/>
		<transform name="Bip01 R Foot"
			m00="-0.0935875" m10="0.967724" m20="-0.23399" m30="-0.533699"
			m01="-0.280016" m11="-0.251119" m21="-0.926569" m31="-0.338372"
			m02="-0.955423" m12="-0.0211942" m22="0.29448" m32="0.517213"
			m03="0" m13="0" m23="0" m33="1"/>
		<transform name="Bip01 R Toe0"
			m00="0.951689" m10="0.198838" m20="-0.23399" m30="-0.0653067"
			m01="-0.280231" m11="0.25088" m21="-0.926569" m31="-0.524934"
			m02="-0.125534" m12="0.947377" m22="0.29448" m32="0.302383"
			m03="0" m13="0" m23="0" m33="1"/>
		<transform name="Bip01 L Foot"
			m00="-0.134014" m10="0.99097" m20="0.00439136" m30="-0.516137"
			m01="0.00203677" m11="0.00470678" m21="-0.999987" m31="0.411915"
			m02="-0.990977" m12="-0.134003" m22="-0.00264919" m32="0.284412"
			m03="0" m13="0" m23="0" m33="1"/>
		<transform name="Bip01 L Calf"
			m00="-0.72344" m10="0.659332" m20="0.204735" m30="-0.401071"
			m01="-0.324311" m11="-0.0627554" m21="-0.943867" m31="0.463498"
			m02="-0.609473" m12="-0.749228" m22="0.259228" m32="0.381351"
			m03="0" m13="0" m23="0" m33="1"/>
		<transform name="Bip01 L Toe0"
			m00="1.0" m10="-1.01596e-005" m20="-1.74357e-007" m30="-0.0446506"
			m01="-1.51461e-007" m11="0.0" m21="-1.0" m31="0.414725"
			m02="1.01867e-005" m12="1.0" m22="0.0" m32="0.00505371"
			m03="0" m13="0" m23="0" m33="1"/>
		<transform name="Bip01 Ponytail1"
			m00="0.930765" m10="-0.269422" m20="0.24716" m30="0.570024"
			m01="-0.215523" m11="0.141759" m21="0.966154" m31="0.228115"
			m02="-0.29534" m12="-0.952532" m22="0.073878" m32="2.43764"
			m03="0" m13="0" m23="0" m33="1"/>
		<transform name="Bip01 Ponytail2"
			m00="0.273575" m10="-0.916261" m20="0.292612" m30="0.584998"
			m01="-0.164742" m11="0.255086" m21="0.952781" m31="0.251492"
			m02="-0.947637" m12="-0.308863" m22="-0.0811614" m32="2.08185"
			m03="0" m13="0" m23="0" m33="1"/>
		<transform name="Bip01 Ponytail21"
			m00="-0.0501557" m10="-0.957107" m20="0.285359" m30="0.670378"
			m01="-0.237384" m11="0.288955" m21="0.927445" m31="0.200149"
			m02="-0.97012" m12="-0.0212232" m22="-0.241695" m32="1.78692"
			m03="0" m13="0" m23="0" m33="1"/>
		<transform name="Bip01 Prop1"
			m00="0.571494" m10="-0.509059" m20="-0.643625" m30="1.04717"
			m01="-0.662587" m11="0.176463" m21="-0.7279" m31="2.01198"
			m02="0.48412" m12="0.842449" m22="-0.236448" m32="2.66467"
			m03="0" m13="0" m23="0" m33="1"/>
		<transform name="Bip01 Prop2"
			m00="0.866966" m10="0.0577626" m20="0.495008" m30="-0.876429"
			m01="0.47433" m11="0.20911" m21="-0.855152" m31="1.26551"
			m02="-0.152907" m12="0.976185" m22="0.153893" m32="2.49176"
			m03="0" m13="0" m23="0" m33="1"/>
		<transform name="Bip01 Prop3"
			m00="-0.867123" m10="-0.113373" m20="0.48502" m30="-2.3764"
			m01="-0.44281" m11="-0.270409" m21="-0.854867" m31="0.49145"
			m02="0.228072" m12="-0.956047" m22="0.184275" m32="2.89354"
			m03="0" m13="0" m23="0" m33="1"/>
	</frame>
	<frame index="3">
		<transform name="Bip01 Spine"
			m00="0.517779" m10="0.842006" m20="-0.151428" m30="-0.213851"
			m01="0.133754" m11="0.0951525" m21="0.986436" m31="0.406942"
			m02="0.844994" m12="-0.53101" m22="-0.0633532" m32="1.36901"
			m03="0" m13="0" m23="0" m33="1"/>
		<transform name="Bip01 Pelvis"
			m00="0.510326" m10="0.838289" m20="-0.191934" m30="-0.479973"
			m01="0.403799" m11="-0.0365252" m21="0.914118" m31="0.127546"
			m02="0.759285" m12="-0.544001" m22="-0.35714" m32="0.796814"
			m03="0" m13="0" m23="0" m33="1"/>
		<transform name="Bip01 Head"
			m00="0.198905" m10="0.963757" m20="0.177788" m30="0.247307"
			m01="-0.102135" m11="-0.16004" m21="0.981812" m31="0.395107"
			m02="0.974682" m12="-0.213446" m22="0.0666006" m32="2.03827"
			m03="0" m13="0" m23="0" m33="1"/>
		<transform name="Bip01 Neck"
			m00="0.808758" m10="0.577477" m20="-0.111491" m30="0.151467"
			m01="-0.0513797" m11="0.258212" m21="0.964721" m31="0.401195"
			m02="0.585893" m12="-0.774498" m22="0.238502" m32="1.96884"
			m03="0" m13="0" m23="0" m33="1"/>
		<transform name="Bip01 Spine1"
			m00="0.512868" m10="0.851197" m20="-0.11149" m30="-0.0304136"
			m01="-0.149711" m11="0.216564" m21="0.964721" m31="0.454328"
			m02="0.845312" m12="-0.478083" m22="0.238502" m32="1.6689"
			m03="0" m13="0" m23="0" m33="1"/>
		<transform name="Bip01 Tail"
			m00="-0.764314" m10="-0.52317" m20="-0.376986" m30="-0.115532"
			m01="-0.296294" m11="-0.234325" m21="0.925906" m31="0.680262"
			m02="-0.572743" m12="0.819381" m22="0.024086" m32="2.01525"
			m03="0" m13="0" m23="0" m33="1"/>
		<transform name="Bip01 Tail2"
			m00="-0.720448" m10="-0.636578" m20="0.27518" m30="-0.733081"
			m01="-0.0157237" m11="0.411685" m21="0.911191" m31="0.4916"
			m02="-0.693331" m12="0.652138" m22="-0.306607" m32="1.41911"
			m03="0" m13="0" m23="0" m33="1"/>
		<transform name="Bip01 L Thigh"
			m00="0.500965" m10="0.861069" m20="0.0871499" m30="-0.553677"
			m01="-0.138841" m11="0.17935" m21="-0.973939" m31="0.478574"
			m02="-0.854258" m12="0.475809" m22="0.2094" m32="0.659669"
			m03="0" m13="0" m23="0" m33="1"/>
		<transform name="Bip01 R Thigh"
			m00="0.0258281" m10="0.984694" m20="0.172366" m30="-0.406268"
			m01="-0.27151" m11="0.172852" m21="-0.946786" m31="-0.223483"
			m02="-0.962089" m12="-0.0223453" m22="0.271819" m32="0.93396"
			m03="0" m13="0" m23="0" m33="1"/>
		<transform name="Bip01 Tail1"
			m00="-0.627093" m10="-0.761614" m20="0.163397" m30="-0.45476"
			m01="-0.127869" m11="0.307573" m21="0.942894" m31="0.548543"
			m02="-0.768378" m12="0.570388" m22="-0.290264" m32="1.76064"
			m03="0" m13="0" m23="0" m33="1"/>
		<transform name="Bip01 L Clavicle"
			m00="-0.111493" m10="-0.851605" m20="0.51219" m30="0.109366"
			m01="0.96472" m11="-0.216448" m21="-0.149883" m31="0.534118"
			m02="0.238504" m12="0.477409" m22="0.845693" m32="2.01785"
			m03="0" m13="0" m23="0" m33="1"/>
		<transform name="Bip01 L UpperArm"
			m00="0.285373" m10="-0.459031" m20="-0.84134" m30="0.0689638"
			m01="0.500423" m11="-0.677316" m21="0.539278" m31="0.883711"
			m02="-0.817398" m12="-0.574921" m22="0.0364223" m32="2.10428"
			m03="0" m13="0" m23="0" m33="1"/>
		<transform name="Bip01 L Forearm"
			m00="0.422727" m10="0.336822" m20="-0.84134" m30="0.214282"
			m01="0.61452" m11="0.575799" m21="0.539278" m31="1.13854"
			m02="0.666084" m12="-0.744987" m22="0.0364223" m32="1.68804"
			m03="0" m13="0" m23="0" m33="1"/>
		<transform name="Bip01 L Hand"
			m00="-0.63757" m10="0.64004" m20="0.428781" m30="0.40667"
			m01="0.0325863" m11="-0.533672" m21="0.845064" m31="1.41821"
			m02="0.769703" m12="0.552759" m22="0.319396" m32="1.99118"
			m03="0" m13="0" m23="0" m33="1"/>
		<transform name="Bip01 L Finger1"
			m00="0.234569" m10="0.758026" m20="0.608584" m30="0.119416"
			m01="-0.400862" m11="-0.494916" m21="0.770952" m31="1.43289"
			m02="0.8856" m12="-0.4248" m22="0.187772" m32="2.33797"
			m03="0" m13="0" m23="0" m33="1"/>
		<transform name="Bip01 L Finger0"
			m00="0.766364" m10="-0.239833" m20="-0.595959" m30="0.179209"
			m01="-0.497964" m11="0.364314" m21="-0.786961" m31="1.11054"
			m02="0.405855" m12="0.899865" m22="0.159768" m32="2.06326"
			m03="0" m13="0" m23="0" m33="1"/>
		<transform name="Bip01 L Finger01"
			m00="0.112039" m10="-0.795161" m20="-0.595959" m30="0.412878"
			m01="0.115527" m11="0.60609" m21="-0.786961" m31="0.958709"
			m02="0.986966" m12="0.0193212" m22="0.159768" m32="2.18701"
			m03="0" m13="0" m23="0" m33="1"/>
		<transform name="Bip01 L Finger11"
			m00="0.782281" m10="0.132904" m20="0.608584" m30="0.18977"
			m01="-0.622581" m11="0.13426" m21="0.770952" m31="1.31266"
			m02="0.0207537" m12="-0.981994" m22="0.187772" m32="2.60358"
			m03="0" m13="0" m23="0" m33="1"/>
		<transform name="Bip01 R Clavicle"
			m00="0.111493" m10="-0.851605" m20="-0.51219" m30="0.141614"
			m01="-0.96472" m11="-0.216448" m21="0.149883" m31="0.255088"
			m02="-0.238504" m12="0.477409" m22="-0.845693" m32="1.94887"
			m03="0" m13="0" m23="0" m33="1"/>
		<transform name="Bip01 R UpperArm"
			m00="0.0574831" m10="-0.961285" m20="-0.269493" m30="0.182016"
			m01="-0.816792" m11="-0.200502" m21="0.540971" m31="-0.0945041"
			m02="-0.574061" m12="0.189023" m22="-0.796696" m32="1.86244"
			m03="0" m13="0" m23="0" m33="1"/>
		<transform name="Bip01 R Forearm"
			m00="0.962975" m10="0.00729224" m20="-0.269493" m30="0.211288"
			m01="0.157649" m11="-0.826134" m21="0.540971" m31="-0.510433"
			m02="-0.218692" m12="-0.563426" m22="-0.796696" m32="1.57012"
			m03="0" m13="0" m23="0" m33="1"/>
		<transform name="Bip01 R Hand"
			m00="0.972516" m10="-0.232762" m20="0.00594171" m30="0.649548"
			m01="0.135377" m11="0.58602" m21="0.798908" m31="-0.438685"
			m02="-0.189438" m12="-0.776146" m22="0.601424" m32="1.47059"
			m03="0" m13="0" m23="0" m33="1"/>
		<transform name="Bip01 R Finger1"
			m00="0.305149" m10="-0.949294" m20="0.0756697" m30="1.08771"
			m01="0.564976" m11="0.244429" m21="0.788072" m31="-0.377692"
			m02="-0.766607" m12="-0.197728" m22="0.610915" m32="1.38524"
			m03="0" m13="0" m23="0" m33="1"/>
		<transform name="Bip01 R Finger0"
			m00="-0.0241524" m10="0.487438" m20="-0.872824" m30="0.823168"
			m01="0.764796" m11="-0.55326" m21="-0.330137" m31="-0.111402"
			m02="-0.643819" m12="-0.675506" m22="-0.359429" m32="1.59032"
			m03="0" m13="0" m23="0" m33="1"/>
		<transform name="Bip01 R Finger01"
			m00="0.297953" m10="0.386527" m20="-0.872824" m30="0.815803"
			m01="0.222828" m11="-0.917255" m21="-0.330137" m31="0.12179"
			m02="-0.928209" m12="-0.096125" m22="-0.359429" m32="1.39402"
			m03="0" m13="0" m23="0" m33="1"/>
		<transform name="Bip01 R Finger11"
			m00="-0.715636" m10="-0.694363" m20="0.0756697" m30="1.17923"
			m01="0.469561" m11="-0.398065" m21="0.788072" m31="-0.208241"
			m02="-0.517087" m12="0.599504" m22="0.610915" m32="1.15531"
			m03="0" m13="0" m23="0" m33="1"/>
		<transform name="Bip01 R Calf"
			m00="-0.123689" m10="0.977236" m20="0.172366" m30="-0.399344"
			m01="-0.294568" m11="0.129712" m21="-0.946786" m31="-0.296273"
			m02="-0.947592" m12="-0.16788" m22="0.271819" m32="0.676029"
			m03="0" m13="0" m23="0" m33="1"/>
		<transform name="Bip01 R Foot"
			m00="0.0233085" m10="0.994076" m20="-0.106159" m30="-0.419017"
			m01="-0.274579" m11="-0.0957385" m21="-0.956787" m31="-0.343125"
			m02="-0.961282" m12="0.0514503" m22="0.270721" m32="0.52531"
			m03="0" m13="0" m23="0" m33="1"/>
		<transform name="Bip01 R Toe0"
			m00="0.990965" m10="0.0819726" m20="-0.106159" m30="0.08765"
			m01="-0.124246" m11="0.262912" m21="-0.956787" m31="-0.450108"
			m02="-0.0505199" m12="0.961331" m22="0.270721" m32="0.345891"
			m03="0" m13="0" m23="0" m33="1"/>
		<transform name="Bip01 L Foot"
			m00="-0.272366" m10="0.962184" m20="0.00423177" m30="-0.55205"
			m01="0.00218149" m11="0.00501559" m21="-0.999985" m31="0.411728"
			m02="-0.962191" m12="-0.272352" m22="-0.00346509" m32="0.348084"
			m03="0" m13="0" m23="0" m33="1"/>
		<transform name="Bip01 L Calf"
			m00="-0.834181" m10="0.54456" m20="0.0871499" m30="-0.41937"
			m01="-0.18625" m11="-0.129439" m21="-0.973939" m31="0.441352"
