<?xml version="1.0" encoding="ISO-8859-1" standalone="yes"?>

<!DOCTYPE animation [
	<!ELEMENT animation  (frame+)>
	<!ELEMENT frame      (transform+)>
	<!ELEMENT transform   EMPTY>
	<!ATTLIST frame index CDATA #REQUIRED>
	<!ATTLIST transform name CDATA #REQUIRED>
	<!ATTLIST transform m00 CDATA #REQUIRED>
	<!ATTLIST transform m01 CDATA #REQUIRED>
	<!ATTLIST transform m02 CDATA #REQUIRED>
	<!ATTLIST transform m03 CDATA #REQUIRED>
	<!ATTLIST transform m10 CDATA #REQUIRED>
	<!ATTLIST transform m11 CDATA #REQUIRED>
	<!ATTLIST transform m12 CDATA #REQUIRED>
	<!ATTLIST transform m13 CDATA #REQUIRED>
	<!ATTLIST transform m20 CDATA #REQUIRED>
	<!ATTLIST transform m21 CDATA #REQUIRED>
	<!ATTLIST transform m22 CDATA #REQUIRED>
	<!ATTLIST transform m23 CDATA #REQUIRED>
	<!ATTLIST transform m30 CDATA #REQUIRED>
	<!ATTLIST transform m31 CDATA #REQUIRED>
	<!ATTLIST transform m32 CDATA #REQUIRED>
	<!ATTLIST transform m33 CDATA #REQUIRED>
]>

<animation>
	<frame index="0">
		<transform name="Bip01 Spine"
			m00="-0.0428325" m10="0.863134" m20="-0.503155" m30="-0.14754"
			m01="0.163975" m11="0.502861" m21="0.848671" m31="-0.0783944"
			m02="0.985534" m12="-0.0461544" m22="-0.163072" m32="1.24158"
			m03="0" m13="0" m23="0" m33="1"/>
		<transform name="Bip01 Pelvis"
			m00="6.50634e-007" m10="0.883112" m20="-0.469162" m30="-0.0606513"
			m01="-1.2247e-006" m11="0.469162" m21="0.883112" m31="-0.0322215"
			m02="1.0" m12="0.0" m22="1.3868e-006" m32="0.558464"
			m03="0" m13="0" m23="0" m33="1"/>
		<transform name="Bip01 Head"
			m00="-0.185668" m10="0.981214" m20="-0.0524102" m30="-0.166026"
			m01="0.275984" m11="0.103264" m21="0.955599" m31="0.153133"
			m02="0.943059" m12="0.16296" m22="-0.289972" m32="2.02361"
			m03="0" m13="0" m23="0" m33="1"/>
		<transform name="Bip01 Neck"
			m00="0.250619" m10="0.811006" m20="-0.528639" m30="-0.195725"
			m01="0.504043" m11="0.356897" m21="0.786489" m31="0.0934023"
			m02="0.826517" m12="-0.463566" m22="-0.319337" m32="1.92566"
			m03="0" m13="0" m23="0" m33="1"/>
		<transform name="Bip01 Spine1"
			m00="-0.0921115" m10="0.843835" m20="-0.528638" m30="-0.162973"
			m01="0.320828" m11="0.527734" m21="0.78649" m31="-0.0203747"
			m02="0.942648" m12="-0.097157" m22="-0.319336" m32="1.59122"
			m03="0" m13="0" m23="0" m33="1"/>
		<transform name="Bip01 Tail"
			m00="-0.208453" m10="-0.462457" m20="-0.861789" m30="-0.394146"
			m01="-0.260314" m11="-0.823128" m21="0.504676" m31="-0.209189"
			m02="-0.942753" m12="0.329537" m22="0.0512002" m32="1.89275"
			m03="0" m13="0" m23="0" m33="1"/>
		<transform name="Bip01 Tail2"
			m00="-0.2796" m10="-0.763503" m20="-0.58214" m30="-0.551816"
			m01="-0.403483" m11="-0.456746" m21="0.792834" m31="-0.407706"
			m02="-0.871221" m12="0.45656" m22="-0.180354" m32="1.0424"
			m03="0" m13="0" m23="0" m33="1"/>
		<transform name="Bip01 L Thigh"
			m00="-0.104195" m10="0.622427" m20="0.775711" m30="-0.240813"
			m01="0.331652" m11="0.757058" m21="-0.562912" m31="0.306901"
			m02="-0.93763" m12="0.198613" m22="-0.285311" m32="0.558464"
			m03="0" m13="0" m23="0" m33="1"/>
		<transform name="Bip01 R Thigh"
			m00="0.653171" m10="0.75574" m20="-0.0471724" m30="0.11951"
			m01="-0.011689" m11="-0.0522268" m21="-0.998567" m31="-0.371344"
			m02="-0.75712" m12="0.652786" m22="-0.0252792" m32="0.558464"
			m03="0" m13="0" m23="0" m33="1"/>
		<transform name="Bip01 Tail1"
			m00="-0.147784" m10="-0.837082" m20="-0.526738" m30="-0.486442"
			m01="-0.18737" m11="-0.499244" m21="0.845959" m31="-0.32464"
			m02="-0.971109" m12="0.223714" m22="-0.0830638" m32="1.47391"
			m03="0" m13="0" m23="0" m33="1"/>
		<transform name="Bip01 L Clavicle"
			m00="-0.528641" m10="-0.84376" m20="-0.0927835" m30="-0.297891"
			m01="0.786488" m11="-0.527992" m21="0.320407" m31="0.191036"
			m02="-0.319336" m12="0.0964072" m22="0.942725" m32="1.88238"
			m03="0" m13="0" m23="0" m33="1"/>
		<transform name="Bip01 L UpperArm"
			m00="-0.0460625" m10="-0.212065" m20="-0.976169" m30="-0.489458"
			m01="0.848332" m11="-0.524287" m21="0.0738671" m31="0.476041"
			m02="-0.527457" m12="-0.824713" m22="0.204052" m32="1.76666"
			m03="0" m13="0" m23="0" m33="1"/>
		<transform name="Bip01 L Forearm"
			m00="0.205862" m10="-0.0686618" m20="-0.976169" m30="-0.512914"
			m01="0.612709" m11="0.786849" m21="0.0738671" m31="0.908031"
			m02="0.763026" m12="-0.613314" m22="0.204052" m32="1.49807"
			m03="0" m13="0" m23="0" m33="1"/>
		<transform name="Bip01 L Hand"
			m00="-0.313113" m10="0.913405" m20="0.260099" m30="-0.419224"
			m01="-0.420214" m11="-0.378847" m21="0.824557" m31="1.18688"
			m02="0.851693" m12="0.148882" m22="0.502448" m32="1.84533"
			m03="0" m13="0" m23="0" m33="1"/>
		<transform name="Bip01 L Finger1"
			m00="0.628776" m10="0.669147" m20="0.396085" m30="-0.560296"
			m01="-0.504641" m11="-0.0363778" m21="0.862563" m31="0.997556"
			m02="0.59159" m12="-0.742239" m22="0.314805" m32="2.22906"
			m03="0" m13="0" m23="0" m33="1"/>
		<transform name="Bip01 L Finger0"
			m00="0.96567" m10="-0.00384407" m20="-0.259744" m30="-0.51248"
			m01="-0.25977" m11="-0.0108773" m21="-0.965609" m31="0.808874"
			m02="0.000886498" m12="0.999934" m22="-0.0115028" m32="1.84818"
			m03="0" m13="0" m23="0" m33="1"/>
		<transform name="Bip01 L Finger01"
			m00="0.410702" m10="-0.873989" m20="-0.259744" m30="-0.218041"
			m01="-0.121241" m11="0.229999" m21="-0.965609" m31="0.729668"
			m02="0.903673" m12="0.42807" m22="-0.0115028" m32="1.84845"
			m03="0" m13="0" m23="0" m33="1"/>
		<transform name="Bip01 L Finger11"
			m00="0.880938" m10="-0.258971" m20="0.396085" m30="-0.371709"
			m01="-0.260279" m11="0.433867" m21="0.862563" m31="0.846201"
			m02="-0.395227" m12="-0.862957" m22="0.314805" m32="2.40649"
			m03="0" m13="0" m23="0" m33="1"/>
		<transform name="Bip01 R Clavicle"
			m00="0.528641" m10="-0.84376" m20="0.0927834" m30="-0.14499"
			m01="-0.786488" m11="-0.527992" m21="-0.320407" m31="-0.0364432"
			m02="0.319336" m12="0.0964072" m22="-0.942725" m32="1.97475"
			m03="0" m13="0" m23="0" m33="1"/>
		<transform name="Bip01 R UpperArm"
			m00="0.34879" m10="-0.902404" m20="-0.253006" m30="0.0465772"
			m01="-0.87568" m11="-0.409991" m21="0.25513" m31="-0.321448"
			m02="-0.33396" m12="0.132565" m22="-0.933219" m32="2.09046"
			m03="0" m13="0" m23="0" m33="1"/>
		<transform name="Bip01 R Forearm"
			m00="0.944877" m10="-0.207834" m20="-0.253006" m30="0.224189"
			m01="-0.142057" m11="-0.956414" m21="0.25513" m31="-0.767364"
			m02="-0.295003" m12="-0.205125" m22="-0.933219" m32="1.9204"
			m03="0" m13="0" m23="0" m33="1"/>
		<transform name="Bip01 R Hand"
			m00="0.88575" m10="-0.360437" m20="0.292459" m30="0.654213"
			m01="-0.0847353" m11="0.493927" m21="0.865364" m31="-0.832016"
			m02="-0.456363" m12="-0.791278" m22="0.406954" m32="1.78615"
			m03="0" m13="0" m23="0" m33="1"/>
		<transform name="Bip01 R Finger1"
			m00="0.567609" m10="-0.769493" m20="0.292746" m30="1.05328"
			m01="0.185831" m11="0.466146" m21="0.864971" m31="-0.870193"
			m02="-0.802052" m12="-0.436564" m22="0.407584" m32="1.58053"
			m03="0" m13="0" m23="0" m33="1"/>
		<transform name="Bip01 R Finger0"
			m00="0.538872" m10="0.327351" m20="-0.776182" m30="0.899687"
			m01="0.800651" m11="-0.485461" m21="0.35112" m31="-0.52981"
			m02="-0.261866" m12="-0.81066" m22="-0.523695" m32="1.7891"
			m03="0" m13="0" m23="0" m33="1"/>
		<transform name="Bip01 R Finger01"
			m00="0.614752" m10="-0.140077" m20="-0.776182" m30="1.06399"
			m01="0.236912" m11="-0.905863" m21="0.35112" m31="-0.285686"
			m02="-0.752298" m12="-0.399739" m22="-0.523695" m32="1.70926"
			m03="0" m13="0" m23="0" m33="1"/>
		<transform name="Bip01 R Finger11"
			m00="-0.000703314" m10="-0.95619" m20="0.292746" m30="1.22352"
			m01="0.426453" m11="0.264505" m21="0.864971" m31="-0.814458"
			m02="-0.90451" m12="0.125451" m22="0.407584" m32="1.33998"
			m03="0" m13="0" m23="0" m33="1"/>
		<transform name="Bip01 R Calf"
			m00="-0.474052" m10="0.879232" m20="-0.0471724" m30="0.294622"
			m01="0.0446558" m11="-0.029498" m21="-0.998567" m31="-0.374478"
			m02="-0.879364" m12="-0.475479" m22="-0.0252792" m32="0.355484"
			m03="0" m13="0" m23="0" m33="1"/>
		<transform name="Bip01 R Foot"
			m00="6.57027e-006" m10="1.0" m20="2.07919e-006" m30="0.219222"
			m01="2.77642e-007" m11="2.07919e-006" m21="-1.0" m31="-0.367375"
			m02="-1.0" m12="6.57141e-006" m22="-2.67229e-007" m32="0.215618"
			m03="0" m13="0" m23="0" m33="1"/>
		<transform name="Bip01 R Toe0"
			m00="1.0" m10="-6.15303e-006" m20="2.06235e-006" m30="0.723901"
			m01="2.06235e-006" m11="-2.59391e-007" m21="-1.0" m31="-0.367374"
			m02="6.15418e-006" m12="1.0" m22="-2.48979e-007" m32="0.0019632"
			m03="0" m13="0" m23="0" m33="1"/>
		<transform name="Bip01 L Foot"
			m00="1.13582e-006" m10="0.359455" m20="0.933162" m30="-0.365245"
			m01="2.08417e-007" m11="0.933162" m21="-0.359455" m31="0.309812"
			m02="-1.0" m12="6.07034e-007" m22="9.67764e-007" m32="0.214409"
			m03="0" m13="0" m23="0" m33="1"/>
		<transform name="Bip01 L Calf"
			m00="-0.606702" m10="0.173738" m20="0.775711" m30="-0.268747"
			m01="-0.540715" m11="0.625106" m21="-0.562912" m31="0.395815"
			m02="-0.582701" m12="-0.760958" m22="-0.285311" m32="0.30709"
			m03="0" m13="0" m23="0" m33="1"/>
		<transform name="Bip01 L Toe0"
			m00="0.359455" m10="-1.13585e-006" m20="0.933162" m30="-0.183836"
			m01="0.933162" m11="-2.08474e-007" m21="-0.359455" m31="0.780758"
			m02="6.07095e-007" m12="1.0" m22="9.67764e-007" m32="0.000751768"
			m03="0" m13="0" m23="0" m33="1"/>
		<transform name="Bip01 Ponytail1"
			m00="0.935335" m10="-0.349858" m20="-0.0524139" m30="0.0491187"
			m01="-0.0547527" m11="-0.289542" m21="0.955598" m31="0.31058"
			m02="-0.3495" m12="-0.890935" m22="-0.289975" m32="2.50359"
			m03="0" m13="0" m23="0" m33="1"/>
		<transform name="Bip01 Ponytail2"
			m00="0.753117" m10="-0.357171" m20="-0.552488" m30="0.184778"
			m01="0.408651" m11="-0.404159" m21="0.818327" m31="0.221646"
			m02="-0.515576" m12="-0.842071" m22="-0.158421" m32="2.18588"
			m03="0" m13="0" m23="0" m33="1"/>
		<transform name="Bip01 Ponytail21"
			m00="0.44327" m10="-0.705881" m20="-0.552489" m30="0.41934"
			m01="0.127504" m11="-0.560432" m21="0.818327" m31="0.348967"
			m02="-0.887273" m12="-0.433185" m22="-0.15842" m32="2.02553"
			m03="0" m13="0" m23="0" m33="1"/>
		<transform name="Bip01 Prop1"
			m00="0.903732" m10="-0.161913" m20="-0.396299" m30="0.154382"
			m01="-0.42613" m11="-0.251546" m21="-0.868987" m31="1.92953"
			m02="0.0410128" m12="0.954206" m22="-0.296326" m32="2.45782"
			m03="0" m13="0" m23="0" m33="1"/>
		<transform name="Bip01 Prop2"
			m00="0.519239" m10="0.363872" m20="0.773297" m30="-1.3036"
			m01="0.830211" m11="-1.04267e-005" m21="-0.557449" m31="0.46278"
			m02="-0.202832" m12="0.931449" m22="-0.302096" m32="2.55928"
			m03="0" m13="0" m23="0" m33="1"/>
		<transform name="Bip01 Prop3"
			m00="-0.500378" m10="-0.382636" m20="0.776667" m30="-2.16356"
			m01="-0.818834" m11="-0.0823145" m21="-0.568098" m31="-0.962233"
			m02="0.281306" m12="-0.920225" m22="-0.272127" m32="3.04949"
			m03="0" m13="0" m23="0" m33="1"/>
	</frame>
	<frame index="1">
		<transform name="Bip01 Spine"
			m00="-0.0297155" m10="0.865526" m20="-0.499981" m30="-0.147541"
			m01="0.171861" m11="0.497177" m21="0.850458" m31="-0.0783928"
			m02="0.984673" m12="-0.0606552" m22="-0.163524" m32="1.24159"
			m03="0" m13="0" m23="0" m33="1"/>
		<transform name="Bip01 Pelvis"
			m00="6.50634e-007" m10="0.883112" m20="-0.469162" m30="-0.0606513"
			m01="-1.2247e-006" m11="0.469162" m21="0.883112" m31="-0.0322215"
			m02="1.0" m12="0.0" m22="1.3868e-006" m32="0.558464"
			m03="0" m13="0" m23="0" m33="1"/>
		<transform name="Bip01 Head"
			m00="-0.135915" m10="0.989332" m20="-0.0524394" m30="-0.148909"
			m01="0.301213" m11="0.0916898" m21="0.949138" m31="0.162692"
			m02="0.943821" m12="0.113207" m22="-0.310462" m32="2.02045"
			m03="0" m13="0" m23="0" m33="1"/>
		<transform name="Bip01 Neck"
			m00="0.276806" m10="0.805066" m20="-0.52464" m30="-0.181711"
			m01="0.513178" m11="0.337747" m21="0.789035" m31="0.101879"
			m02="0.812421" m12="-0.487643" m22="-0.319652" m32="1.92417"
			m03="0" m13="0" m23="0" m33="1"/>
		<transform name="Bip01 Spine1"
			m00="-0.0657199" m10="0.848784" m20="-0.52464" m30="-0.158322"
			m01="0.336817" m11="0.513788" m21="0.789035" m31="-0.017572"
			m02="0.939274" m12="-0.124852" m22="-0.319651" m32="1.59093"
			m03="0" m13="0" m23="0" m33="1"/>
		<transform name="Bip01 Tail"
			m00="-0.207547" m10="-0.462864" m20="-0.861789" m30="-0.394146"
			m01="-0.2587" m11="-0.823636" m21="0.504676" m31="-0.209189"
			m02="-0.943398" m12="0.327688" m22="0.0512002" m32="1.89275"
			m03="0" m13="0" m23="0" m33="1"/>
		<transform name="Bip01 Tail2"
			m00="-0.275767" m10="-0.765221" m20="-0.581712" m30="-0.550265"
			m01="-0.400228" m11="-0.458816" m21="0.793288" m31="-0.405818"
			m02="-0.87394" m12="0.45158" m22="-0.179736" m32="1.04172"
			m03="0" m13="0" m23="0" m33="1"/>
		<transform name="Bip01 L Thigh"
			m00="-0.0973665" m10="0.638433" m20="0.763494" m30="-0.240813"
			m01="0.326575" m11="0.745159" m21="-0.581453" m31="0.306901"
			m02="-0.940143" m12="0.192724" m22="-0.281049" m32="0.558464"
			m03="0" m13="0" m23="0" m33="1"/>
		<transform name="Bip01 R Thigh"
			m00="0.652921" m10="0.755961" m20="-0.0470945" m30="0.11951"
			m01="-0.0116455" m11="-0.0521502" m21="-0.998571" m31="-0.371344"
			m02="-0.757337" m12="0.652536" m22="-0.0252464" m32="0.558464"
			m03="0" m13="0" m23="0" m33="1"/>
		<transform name="Bip01 Tail1"
			m00="-0.145201" m10="-0.837639" m20="-0.526571" m30="-0.486039"
			m01="-0.184735" m11="-0.4999" m21="0.846152" m31="-0.323923"
			m02="-0.972003" m12="0.220138" m22="-0.0821557" m32="1.47363"
			m03="0" m13="0" m23="0" m33="1"/>
		<transform name="Bip01 L Clavicle"
			m00="-0.524642" m10="-0.84873" m20="-0.0663958" m30="-0.283451"
			m01="0.789034" m11="-0.514058" m21="0.336408" m31="0.200305"
			m02="-0.319651" m12="0.124105" m22="0.939373" m32="1.88169"
			m03="0" m13="0" m23="0" m33="1"/>
		<transform name="Bip01 L UpperArm"
			m00="-0.0495331" m10="-0.210739" m20="-0.976286" m30="-0.47357"
			m01="0.847047" m11="-0.52679" m21="0.0707358" m31="0.486232"
			m02="-0.529205" m12="-0.823457" m22="0.204599" m32="1.76586"
			m03="0" m13="0" m23="0" m33="1"/>
		<transform name="Bip01 L Forearm"
			m00="0.203733" m10="-0.0731944" m20="-0.976286" m30="-0.498793"
			m01="0.619766" m11="0.781592" m21="0.0707358" m31="0.917568"
			m02="0.757881" m12="-0.61948" m22="0.204599" m32="1.49638"
			m03="0" m13="0" m23="0" m33="1"/>
		<transform name="Bip01 L Hand"
			m00="-0.310095" m10="0.915222" m20="0.257311" m30="-0.406072"
			m01="-0.414933" m11="-0.373803" m21="0.829519" m31="1.19963"
			m02="0.855378" m12="0.150462" m22="0.495671" m32="1.8413"
			m03="0" m13="0" m23="0" m33="1"/>
		<transform name="Bip01 L Finger1"
			m00="0.631769" m10="0.668226" m20="0.392864" m30="-0.545783"
			m01="-0.497373" m11="-0.0392827" m21="0.866647" m31="1.01268"
			m02="0.594549" m12="-0.742921" m22="0.307539" m32="2.22668"
			m03="0" m13="0" m23="0" m33="1"/>
		<transform name="Bip01 L Finger0"
			m00="0.966767" m10="-0.00235736" m20="-0.255649" m30="-0.497714"
			m01="-0.255655" m11="-0.00315194" m21="-0.966763" m31="0.821263"
			m02="0.00147318" m12="0.999993" m22="-0.00365017" m32="1.84721"
			m03="0" m13="0" m23="0" m33="1"/>
		<transform name="Bip01 L Finger01"
			m00="0.412516" m10="-0.874342" m20="-0.255649" m30="-0.202941"
			m01="-0.112497" m11="0.229594" m21="-0.966763" m31="0.743313"
			m02="0.903978" m12="0.427565" m22="-0.00365017" m32="1.84766"
			m03="0" m13="0" m23="0" m33="1"/>
		<transform name="Bip01 L Finger11"
			m00="0.881467" m10="-0.262057" m20="0.392864" m30="-0.356299"
			m01="-0.259589" m11="0.42607" m21="0.866647" m31="0.863509"
			m02="-0.394499" m12="-0.865905" m22="0.307539" m32="2.405"
			m03="0" m13="0" m23="0" m33="1"/>
		<transform name="Bip01 R Clavicle"
			m00="0.524642" m10="-0.84873" m20="0.0663957" m30="-0.131707"
			m01="-0.789034" m11="-0.514058" m21="-0.336408" m31="-0.0279106"
			m02="0.31965" m12="0.124105" m22="-0.939373" m32="1.97415"
			m03="0" m13="0" m23="0" m33="1"/>
		<transform name="Bip01 R UpperArm"
			m00="0.323184" m10="-0.911882" m20="-0.253029" m30="0.0584112"
			m01="-0.886892" m11="-0.385125" m21="0.255149" m31="-0.313838"
			m02="-0.330113" m12="0.141949" m22="-0.933207" m32="2.08998"
			m03="0" m13="0" m23="0" m33="1"/>
		<transform name="Bip01 R Forearm"
			m00="0.93679" m10="-0.241663" m20="-0.253029" m30="0.222984"
			m01="-0.176332" m11="-0.950687" m21="0.255149" m31="-0.765463"
			m02="-0.302211" m12="-0.194404" m22="-0.933207" m32="1.92188"
			m03="0" m13="0" m23="0" m33="1"/>
		<transform name="Bip01 R Hand"
			m00="0.87811" m10="-0.35107" m20="0.325074" m30="0.649327"
			m01="-0.118499" m11="0.498676" m21="0.858651" m31="-0.845714"
			m02="-0.463552" m12="-0.79251" m22="0.396291" m32="1.78434"
			m03="0" m13="0" m23="0" m33="1"/>
		<transform name="Bip01 R Finger1"
			m00="0.565994" m10="-0.757493" m20="0.325353" m30="1.04495"
			m01="0.159504" m11="0.487812" m21="0.858253" m31="-0.899103"
			m02="-0.808832" m12="-0.433871" m22="0.396922" m32="1.57549"
			m03="0" m13="0" m23="0" m33="1"/>
		<transform name="Bip01 R Finger0"
			m00="0.562919" m10="0.303314" m20="-0.768846" m30="0.904803"
			m01="0.779737" m11="-0.503391" m21="0.372302" m31="-0.551908"
			m02="-0.274104" m12="-0.809073" m22="-0.519873" m32="1.78229"
			m03="0" m13="0" m23="0" m33="1"/>
		<transform name="Bip01 R Finger01"
			m00="0.615285" m10="-0.174073" m20="-0.768846" m30="1.07644"
			m01="0.209415" m11="-0.904177" m21="0.372302" m31="-0.314161"
			m02="-0.75998" m12="-0.390081" m22="-0.519873" m32="1.69871"
			m03="0" m13="0" m23="0" m33="1"/>
		<transform name="Bip01 R Finger11"
			m00="0.00512821" m10="-0.945579" m20="0.325353" m30="1.21471"
			m01="0.418152" m11="0.297574" m21="0.858253" m31="-0.851263"
			m02="-0.908363" m12="0.131646" m22="0.396922" m32="1.3329"
			m03="0" m13="0" m23="0" m33="1"/>
		<transform name="Bip01 R Calf"
			m00="-0.473835" m10="0.879353" m20="-0.0470945" m30="0.294555"
			m01="0.0445826" m11="-0.0294562" m21="-0.998571" m31="-0.374466"
			m02="-0.879484" m12="-0.475258" m22="-0.0252464" m32="0.355426"
			m03="0" m13="0" m23="0" m33="1"/>
		<transform name="Bip01 R Foot"
			m00="0.000159633" m10="1.0" m20="2.07919e-006" m30="0.21919"
			m01="2.63299e-007" m11="2.07919e-006" m21="-1.0" m31="-0.367375"
			m02="-1.0" m12="0.000159644" m22="-2.37426e-007" m32="0.215541"
			m03="0" m13="0" m23="0" m33="1"/>
		<transform name="Bip01 R Toe0"
			m00="1.0" m10="-5.79382e-006" m20="2.02652e-006" m30="0.723901"
			m01="2.02655e-006" m11="-2.35271e-007" m21="-1.0" m31="-0.367374"
			m02="5.80465e-006" m12="1.0" m22="-2.09718e-007" m32="0.00196321"
			m03="0" m13="0" m23="0" m33="1"/>
		<transform name="Bip01 L Foot"
			m00="1.13582e-006" m10="0.359455" m20="0.933162" m30="-0.365245"
			m01="2.08417e-007" m11="0.933162" m21="-0.359455" m31="0.309812"
			m02="-1.0" m12="6.07034e-007" m22="9.67764e-007" m32="0.214409"
			m03="0" m13="0" m23="0" m33="1"/>
		<transform name="Bip01 L Calf"
			m00="-0.618212" m10="0.186788" m20="0.763494" m30="-0.266916"
			m01="-0.532157" m11="0.615404" m21="-0.581453" m31="0.394454"
			m02="-0.578466" m12="-0.76576" m22="-0.281049" m32="0.306417"
			m03="0" m13="0" m23="0" m33="1"/>
		<transform name="Bip01 L Toe0"
			m00="0.359455" m10="-1.08559e-006" m20="0.933162" m30="-0.183836"
			m01="0.933162" m11="-2.17819e-007" m21="-0.359455" m31="0.780758"
			m02="5.97749e-007" m12="1.0" m22="9.17505e-007" m32="0.000751739"
			m03="0" m13="0" m23="0" m33="1"/>
		<transform name="Bip01 Ponytail1"
			m00="0.916487" m10="-0.396613" m20="-0.0524432" m30="0.0914115"
			m01="-0.0777291" m11="-0.305117" m21="0.949137" m31="0.328111"
			m02="-0.392441" m12="-0.865795" m22="-0.310464" m32="2.48557"
			m03="0" m13="0" m23="0" m33="1"/>
		<transform name="Bip01 Ponytail2"
			m00="0.745255" m10="-0.380534" m20="-0.54753" m30="0.210269"
			m01="0.397058" m11="-0.406417" m21="0.822904" m31="0.229525"
			m02="-0.535668" m12="-0.830674" m22="-0.151791" m32="2.16401"
			m03="0" m13="0" m23="0" m33="1"/>
		<transform name="Bip01 Ponytail21"
			m00="0.446025" m10="-0.708005" m20="-0.547531" m30="0.442385"
			m01="0.133525" m11="-0.552269" m21="0.822903" m31="0.353235"
			m02="-0.885004" m12="-0.440144" m22="-0.15179" m32="1.99741"
			m03="0" m13="0" m23="0" m33="1"/>
		<transform name="Bip01 Prop1"
			m00="0.905595" m10="-0.159466" m20="-0.393024" m30="0.165251"
			m01="-0.42196" m11="-0.244836" m21="-0.872929" m31="1.94942"
			m02="0.0429763" m12="0.956361" m22="-0.289011" m32="2.44718"
			m03="0" m13="0" m23="0" m33="1"/>
		<transform name="Bip01 Prop2"
			m00="0.515408" m10="0.36521" m20="0.775226" m30="-1.28633"
			m01="0.830812" m11="0.00874505" m21="-0.556484" m31="0.477331"
			m02="-0.210013" m12="0.930884" m22="-0.298913" m32="2.56213"
			m03="0" m13="0" m23="0" m33="1"/>
		<transform name="Bip01 Prop3"
			m00="-0.496484" m10="-0.383607" m20="0.778684" m30="-2.13951"
			m01="-0.818748" m11="-0.0910595" m21="-0.566887" m31="-0.947482"
			m02="0.288368" m12="-0.918996" m22="-0.268868" m32="3.06461"
			m03="0" m13="0" m23="0" m33="1"/>
	</frame>
	<frame index="2">
		<transform name="Bip01 Spine"
			m00="-0.0152671" m10="0.867908" m20="-0.49649" m30="-0.147541"
			m01="0.18042" m11="0.490788" m21="0.852394" m31="-0.078391"
			m02="0.983471" m12="-0.0765631" m22="-0.164081" m32="1.24159"
			m03="0" m13="0" m23="0" m33="1"/>
		<transform name="Bip01 Pelvis"
			m00="6.50634e-007" m10="0.883112" m20="-0.469162" m30="-0.0606513"
			m01="-1.2247e-006" m11="0.469162" m21="0.883112" m31="-0.0322215"
			m02="1.0" m12="0.0" m22="1.3868e-006" m32="0.558464"
			m03="0" m13="0" m23="0" m33="1"/>
		<transform name="Bip01 Head"
			m00="-0.0808821" m10="0.995275" m20="-0.0537187" m30="-0.130076"
			m01="0.32803" m11="0.0774733" m21="0.941485" m31="0.172911"
			m02="0.941198" m12="0.0585279" m22="-0.332747" m32="2.01643"
			m03="0" m13="0" m23="0" m33="1"/>
		<transform name="Bip01 Neck"
			m00="0.305306" m10="0.797593" m20="-0.520225" m30="-0.166255"
			m01="0.522553" m11="0.316378" m21="0.791734" m31="0.110987"
			m02="0.796069" m12="-0.513567" m22="-0.320192" m32="1.92209"
			m03="0" m13="0" m23="0" m33="1"/>
		<transform name="Bip01 Spine1"
			m00="-0.0365951" m10="0.853245" m20="-0.520225" m30="-0.153198"
			m01="0.353908" m11="0.497901" m21="0.791735" m31="-0.0145293"
			m02="0.934564" m12="-0.155138" m22="-0.320191" m32="1.59051"
			m03="0" m13="0" m23="0" m33="1"/>
		<transform name="Bip01 Tail"
			m00="-0.206602" m10="-0.463287" m20="-0.861789" m30="-0.394146"
			m01="-0.257019" m11="-0.824162" m21="0.504676" m31="-0.209189"
			m02="-0.944064" m12="0.325764" m22="0.0512001" m32="1.89275"
			m03="0" m13="0" m23="0" m33="1"/>
		<transform name="Bip01 Tail2"
			m00="-0.271768" m10="-0.766988" m20="-0.581268" m30="-0.548649"
			m01="-0.396829" m11="-0.460948" m21="0.79376" m31="-0.403851"
			m02="-0.876738" m12="0.446382" m22="-0.179092" m32="1.04102"
			m03="0" m13="0" m23="0" m33="1"/>
		<transform name="Bip01 L Thigh"
			m00="-0.0899971" m10="0.655706" m20="0.749634" m30="-0.240813"
			m01="0.320813" m11="0.731655" m21="-0.601465" m31="0.306901"
			m02="-0.942857" m12="0.186362" m22="-0.276206" m32="0.558464"
			m03="0" m13="0" m23="0" m33="1"/>
		<transform name="Bip01 R Thigh"
			m00="0.652193" m10="0.756602" m20="-0.0468913" m30="0.11951"
			m01="-0.0115295" m11="-0.05195" m21="-0.998583" m31="-0.371344"
			m02="-0.757966" m12="0.651809" m22="-0.0251582" m32="0.558464"
			m03="0" m13="0" m23="0" m33="1"/>
		<transform name="Bip01 Tail1"
			m00="-0.14251" m10="-0.838209" m20="-0.526399" m30="-0.485619"
			m01="-0.181991" m11="-0.50057" m21="0.84635" m31="-0.323176"
			m02="-0.972918" m12="0.216413" m22="-0.0812103" m32="1.47333"
			m03="0" m13="0" m23="0" m33="1"/>
		<transform name="Bip01 L Clavicle"
			m00="-0.520227" m10="-0.853214" m20="-0.0372746" m30="-0.267495"
			m01="0.791733" m11="-0.498185" m21="0.353512" m31="0.210286"
			m02="-0.320191" m12="0.154395" m22="0.934687" m32="1.88046"
			m03="0" m13="0" m23="0" m33="1"/>
		<transform name="Bip01 L UpperArm"
			m00="-0.0530001" m10="-0.209403" m20="-0.976392" m30="-0.456013"
			m01="0.845746" m11="-0.529286" m21="0.0676053" m31="0.497192"
			m02="-0.530947" m12="-0.822196" m22="0.205154" m32="1.76443"
			m03="0" m13="0" m23="0" m33="1"/>
		<transform name="Bip01 L Forearm"
			m00="0.201548" m10="-0.0776992" m20="-0.976392" m30="-0.483002"
			m01="0.626772" m11="0.776264" m21="0.0676053" m31="0.927865"
			m02="0.752685" m12="-0.625601" m22="0.205154" m32="1.49406"
			m03="0" m13="0" m23="0" m33="1"/>
		<transform name="Bip01 L Hand"
			m00="-0.307113" m10="0.917017" m20="0.254481" m30="-0.391275"
			m01="-0.409609" m11="-0.368739" m21="0.834418" m31="1.21312"
			m02="0.859013" m12="0.152023" m22="0.488863" m32="1.83661"
			m03="0" m13="0" m23="0" m33="1"/>
		<transform name="Bip01 L Finger1"
			m00="0.634723" m10="0.667333" m20="0.389608" m30="-0.529643"
			m01="-0.490067" m11="-0.0421983" m21="0.870663" m31="1.02857"
			m02="0.597463" m12="-0.743563" m22="0.300253" m32="2.22364"
			m03="0" m13="0" m23="0" m33="1"/>
		<transform name="Bip01 L Finger0"
			m00="0.967847" m10="-0.000926007" m20="-0.251537" m30="-0.481298"
			m01="-0.25153" m11="0.00458285" m21="-0.967839" m31="0.834421"
			m02="0.00204899" m12="0.999989" m22="0.00420223" m32="1.84559"
			m03="0" m13="0" m23="0" m33="1"/>
		<transform name="Bip01 L Finger01"
			m00="0.414272" m10="-0.874704" m20="-0.251537" m30="-0.186195"
			m01="-0.103741" m11="0.229185" m21="-0.967839" m31="0.757728"
			m02="0.904222" m12="0.427043" m22="0.00420223" m32="1.84621"
			m03="0" m13="0" m23="0" m33="1"/>
		<transform name="Bip01 L Finger11"
			m00="0.882004" m10="-0.265096" m20="0.389608" m30="-0.339273"
			m01="-0.258893" m11="0.418235" m21="0.870663" m31="0.881585"
			m02="-0.393757" m12="-0.868795" m22="0.300253" m32="2.40283"
			m03="0" m13="0" m23="0" m33="1"/>
		<transform name="Bip01 R Clavicle"
			m00="0.520227" m10="-0.853214" m20="0.0372745" m30="-0.117027"
			m01="-0.791733" m11="-0.498185" m21="-0.353512" m31="-0.01871"
			m02="0.320191" m12="0.154395" m22="-0.934687" m32="1.97307"
			m03="0" m13="0" m23="0" m33="1"/>
		<transform name="Bip01 R UpperArm"
			m00="0.294763" m10="-0.921455" m20="-0.253053" m30="0.0714911"
			m01="-0.898393" m11="-0.357462" m21="0.25517" m31="-0.305616"
			m02="-0.325585" m12="0.152127" m22="-0.933195" m32="2.0891"
			m03="0" m13="0" m23="0" m33="1"/>
		<transform name="Bip01 R Forearm"
			m00="0.926512" m10="-0.278458" m20="-0.253053" m30="0.221591"
			m01="-0.213715" m11="-0.942981" m21="0.25517" m31="-0.763097"
			m02="-0.309679" m12="-0.182337" m22="-0.933195" m32="1.9233"
			m03="0" m13="0" m23="0" m33="1"/>
		<transform name="Bip01 R Hand"
			m00="0.868344" m10="-0.340617" m20="0.360498" m30="0.643257"
			m01="-0.155337" m11="0.503512" m21="0.849909" m31="-0.860361"
			m02="-0.471009" m12="-0.794012" m22="0.384311" m32="1.78236"
			m03="0" m13="0" m23="0" m33="1"/>
		<transform name="Bip01 R Finger1"
			m00="0.563132" m10="-0.743457" m20="0.360769" m30="1.03448"
			m01="0.1306" m11="0.511155" m21="0.849508" m31="-0.930347"
			m02="-0.815982" m12="-0.431269" m22="0.384944" m32="1.57015"
			m03="0" m13="0" m23="0" m33="1"/>
		<transform name="Bip01 R Finger0"
			m00="0.588373" m10="0.276256" m20="-0.759934" m30="0.909334"
			m01="0.755723" m11="-0.522125" m21="0.395307" m31="-0.576213"
			m02="-0.287574" m12="-0.806889" m22="-0.515977" m32="1.77479"
			m03="0" m13="0" m23="0" m33="1"/>
		<transform name="Bip01 R Finger01"
			m00="0.614725" m10="-0.211218" m20="-0.759934" m30="1.08873"
			m01="0.179135" m11="-0.900912" m21="0.395307" m31="-0.345788"
			m02="-0.76813" m12="-0.379137" m22="-0.515977" m32="1.68711"
			m03="0" m13="0" m23="0" m33="1"/>
		<transform name="Bip01 R Finger11"
			m00="0.0111669" m10="-0.932588" m20="0.360769" m30="1.20338"
			m01="0.408775" m11="0.333525" m21="0.849508" m31="-0.891177"
			m02="-0.912567" m12="0.137987" m22="0.384944" m32="1.32542"
			m03="0" m13="0" m23="0" m33="1"/>
		<transform name="Bip01 R Calf"
			m00="-0.473204" m10="0.879704" m20="-0.0468913" m30="0.29436"
			m01="0.044387" m11="-0.0293516" m21="-0.998583" m31="-0.374435"
			m02="-0.879834" m12="-0.474615" m22="-0.0251582" m32="0.355257"
			m03="0" m13="0" m23="0" m33="1"/>
		<transform name="Bip01 R Foot"
			m00="0.000603915" m10="1.0" m20="2.07919e-006" m30="0.219095"
			m01="2.32102e-007" m11="2.04791e-006" m21="-1.0" m31="-0.367375"
			m02="-1.0" m12="0.000603922" m22="-2.07624e-007" m32="0.215316"
			m03="0" m13="0" m23="0" m33="1"/>
		<transform name="Bip01 R Toe0"
			m00="1.0" m10="-5.66544e-006" m20="2.04335e-006" m30="0.723901"
			m01="2.01221e-006" m11="-2.18708e-007" m21="-1.0" m31="-0.367374"
			m02="5.67249e-006" m12="1.0" m22="-1.95456e-007" m32="0.0019632"
			m03="0" m13="0" m23="0" m33="1"/>
		<transform name="Bip01 L Foot"
			m00="1.13582e-006" m10="0.359455" m20="0.933162" m30="-0.365245"
			m01="2.08417e-007" m11="0.933162" m21="-0.359455" m31="0.309812"
			m02="-1.0" m12="6.07034e-007" m22="9.67764e-007" m32="0.214409"
			m03="0" m13="0" m23="0" m33="1"/>
		<transform name="Bip01 L Calf"
			m00="-0.630634" m10="0.200872" m20="0.749634" m30="-0.264941"
			m01="-0.522446" m11="0.604393" m21="-0.601465" m31="0.392909"
			m02="-0.573891" m12="-0.770947" m22="-0.276206" m32="0.305689"
			m03="0" m13="0" m23="0" m33="1"/>
		<transform name="Bip01 L Toe0"
			m00="0.359455" m10="-1.08559e-006" m20="0.933162" m30="-0.183836"
			m01="0.933162" m11="-2.1782e-007" m21="-0.359455" m31="0.780758"
			m02="5.9775e-007" m12="1.0" m22="9.17505e-007" m32="0.000751739"
			m03="0" m13="0" m23="0" m33="1"/>
		<transform name="Bip01 Ponytail1"
			m00="0.893042" m10="-0.446756" m20="-0.0537227" m30="0.137165"
			m01="-0.103788" m11="-0.320681" m21="0.941484" m31="0.346218"
			m02="-0.437841" m12="-0.835209" m22="-0.332749" m32="2.46365"
			m03="0" m13="0" m23="0" m33="1"/>
		<transform name="Bip01 Ponytail2"
			m00="0.736131" m10="-0.405869" m20="-0.541647" m30="0.23722"
			m01="0.383985" m11="-0.408583" m21="0.828019" m31="0.237235"
			m02="-0.557375" m12="-0.817515" m22="-0.144923" m32="2.13906"
			m03="0" m13="0" m23="0" m33="1"/>
		<transform name="Bip01 Ponytail21"
			m00="0.449433" m10="-0.710371" m20="-0.541648" m30="0.466497"
			m01="0.139566" m11="-0.543053" m21="0.828019" m31="0.356874"
			m02="-0.882344" m12="-0.447734" m22="-0.144922" m32="1.96571"
			m03="0" m13="0" m23="0" m33="1"/>
		<transform name="Bip01 Prop1"
			m00="0.907443" m10="-0.157067" m20="-0.389715" m30="0.17771"
			m01="-0.417767" m11="-0.238097" m21="-0.876801" m31="1.97"
			m02="0.0449265" m12="0.958457" m22="-0.281677" m32="2.43585"
			m03="0" m13="0" m23="0" m33="1"/>
		<transform name="Bip01 Prop2"
			m00="0.51157" m10="0.366489" m20="0.777163" m30="-1.26743"
			m01="0.831341" m11="0.0175045" m21="-0.555487" m31="0.492691"
			m02="-0.217184" m12="0.930258" m22="-0.295722" m32="2.56429"
			m03="0" m13="0" m23="0" m33="1"/>
		<transform name="Bip01 Prop3"
			m00="-0.492585" m10="-0.384519" m20="0.780708" m30="-2.11382"
			m01="-0.81859" m11="-0.0998017" m21="-0.565642" m31="-0.931796"
			m02="0.295416" m12="-0.917706" m22="-0.265602" m32="3.07902"
			m03="0" m13="0" m23="0" m33="1"/>
	</frame>
	<frame index="3">
		<transform name="Bip01 Spine"
			m00="-3.75219e-005" m10="0.870134" m20="-0.492814" m30="-0.147542"
			m01="0.189301" m11="0.48391" m21="0.854398" m31="-0.078389"
			m02="0.981919" m12="-0.0932581" m22="-0.164735" m32="1.2416"
			m03="0" m13="0" m23="0" m33="1"/>
		<transform name="Bip01 Pelvis"
			m00="6.50634e-007" m10="0.883112" m20="-0.469162" m30="-0.0606513"
			m01="-1.2247e-006" m11="0.469162" m21="0.883112" m31="-0.0322215"
			m02="1.0" m12="0.0" m22="1.3868e-006" m32="0.558464"
			m03="0" m13="0" m23="0" m33="1"/>
		<transform name="Bip01 Head"
			m00="-0.0228175" m10="0.998144" m20="-0.0564661" m30="-0.11026"
			m01="0.355103" m11="0.0608896" m21="0.932842" m31="0.183326"
			m02="0.934549" m12="0.0012339" m22="-0.355833" m32="2.01159"
			m03="0" m13="0" m23="0" m33="1"/>
		<transform name="Bip01 Neck"
			m00="0.334935" m10="0.788676" m20="-0.515567" m30="-0.149951"
			m01="0.531655" m11="0.293563" m21="0.794458" m31="0.120324"
			m02="0.777922" m12="-0.540195" m22="-0.320978" m32="1.9194"
			m03="0" m13="0" m23="0" m33="1"/>
		<transform name="Bip01 Spine1"
			m00="-0.0058621" m10="0.856829" m20="-0.515566" m30="-0.147797"
			m01="0.371323" m11="0.480577" m21="0.794459" m31="-0.011372"
			m02="0.928485" m12="-0.186784" m22="-0.320977" m32="1.58998"
			m03="0" m13="0" m23="0" m33="1"/>
		<transform name="Bip01 Tail"
			m00="-0.205624" m10="-0.463722" m20="-0.861789" m30="-0.394146"
			m01="-0.255279" m11="-0.824703" m21="0.504676" m31="-0.209189"
			m02="-0.94475" m12="0.32377" m22="0.0512001" m32="1.89275"
			m03="0" m13="0" m23="0" m33="1"/>
		<transform name="Bip01 Tail2"
			m00="-0.267617" m10="-0.768794" m20="-0.580807" m30="-0.546975"
			m01="-0.393296" m11="-0.46313" m21="0.794247" m31="-0.401814"
			m02="-0.879602" m12="0.440983" m22="-0.178422" m32="1.0403"
			m03="0" m13="0" m23="0" m33="1"/>
		<transform name="Bip01 L Thigh"
			m00="-0.0824003" m10="0.673511" m20="0.73457" m30="-0.240813"
			m01="0.314551" m11="0.716976" m21="-0.622095" m31="0.306901"
			m02="-0.945657" m12="0.179799" m22="-0.270932" m32="0.558464"
			m03="0" m13="0" m23="0" m33="1"/>
		<transform name="Bip01 R Thigh"
			m00="0.651024" m10="0.757627" m20="-0.0465728" m30="0.11951"
			m01="-0.011347" m11="-0.0516355" m21="-0.998601" m31="-0.371344"
			m02="-0.758973" m12="0.650642" m22="-0.0250191" m32="0.558464"
			m03="0" m13="0" m23="0" m33="1"/>
		<transform name="Bip01 Tail1"
			m00="-0.139722" m10="-0.83879" m20="-0.526221" m30="-0.485184"
			m01="-0.179147" m11="-0.501251" m21="0.846554" m31="-0.322403"
			m02="-0.97385" m12="0.212553" m22="-0.0802309" m32="1.47303"
			m03="0" m13="0" m23="0" m33="1"/>
		<transform name="Bip01 L Clavicle"
			m00="-0.515569" m10="-0.856823" m20="-0.00654443" m30="-0.250628"
			m01="0.794457" m11="-0.480875" m21="0.37094" m31="0.220544"
			m02="-0.320977" m12="0.186046" m22="0.928634" m32="1.87862"
			m03="0" m13="0" m23="0" m33="1"/>
		<transform name="Bip01 L UpperArm"
			m00="-0.0564638" m10="-0.208057" m20="-0.976486" m30="-0.437458"
			m01="0.844428" m11="-0.531774" m21="0.0644757" m31="0.508437"
			m02="-0.532685" m12="-0.820931" m22="0.205715" m32="1.7623"
			m03="0" m13="0" m23="0" m33="1"/>
		<transform name="Bip01 L Forearm"
			m00="0.199306" m10="-0.0821755" m20="-0.976486" m30="-0.466211"
			m01="0.633728" m11="0.770864" m21="0.0644757" m31="0.938439"
			m02="0.74744" m12="-0.631676" m22="0.205715" m32="1.49105"
			m03="0" m13="0" m23="0" m33="1"/>
		<transform name="Bip01 L Hand"
			m00="-0.304168" m10="0.91879" m20="0.251609" m30="-0.375505"
			m01="-0.404241" m11="-0.363653" m21="0.839253" m31="1.22686"
			m02="0.862595" m12="0.153563" m22="0.482024" m32="1.83122"
			m03="0" m13="0" m23="0" m33="1"/>
		<transform name="Bip01 L Finger1"
			m00="0.637636" m10="0.666469" m20="0.386317" m30="-0.512546"
			m01="-0.482724" m11="-0.0451241" m21="0.874609" m31="1.04473"
			m02="0.600332" m12="-0.744166" m22="0.292947" m32="2.21985"
			m03="0" m13="0" m23="0" m33="1"/>
		<transform name="Bip01 L Finger0"
			m00="0.968911" m10="0.000449532" m20="-0.247409" m30="-0.463902"
			m01="-0.247395" m11="0.012326" m21="-0.968836" m31="0.847862"
			m02="0.00261395" m12="0.999924" m22="0.0120537" m32="1.84325"
			m03="0" m13="0" m23="0" m33="1"/>
		<transform name="Bip01 L Finger01"
			m00="0.415971" m10="-0.875075" m20="-0.247409" m30="-0.168475"
			m01="-0.0949726" m11="0.228771" m21="-0.968836" m31="0.77243"
			m02="0.904405" m12="0.426505" m22="0.0120537" m32="1.84405"
			m03="0" m13="0" m23="0" m33="1"/>
		<transform name="Bip01 L Finger11"
			m00="0.882547" m10="-0.268086" m20="0.386317" m30="-0.321302"
			m01="-0.258189" m11="0.410363" m21="0.874609" m31="0.899945"
			m02="-0.393" m12="-0.871627" m22="0.292947" m32="2.39991"
			m03="0" m13="0" m23="0" m33="1"/>
		<transform name="Bip01 R Clavicle"
			m00="0.515569" m10="-0.856823" m20="0.00654439" m30="-0.101508"
			m01="-0.794457" m11="-0.480875" m21="-0.37094" m31="-0.00924013"
			m02="0.320977" m12="0.186046" m22="-0.928634" m32="1.97145"
			m03="0" m13="0" m23="0" m33="1"/>
		<transform name="Bip01 R UpperArm"
			m00="0.264583" m10="-0.930563" m20="-0.253079" m30="0.0853221"
			m01="-0.909551" m11="-0.328013" m21="0.255194" m31="-0.297133"
			m02="-0.320487" m12="0.162668" m22="-0.933181" m32="2.08777"
			m03="0" m13="0" m23="0" m33="1"/>
		<transform name="Bip01 R Forearm"
			m00="0.914152" m10="-0.316667" m20="-0.253079" m30="0.220054"
			m01="-0.25265" m11="-0.933297" m21="0.255194" m31="-0.760297"
			m02="-0.317009" m12="-0.169346" m22="-0.933181" m32="1.92457"
			m03="0" m13="0" m23="0" m33="1"/>
		<transform name="Bip01 R Hand"
			m00="0.856542" m10="-0.329464" m20="0.397227" m30="0.636094"
			m01="-0.19372" m11="0.508161" m21="0.839193" m31="-0.875281"
			m02="-0.478339" m12="-0.795755" m22="0.371437" m32="1.7803"
			m03="0" m13="0" m23="0" m33="1"/>
		<transform name="Bip01 R Finger1"
			m00="0.5589" m10="-0.727759" m20="0.397489" m30="1.022"
			m01="0.100279" m11="0.535144" m21="0.838788" m31="-0.96256"
			m02="-0.823149" m12="-0.428939" m22="0.372071" m32="1.56478"
			m03="0" m13="0" m23="0" m33="1"/>
		<transform name="Bip01 R Finger0"
			m00="0.614008" m10="0.247116" m20="-0.749619" m30="0.912861"
			m01="0.729347" m11="-0.540703" m21="0.419158" m31="-0.601756"
			m02="-0.30174" m12="-0.804099" m22="-0.512229" m32="1.76692"
			m03="0" m13="0" m23="0" m33="1"/>
		<transform name="Bip01 R Finger01"
			m00="0.612846" m10="-0.249984" m20="-0.749619" m30="1.10008"
			m01="0.147265" m11="-0.89589" m21="0.419158" m31="-0.379374"
			m02="-0.776358" m12="-0.367273" m22="-0.512229" m32="1.67492"
			m03="0" m13="0" m23="0" m33="1"/>
		<transform name="Bip01 R Finger11"
			m00="0.017091" m10="-0.917448" m20="0.397489" m30="1.18963"
			m01="0.398642" m11="0.370836" m21="0.838788" m31="-0.932484"
			m02="-0.916948" m12="0.14412" m22="0.372071" m32="1.3179"
			m03="0" m13="0" m23="0" m33="1"/>
		<transform name="Bip01 R Calf"
			m00="-0.472187" m10="0.880267" m20="-0.0465728" m30="0.294046"
			m01="0.0440794" m11="-0.0291888" m21="-0.998601" m31="-0.374386"
			m02="-0.880395" m12="-0.47358" m22="-0.0250191" m32="0.354988"
			m03="0" m13="0" m23="0" m33="1"/>
		<transform name="Bip01 R Foot"
			m00="0.00131545" m10="0.999999" m20="2.07919e-006" m30="0.218943"
			m01="2.77143e-007" m11="2.08406e-006" m21="-1.0" m31="-0.367375"
			m02="-0.999999" m12="0.00131545" m22="-2.67229e-007" m32="0.214957"
			m03="0" m13="0" m23="0" m33="1"/>
		<transform name="Bip01 R Toe0"
			m00="1.0" m10="-5.70617e-006" m20="2.03334e-006" m30="0.723901"
			m01="2.03858e-006" m11="-2.29126e-007" m21="-1.0" m31="-0.367374"
			m02="5.70567e-006" m12="1.0" m22="-2.21941e-007" m32="0.00196318"
			m03="0" m13="0" m23="0" m33="1"/>
		<transform name="Bip01 L Foot"
