<?xml version="1.0" encoding="ISO-8859-1" standalone="yes"?>

<!DOCTYPE animation [
	<!ELEMENT animation  (frame+)>
	<!ELEMENT frame      (transform+)>
	<!ELEMENT transform   EMPTY>
	<!ATTLIST frame index CDATA #REQUIRED>
	<!ATTLIST transform name CDATA #REQUIRED>
	<!ATTLIST transform m00 CDATA #REQUIRED>
	<!ATTLIST transform m01 CDATA #REQUIRED>
	<!ATTLIST transform m02 CDATA #REQUIRED>
	<!ATTLIST transform m03 CDATA #REQUIRED>
	<!ATTLIST transform m10 CDATA #REQUIRED>
	<!ATTLIST transform m11 CDATA #REQUIRED>
	<!ATTLIST transform m12 CDATA #REQUIRED>
	<!ATTLIST transform m13 CDATA #REQUIRED>
	<!ATTLIST transform m20 CDATA #REQUIRED>
	<!ATTLIST transform m21 CDATA #REQUIRED>
	<!ATTLIST transform m22 CDATA #REQUIRED>
	<!ATTLIST transform m23 CDATA #REQUIRED>
	<!ATTLIST transform m30 CDATA #REQUIRED>
	<!ATTLIST transform m31 CDATA #REQUIRED>
	<!ATTLIST transform m32 CDATA #REQUIRED>
	<!ATTLIST transform m33 CDATA #REQUIRED>
]>

<animation>
	<frame index="0">
		<transform name="Bip01 Spine"
			m00="-0.0428325" m10="0.863134" m20="-0.503155" m30="-0.14754"
			m01="0.163975" m11="0.502861" m21="0.848671" m31="-0.0783944"
			m02="0.985534" m12="-0.0461543" m22="-0.163071" m32="1.24158"
			m03="0" m13="0" m23="0" m33="1"/>
		<transform name="Bip01 Pelvis"
			m00="6.50634e-007" m10="0.883112" m20="-0.469162" m30="-0.0606513"
			m01="-1.2247e-006" m11="0.469162" m21="0.883112" m31="-0.0322215"
			m02="1.0" m12="0.0" m22="1.3868e-006" m32="0.558464"
			m03="0" m13="0" m23="0" m33="1"/>
		<transform name="Bip01 Head"
			m00="-0.185668" m10="0.981214" m20="-0.0524102" m30="-0.166026"
			m01="0.275984" m11="0.103264" m21="0.955599" m31="0.153133"
			m02="0.943059" m12="0.16296" m22="-0.289972" m32="2.02361"
			m03="0" m13="0" m23="0" m33="1"/>
		<transform name="Bip01 Neck"
			m00="0.250619" m10="0.811006" m20="-0.528638" m30="-0.195725"
			m01="0.504043" m11="0.356897" m21="0.786489" m31="0.0934022"
			m02="0.826517" m12="-0.463566" m22="-0.319337" m32="1.92566"
			m03="0" m13="0" m23="0" m33="1"/>
		<transform name="Bip01 Spine1"
			m00="-0.0921114" m10="0.843835" m20="-0.528638" m30="-0.162973"
			m01="0.320827" m11="0.527734" m21="0.78649" m31="-0.0203747"
			m02="0.942648" m12="-0.0971569" m22="-0.319336" m32="1.59122"
			m03="0" m13="0" m23="0" m33="1"/>
		<transform name="Bip01 Tail"
			m00="-0.208454" m10="-0.462457" m20="-0.861789" m30="-0.394146"
			m01="-0.260313" m11="-0.823128" m21="0.504676" m31="-0.209189"
			m02="-0.942753" m12="0.329537" m22="0.0512003" m32="1.89275"
			m03="0" m13="0" m23="0" m33="1"/>
		<transform name="Bip01 Tail2"
			m00="-0.2796" m10="-0.763503" m20="-0.58214" m30="-0.551816"
			m01="-0.403483" m11="-0.456746" m21="0.792833" m31="-0.407706"
			m02="-0.871221" m12="0.45656" m22="-0.180354" m32="1.0424"
			m03="0" m13="0" m23="0" m33="1"/>
		<transform name="Bip01 L Thigh"
			m00="-0.0846002" m10="0.668347" m20="0.739023" m30="-0.240813"
			m01="0.3164" m11="0.721315" m21="-0.616113" m31="0.306901"
			m02="-0.944846" m12="0.181704" m22="-0.272489" m32="0.558464"
			m03="0" m13="0" m23="0" m33="1"/>
		<transform name="Bip01 R Thigh"
			m00="0.653274" m10="0.755984" m20="0.0414974" m30="0.11951"
			m01="0.0267531" m11="0.0317263" m21="-0.999138" m31="-0.371344"
			m02="-0.756649" m12="0.653821" m22="0.000501078" m32="0.558464"
			m03="0" m13="0" m23="0" m33="1"/>
		<transform name="Bip01 Tail1"
			m00="-0.147784" m10="-0.837082" m20="-0.526738" m30="-0.486442"
			m01="-0.18737" m11="-0.499244" m21="0.845959" m31="-0.32464"
			m02="-0.971109" m12="0.223714" m22="-0.0830638" m32="1.47391"
			m03="0" m13="0" m23="0" m33="1"/>
		<transform name="Bip01 L Clavicle"
			m00="-0.528641" m10="-0.84376" m20="-0.0927834" m30="-0.297891"
			m01="0.786488" m11="-0.527992" m21="0.320407" m31="0.191036"
			m02="-0.319335" m12="0.0964071" m22="0.942725" m32="1.88238"
			m03="0" m13="0" m23="0" m33="1"/>
		<transform name="Bip01 L UpperArm"
			m00="-0.0460625" m10="-0.212065" m20="-0.976169" m30="-0.489458"
			m01="0.848332" m11="-0.524287" m21="0.0738671" m31="0.476041"
			m02="-0.527457" m12="-0.824713" m22="0.204052" m32="1.76666"
			m03="0" m13="0" m23="0" m33="1"/>
		<transform name="Bip01 L Forearm"
			m00="0.205862" m10="-0.0686618" m20="-0.976169" m30="-0.512914"
			m01="0.612709" m11="0.786849" m21="0.0738671" m31="0.908031"
			m02="0.763026" m12="-0.613314" m22="0.204052" m32="1.49807"
			m03="0" m13="0" m23="0" m33="1"/>
		<transform name="Bip01 L Hand"
			m00="-0.313113" m10="0.913405" m20="0.260099" m30="-0.419224"
			m01="-0.420214" m11="-0.378847" m21="0.824557" m31="1.18688"
			m02="0.851693" m12="0.148882" m22="0.502448" m32="1.84533"
			m03="0" m13="0" m23="0" m33="1"/>
		<transform name="Bip01 L Finger1"
			m00="0.628776" m10="0.669147" m20="0.396085" m30="-0.560296"
			m01="-0.504641" m11="-0.0363779" m21="0.862563" m31="0.997556"
			m02="0.59159" m12="-0.742239" m22="0.314805" m32="2.22906"
			m03="0" m13="0" m23="0" m33="1"/>
		<transform name="Bip01 L Finger0"
			m00="0.96567" m10="-0.00384412" m20="-0.259744" m30="-0.51248"
			m01="-0.25977" m11="-0.0108771" m21="-0.965609" m31="0.808873"
			m02="0.000886509" m12="0.999934" m22="-0.0115027" m32="1.84818"
			m03="0" m13="0" m23="0" m33="1"/>
		<transform name="Bip01 L Finger01"
			m00="0.410702" m10="-0.873989" m20="-0.259744" m30="-0.218041"
			m01="-0.121241" m11="0.229999" m21="-0.965609" m31="0.729668"
			m02="0.903673" m12="0.42807" m22="-0.0115027" m32="1.84845"
			m03="0" m13="0" m23="0" m33="1"/>
		<transform name="Bip01 L Finger11"
			m00="0.880938" m10="-0.258971" m20="0.396085" m30="-0.371709"
			m01="-0.260279" m11="0.433867" m21="0.862563" m31="0.846201"
			m02="-0.395227" m12="-0.862957" m22="0.314805" m32="2.40649"
			m03="0" m13="0" m23="0" m33="1"/>
		<transform name="Bip01 R Clavicle"
			m00="0.528641" m10="-0.84376" m20="0.0927834" m30="-0.14499"
			m01="-0.786488" m11="-0.527992" m21="-0.320407" m31="-0.0364434"
			m02="0.319335" m12="0.0964071" m22="-0.942725" m32="1.97475"
			m03="0" m13="0" m23="0" m33="1"/>
		<transform name="Bip01 R UpperArm"
			m00="0.34879" m10="-0.902404" m20="-0.253006" m30="0.0465772"
			m01="-0.87568" m11="-0.409991" m21="0.25513" m31="-0.321449"
			m02="-0.33396" m12="0.132565" m22="-0.933219" m32="2.09046"
			m03="0" m13="0" m23="0" m33="1"/>
		<transform name="Bip01 R Forearm"
			m00="0.944877" m10="-0.207834" m20="-0.253006" m30="0.224189"
			m01="-0.142057" m11="-0.956414" m21="0.25513" m31="-0.767365"
			m02="-0.295003" m12="-0.205125" m22="-0.933219" m32="1.9204"
			m03="0" m13="0" m23="0" m33="1"/>
		<transform name="Bip01 R Hand"
			m00="0.88575" m10="-0.360437" m20="0.292459" m30="0.654213"
			m01="-0.0847352" m11="0.493927" m21="0.865364" m31="-0.832016"
			m02="-0.456363" m12="-0.791278" m22="0.406954" m32="1.78615"
			m03="0" m13="0" m23="0" m33="1"/>
		<transform name="Bip01 R Finger1"
			m00="0.567609" m10="-0.769493" m20="0.292746" m30="1.05328"
			m01="0.185831" m11="0.466146" m21="0.864971" m31="-0.870193"
			m02="-0.802052" m12="-0.436564" m22="0.407584" m32="1.58053"
			m03="0" m13="0" m23="0" m33="1"/>
		<transform name="Bip01 R Finger0"
			m00="0.538872" m10="0.327351" m20="-0.776182" m30="0.899687"
			m01="0.800651" m11="-0.485461" m21="0.35112" m31="-0.52981"
			m02="-0.261866" m12="-0.81066" m22="-0.523695" m32="1.7891"
			m03="0" m13="0" m23="0" m33="1"/>
		<transform name="Bip01 R Finger01"
			m00="0.614752" m10="-0.140077" m20="-0.776182" m30="1.06399"
			m01="0.236912" m11="-0.905863" m21="0.35112" m31="-0.285687"
			m02="-0.752298" m12="-0.399739" m22="-0.523695" m32="1.70926"
			m03="0" m13="0" m23="0" m33="1"/>
		<transform name="Bip01 R Finger11"
			m00="-0.000703358" m10="-0.95619" m20="0.292746" m30="1.22352"
			m01="0.426453" m11="0.264505" m21="0.864971" m31="-0.814458"
			m02="-0.90451" m12="0.125451" m22="0.407584" m32="1.33998"
			m03="0" m13="0" m23="0" m33="1"/>
		<transform name="Bip01 R Calf"
			m00="-0.474279" m10="0.879396" m20="0.0414974" m30="0.29465"
			m01="-0.0201397" m11="0.0362861" m21="-0.999138" m31="-0.364172"
			m02="-0.880144" m12="-0.474706" m22="0.000501078" m32="0.35561"
			m03="0" m13="0" m23="0" m33="1"/>
		<transform name="Bip01 R Foot"
			m00="3.34164e-005" m10="1.0" m20="2.07919e-006" m30="0.219214"
			m01="1.00734e-006" m11="2.07919e-006" m21="-1.0" m31="-0.367375"
			m02="-1.0" m12="3.34159e-005" m22="-9.97386e-007" m32="0.21562"
			m03="0" m13="0" m23="0" m33="1"/>
		<transform name="Bip01 R Toe0"
			m00="1.0" m10="-3.29991e-005" m20="2.06235e-006" m30="0.723898"
			m01="2.06235e-006" m11="-9.89089e-007" m21="-1.0" m31="-0.367374"
			m02="3.29986e-005" m12="1.0" m22="-9.79136e-007" m32="0.00197893"
			m03="0" m13="0" m23="0" m33="1"/>
		<transform name="Bip01 L Foot"
			m00="1.1276e-006" m10="0.359455" m20="0.933162" m30="-0.365245"
			m01="2.71542e-007" m11="0.933162" m21="-0.359455" m31="0.309811"
			m02="-1.0" m12="6.51737e-007" m22="9.37962e-007" m32="0.21441"
			m03="0" m13="0" m23="0" m33="1"/>
		<transform name="Bip01 L Calf"
			m00="-0.639726" m10="0.211177" m20="0.739023" m30="-0.263494"
			m01="-0.515017" m11="0.595955" m21="-0.616113" m31="0.391726"
			m02="-0.570533" m12="-0.774753" m22="-0.272489" m32="0.305156"
			m03="0" m13="0" m23="0" m33="1"/>
		<transform name="Bip01 L Toe0"
			m00="0.359455" m10="-1.12762e-006" m20="0.933162" m30="-0.183836"
			m01="0.933162" m11="-2.71598e-007" m21="-0.359455" m31="0.780756"
			m02="6.51798e-007" m12="1.0" m22="9.37962e-007" m32="0.000752642"
			m03="0" m13="0" m23="0" m33="1"/>
		<transform name="Bip01 Ponytail1"
			m00="0.935335" m10="-0.349858" m20="-0.0524139" m30="0.0491187"
			m01="-0.0547527" m11="-0.289542" m21="0.955598" m31="0.31058"
			m02="-0.3495" m12="-0.890935" m22="-0.289975" m32="2.50359"
			m03="0" m13="0" m23="0" m33="1"/>
		<transform name="Bip01 Ponytail2"
			m00="0.753117" m10="-0.357171" m20="-0.552488" m30="0.184778"
			m01="0.408651" m11="-0.404159" m21="0.818327" m31="0.221646"
			m02="-0.515576" m12="-0.842071" m22="-0.158421" m32="2.18588"
			m03="0" m13="0" m23="0" m33="1"/>
		<transform name="Bip01 Ponytail21"
			m00="0.44327" m10="-0.705881" m20="-0.552489" m30="0.41934"
			m01="0.127504" m11="-0.560432" m21="0.818327" m31="0.348966"
			m02="-0.887273" m12="-0.433185" m22="-0.15842" m32="2.02553"
			m03="0" m13="0" m23="0" m33="1"/>
		<transform name="Bip01 Prop1"
			m00="0.903732" m10="-0.161913" m20="-0.396299" m30="0.154382"
			m01="-0.42613" m11="-0.251546" m21="-0.868987" m31="1.92953"
			m02="0.0410128" m12="0.954206" m22="-0.296326" m32="2.45782"
			m03="0" m13="0" m23="0" m33="1"/>
		<transform name="Bip01 Prop2"
			m00="0.519239" m10="0.363872" m20="0.773297" m30="-1.3036"
			m01="0.830211" m11="-1.02352e-005" m21="-0.557449" m31="0.46278"
			m02="-0.202832" m12="0.931449" m22="-0.302096" m32="2.55928"
			m03="0" m13="0" m23="0" m33="1"/>
		<transform name="Bip01 Prop3"
			m00="-0.500378" m10="-0.382636" m20="0.776667" m30="-2.16356"
			m01="-0.818834" m11="-0.0823147" m21="-0.568098" m31="-0.962233"
			m02="0.281306" m12="-0.920225" m22="-0.272127" m32="3.04949"
			m03="0" m13="0" m23="0" m33="1"/>
	</frame>
	<frame index="1">
		<transform name="Bip01 Spine"
			m00="-0.0429261" m10="0.863121" m20="-0.503169" m30="-0.147626"
			m01="0.163925" m11="0.502893" m21="0.848662" m31="-0.0784428"
			m02="0.985538" m12="-0.0460524" m22="-0.163075" m32="1.2416"
			m03="0" m13="0" m23="0" m33="1"/>
		<transform name="Bip01 Pelvis"
			m00="-5.89539e-005" m10="0.883099" m20="-0.469187" m30="-0.0606977"
			m01="-3.2829e-005" m11="0.469187" m21="0.883099" m31="-0.0322459"
			m02="1.0" m12="6.74651e-005" m22="1.33088e-006" m32="0.558485"
			m03="0" m13="0" m23="0" m33="1"/>
		<transform name="Bip01 Head"
			m00="-0.185764" m10="0.981195" m20="-0.0524199" m30="-0.166203"
			m01="0.275945" m11="0.103296" m21="0.955607" m31="0.153037"
			m02="0.943051" m12="0.163053" m22="-0.289945" m32="2.02363"
			m03="0" m13="0" m23="0" m33="1"/>
		<transform name="Bip01 Neck"
			m00="0.2505" m10="0.811044" m20="-0.528637" m30="-0.195888"
			m01="0.503998" m11="0.356965" m21="0.786487" m31="0.0933119"
			m02="0.826581" m12="-0.463447" m22="-0.319345" m32="1.92568"
			m03="0" m13="0" m23="0" m33="1"/>
		<transform name="Bip01 Spine1"
			m00="-0.0922362" m10="0.843822" m20="-0.528637" m30="-0.163092"
			m01="0.320759" m11="0.527779" m21="0.786488" m31="-0.0204409"
			m02="0.942659" m12="-0.0970224" m22="-0.319344" m32="1.59124"
			m03="0" m13="0" m23="0" m33="1"/>
		<transform name="Bip01 Tail"
			m00="-0.208403" m10="-0.462467" m20="-0.861796" m30="-0.394267"
			m01="-0.260282" m11="-0.823143" m21="0.504667" m31="-0.209265"
			m02="-0.942773" m12="0.329484" m22="0.0511739" m32="1.89274"
			m03="0" m13="0" m23="0" m33="1"/>
		<transform name="Bip01 Tail2"
			m00="-0.279573" m10="-0.763539" m20="-0.582105" m30="-0.551896"
			m01="-0.403427" m11="-0.456744" m21="0.792863" m31="-0.407748"
			m02="-0.871255" m12="0.4565" m22="-0.180339" m32="1.04238"
			m03="0" m13="0" m23="0" m33="1"/>
		<transform name="Bip01 L Thigh"
			m00="-0.0844509" m10="0.668308" m20="0.739075" m30="-0.240869"
			m01="0.316484" m11="0.721308" m21="-0.616079" m31="0.306871"
			m02="-0.944831" m12="0.181877" m22="-0.272424" m32="0.558485"
			m03="0" m13="0" m23="0" m33="1"/>
		<transform name="Bip01 R Thigh"
			m00="0.653272" m10="0.755984" m20="0.0415292" m30="0.119473"
			m01="0.026806" m11="0.0317227" m21="-0.999137" m31="-0.371363"
			m02="-0.756649" m12="0.653821" m22="0.000458595" m32="0.558485"
			m03="0" m13="0" m23="0" m33="1"/>
		<transform name="Bip01 Tail1"
			m00="-0.147741" m10="-0.837099" m20="-0.526724" m30="-0.486541"
			m01="-0.187324" m11="-0.499244" m21="0.84597" m31="-0.324702"
			m02="-0.971124" m12="0.223653" m22="-0.0830496" m32="1.4739"
			m03="0" m13="0" m23="0" m33="1"/>
		<transform name="Bip01 L Clavicle"
			m00="-0.528639" m10="-0.843747" m20="-0.0929081" m30="-0.298054"
			m01="0.786486" m11="-0.528037" m21="0.320339" m31="0.190944"
			m02="-0.319344" m12="0.0962726" m22="0.942736" m32="1.8824"
			m03="0" m13="0" m23="0" m33="1"/>
		<transform name="Bip01 L UpperArm"
			m00="-0.0460712" m10="-0.211946" m20="-0.976195" m30="-0.48962"
			m01="0.848361" m11="-0.52425" m21="0.0737841" m31="0.475948"
			m02="-0.527409" m12="-0.824767" m22="0.20396" m32="1.76667"
			m03="0" m13="0" m23="0" m33="1"/>
		<transform name="Bip01 L Forearm"
			m00="0.205739" m10="-0.068665" m20="-0.976195" m30="-0.513081"
			m01="0.612705" m11="0.78686" m21="0.0737841" m31="0.907953"
			m02="0.763062" m12="-0.613299" m22="0.20396" m32="1.4981"
			m03="0" m13="0" m23="0" m33="1"/>
		<transform name="Bip01 L Hand"
			m00="-0.31316" m10="0.913409" m20="0.260028" m30="-0.419446"
			m01="-0.42021" m11="-0.378807" m21="0.824578" m31="1.1868"
			m02="0.851677" m12="0.148958" m22="0.502451" m32="1.84538"
			m03="0" m13="0" m23="0" m33="1"/>
		<transform name="Bip01 L Finger1"
			m00="0.628752" m10="0.669204" m20="0.396026" m30="-0.560539"
			m01="-0.504604" m11="-0.036365" m21="0.862585" m31="0.997478"
			m02="0.591647" m12="-0.742188" m22="0.314818" m32="2.2291"
			m03="0" m13="0" m23="0" m33="1"/>
		<transform name="Bip01 L Finger0"
			m00="0.96568" m10="-0.00391854" m20="-0.259704" m30="-0.512687"
			m01="-0.259731" m11="-0.010858" m21="-0.96562" m31="0.80879"
			m02="0.000963987" m12="0.999934" m22="-0.0115036" m32="1.84823"
			m03="0" m13="0" m23="0" m33="1"/>
		<transform name="Bip01 L Finger01"
			m00="0.41064" m10="-0.87403" m20="-0.259704" m30="-0.218245"
			m01="-0.121207" m11="0.229971" m21="-0.96562" m31="0.729597"
			m02="0.903706" m12="0.428" m22="-0.0115036" m32="1.84853"
			m03="0" m13="0" m23="0" m33="1"/>
		<transform name="Bip01 L Finger11"
			m00="0.880978" m10="-0.258924" m20="0.396026" m30="-0.371959"
			m01="-0.26025" m11="0.43384" m21="0.862585" m31="0.846134"
			m02="-0.395156" m12="-0.862984" m22="0.314818" m32="2.40655"
			m03="0" m13="0" m23="0" m33="1"/>
		<transform name="Bip01 R Clavicle"
			m00="0.528639" m10="-0.843747" m20="0.0929081" m30="-0.145153"
			m01="-0.786486" m11="-0.528037" m21="-0.320339" m31="-0.0365347"
			m02="0.319344" m12="0.0962726" m22="-0.942736" m32="1.97476"
			m03="0" m13="0" m23="0" m33="1"/>
		<transform name="Bip01 R UpperArm"
			m00="0.348873" m10="-0.902396" m20="-0.252921" m30="0.0464134"
			m01="-0.875643" m11="-0.410047" m21="0.255167" m31="-0.321539"
			m02="-0.333971" m12="0.132447" m22="-0.933232" m32="2.09048"
			m03="0" m13="0" m23="0" m33="1"/>
		<transform name="Bip01 R Forearm"
			m00="0.944877" m10="-0.207938" m20="-0.252921" m30="0.224067"
			m01="-0.14217" m11="-0.956388" m21="0.255167" m31="-0.767436"
			m02="-0.294949" m12="-0.205144" m22="-0.933232" m32="1.92042"
			m03="0" m13="0" m23="0" m33="1"/>
		<transform name="Bip01 R Hand"
			m00="0.885766" m10="-0.360331" m20="0.292541" m30="0.654091"
			m01="-0.0848397" m11="0.493976" m21="0.865326" m31="-0.832139"
			m02="-0.456312" m12="-0.791296" m22="0.406977" m32="1.78618"
			m03="0" m13="0" m23="0" m33="1"/>
		<transform name="Bip01 R Finger1"
			m00="0.567678" m10="-0.769411" m20="0.292828" m30="1.05317"
			m01="0.185767" m11="0.466243" m21="0.864933" m31="-0.870363"
			m02="-0.802018" m12="-0.436606" m22="0.407607" m32="1.5806"
			m03="0" m13="0" m23="0" m33="1"/>
		<transform name="Bip01 R Finger0"
			m00="0.538985" m10="0.327339" m20="-0.776109" m30="0.899602"
			m01="0.800588" m11="-0.485495" m21="0.351217" m31="-0.529963"
			m02="-0.261829" m12="-0.810644" m22="-0.523738" m32="1.78916"
			m03="0" m13="0" m23="0" m33="1"/>
		<transform name="Bip01 R Finger01"
			m00="0.614825" m10="-0.140164" m20="-0.776109" m30="1.06394"
			m01="0.236842" m11="-0.905843" m21="0.351217" m31="-0.285859"
			m02="-0.752261" m12="-0.399753" m22="-0.523738" m32="1.70932"
			m03="0" m13="0" m23="0" m33="1"/>
		<transform name="Bip01 R Finger11"
			m00="-0.000599079" m10="-0.956165" m20="0.292828" m30="1.22343"
			m01="0.426459" m11="0.26462" m21="0.864933" m31="-0.814647"
			m02="-0.904507" m12="0.125397" m22="0.407607" m32="1.34005"
			m03="0" m13="0" m23="0" m33="1"/>
		<transform name="Bip01 R Calf"
			m00="-0.474043" m10="0.879522" m20="0.0415292" m30="0.294612"
			m01="-0.0201077" m11="0.0363397" m21="-0.999137" m31="-0.364177"
			m02="-0.880272" m12="-0.474469" m22="0.000458595" m32="0.355631"
			m03="0" m13="0" m23="0" m33="1"/>
		<transform name="Bip01 R Foot"
			m00="3.34644e-005" m10="1.0" m20="2.07737e-006" m30="0.219214"
			m01="1.02122e-006" m11="2.05205e-006" m21="-1.0" m31="-0.367375"
			m02="-1.0" m12="3.34605e-005" m22="-1.01116e-006" m32="0.21562"
			m03="0" m13="0" m23="0" m33="1"/>
		<transform name="Bip01 R Toe0"
			m00="1.0" m10="-3.30472e-005" m20="2.06052e-006" m30="0.723898"
			m01="2.03521e-006" m11="-1.00297e-006" m21="-1.0" m31="-0.367374"
			m02="3.30433e-005" m12="1.0" m22="-9.92907e-007" m32="0.001979"
			m03="0" m13="0" m23="0" m33="1"/>
		<transform name="Bip01 L Foot"
			m00="1.14562e-006" m10="0.359455" m20="0.933162" m30="-0.365245"
			m01="2.85433e-007" m11="0.933162" m21="-0.359455" m31="0.309811"
			m02="-1.0" m12="6.59078e-007" m22="1.00152e-006" m32="0.21441"
			m03="0" m13="0" m23="0" m33="1"/>
		<transform name="Bip01 L Calf"
			m00="-0.639626" m10="0.211297" m20="0.739075" m30="-0.26351"
			m01="-0.514972" m11="0.596029" m21="-0.616079" m31="0.391719"
			m02="-0.570686" m12="-0.774663" m22="-0.272424" m32="0.30518"
			m03="0" m13="0" m23="0" m33="1"/>
		<transform name="Bip01 L Toe0"
			m00="0.359455" m10="-1.14565e-006" m20="0.933162" m30="-0.183836"
			m01="0.933162" m11="-2.8549e-007" m21="-0.359455" m31="0.780756"
			m02="6.59139e-007" m12="1.0" m22="1.00152e-006" m32="0.000752676"
			m03="0" m13="0" m23="0" m33="1"/>
		<transform name="Bip01 Ponytail1"
			m00="0.935502" m10="-0.349411" m20="-0.0524236" m30="0.0488915"
			m01="-0.0545959" m11="-0.289546" m21="0.955606" m31="0.310477"
			m02="-0.349079" m12="-0.891109" m22="-0.289948" m32="2.50364"
			m03="0" m13="0" m23="0" m33="1"/>
		<transform name="Bip01 Ponytail2"
			m00="0.753144" m10="-0.357089" m20="-0.552504" m30="0.184583"
			m01="0.408691" m11="-0.40415" m21="0.818312" m31="0.221558"
			m02="-0.515505" m12="-0.842111" m22="-0.158444" m32="2.18594"
			m03="0" m13="0" m23="0" m33="1"/>
		<transform name="Bip01 Ponytail21"
			m00="0.443337" m10="-0.705826" m20="-0.552505" m30="0.419153"
			m01="0.127543" m11="-0.560445" m21="0.818312" m31="0.348891"
			m02="-0.887234" m12="-0.433257" m22="-0.158443" m32="2.02561"
			m03="0" m13="0" m23="0" m33="1"/>
		<transform name="Bip01 Prop1"
			m00="0.903742" m10="-0.161977" m20="-0.396249" m30="0.154506"
			m01="-0.4261" m11="-0.251531" m21="-0.869006" m31="1.92882"
			m02="0.0410902" m12="0.954199" m22="-0.296338" m32="2.45835"
			m03="0" m13="0" m23="0" m33="1"/>
		<transform name="Bip01 Prop2"
			m00="0.519228" m10="0.363801" m20="0.773338" m30="-1.30344"
			m01="0.830223" m11="2.12694e-005" m21="-0.557431" m31="0.46203"
			m02="-0.202811" m12="0.931477" m22="-0.302025" m32="2.55973"
			m03="0" m13="0" m23="0" m33="1"/>
		<transform name="Bip01 Prop3"
			m00="-0.500373" m10="-0.382564" m20="0.776706" m30="-2.16339"
			m01="-0.818844" m11="-0.0823465" m21="-0.568079" m31="-0.963001"
			m02="0.281285" m12="-0.920252" m22="-0.272056" m32="3.0499"
			m03="0" m13="0" m23="0" m33="1"/>
	</frame>
	<frame index="2">
		<transform name="Bip01 Spine"
			m00="-0.0432069" m10="0.863082" m20="-0.503212" m30="-0.147883"
			m01="0.163775" m11="0.502987" m21="0.848635" m31="-0.078588"
			m02="0.985551" m12="-0.0457469" m22="-0.163084" m32="1.24164"
			m03="0" m13="0" m23="0" m33="1"/>
		<transform name="Bip01 Pelvis"
			m00="-0.000237647" m10="0.883059" m20="-0.469262" m30="-0.060837"
			m01="-0.000127584" m11="0.469262" m21="0.883059" m31="-0.032319"
			m02="1.0" m12="0.000269727" m22="1.14508e-006" m32="0.558546"
			m03="0" m13="0" m23="0" m33="1"/>
		<transform name="Bip01 Head"
			m00="-0.186053" m10="0.981139" m20="-0.0524491" m30="-0.166736"
			m01="0.27583" m11="0.103391" m21="0.95563" m31="0.15275"
			m02="0.943028" m12="0.163331" m22="-0.289864" m32="2.02371"
			m03="0" m13="0" m23="0" m33="1"/>
		<transform name="Bip01 Neck"
			m00="0.250142" m10="0.811159" m20="-0.528631" m30="-0.196378"
			m01="0.503864" m11="0.357169" m21="0.78648" m31="0.093041"
			m02="0.826771" m12="-0.46309" m22="-0.319371" m32="1.92574"
			m03="0" m13="0" m23="0" m33="1"/>
		<transform name="Bip01 Spine1"
			m00="-0.0926103" m10="0.843785" m20="-0.528631" m30="-0.163449"
			m01="0.320555" m11="0.527913" m21="0.786481" m31="-0.0206393"
			m02="0.942692" m12="-0.0966192" m22="-0.31937" m32="1.59128"
			m03="0" m13="0" m23="0" m33="1"/>
		<transform name="Bip01 Tail"
			m00="-0.208253" m10="-0.462499" m20="-0.861815" m30="-0.39463"
			m01="-0.260187" m11="-0.823188" m21="0.504643" m31="-0.209493"
			m02="-0.942833" m12="0.329326" m22="0.0510951" m32="1.89273"
			m03="0" m13="0" m23="0" m33="1"/>
		<transform name="Bip01 Tail2"
			m00="-0.279494" m10="-0.763649" m20="-0.582" m30="-0.552134"
			m01="-0.403261" m11="-0.456739" m21="0.79295" m31="-0.407872"
			m02="-0.871358" m12="0.456322" m22="-0.180294" m32="1.04231"
			m03="0" m13="0" m23="0" m33="1"/>
		<transform name="Bip01 L Thigh"
			m00="-0.0840024" m10="0.668191" m20="0.739232" m30="-0.241037"
			m01="0.316734" m11="0.721285" m21="-0.615976" m31="0.306783"
			m02="-0.944787" m12="0.182397" m22="-0.272229" m32="0.558546"
			m03="0" m13="0" m23="0" m33="1"/>
		<transform name="Bip01 R Thigh"
			m00="0.653264" m10="0.755985" m20="0.0416246" m30="0.119363"
			m01="0.0269647" m11="0.0317116" m21="-0.999133" m31="-0.371421"
			m02="-0.75665" m12="0.65382" m22="0.000331178" m32="0.558546"
			m03="0" m13="0" m23="0" m33="1"/>
		<transform name="Bip01 Tail1"
			m00="-0.147613" m10="-0.837148" m20="-0.526681" m30="-0.486837"
			m01="-0.187185" m11="-0.499245" m21="0.846" m31="-0.324888"
			m02="-0.971171" m12="0.223467" m22="-0.0830069" m32="1.47386"
			m03="0" m13="0" m23="0" m33="1"/>
		<transform name="Bip01 L Clavicle"
			m00="-0.528634" m10="-0.843709" m20="-0.0932822" m30="-0.298541"
			m01="0.786479" m11="-0.52817" m21="0.320135" m31="0.190668"
			m02="-0.319369" m12="0.0958694" m22="0.942768" m32="1.88244"
			m03="0" m13="0" m23="0" m33="1"/>
		<transform name="Bip01 L UpperArm"
			m00="-0.0460971" m10="-0.211587" m20="-0.976271" m30="-0.490106"
			m01="0.848451" m11="-0.524141" m21="0.0735354" m31="0.47567"
			m02="-0.527263" m12="-0.824928" m22="0.203683" m32="1.76671"
			m03="0" m13="0" m23="0" m33="1"/>
		<transform name="Bip01 L Forearm"
			m00="0.205373" m10="-0.0686745" m20="-0.976271" m30="-0.51358"
			m01="0.612691" m11="0.786894" m21="0.0735354" m31="0.90772"
			m02="0.763172" m12="-0.613255" m22="0.203683" m32="1.49821"
			m03="0" m13="0" m23="0" m33="1"/>
		<transform name="Bip01 L Hand"
			m00="-0.3133" m10="0.913422" m20="0.259814" m30="-0.420112"
			m01="-0.4202" m11="-0.378687" m21="0.824638" m31="1.18656"
			m02="0.851631" m12="0.149185" m22="0.502462" m32="1.84554"
			m03="0" m13="0" m23="0" m33="1"/>
		<transform name="Bip01 L Finger1"
			m00="0.628681" m10="0.669376" m20="0.39585" m30="-0.561268"
			m01="-0.504493" m11="-0.036326" m21="0.862651" m31="0.997244"
			m02="0.591818" m12="-0.742036" m22="0.314858" m32="2.22924"
			m03="0" m13="0" m23="0" m33="1"/>
		<transform name="Bip01 L Finger0"
			m00="0.965712" m10="-0.00414239" m20="-0.259583" m30="-0.513307"
			m01="-0.259613" m11="-0.0108008" m21="-0.965652" m31="0.80854"
			m02="0.00119637" m12="0.999933" m22="-0.0115063" m32="1.84839"
			m03="0" m13="0" m23="0" m33="1"/>
		<transform name="Bip01 L Finger01"
			m00="0.410451" m10="-0.874155" m20="-0.259583" m30="-0.218856"
			m01="-0.121104" m11="0.229889" m21="-0.965652" m31="0.729382"
			m02="0.903805" m12="0.42779" m22="-0.0115063" m32="1.84876"
			m03="0" m13="0" m23="0" m33="1"/>
		<transform name="Bip01 L Finger11"
			m00="0.881099" m10="-0.258783" m20="0.39585" m30="-0.37271"
			m01="-0.260166" m11="0.433759" m21="0.862651" m31="0.845933"
			m02="-0.394942" m12="-0.863068" m22="0.314858" m32="2.40674"
			m03="0" m13="0" m23="0" m33="1"/>
		<transform name="Bip01 R Clavicle"
			m00="0.528634" m10="-0.843709" m20="0.0932821" m30="-0.145643"
			m01="-0.786479" m11="-0.52817" m21="-0.320135" m31="-0.0368087"
			m02="0.319369" m12="0.0958694" m22="-0.942768" m32="1.97481"
			m03="0" m13="0" m23="0" m33="1"/>
		<transform name="Bip01 R UpperArm"
			m00="0.349122" m10="-0.902371" m20="-0.252665" m30="0.045922"
			m01="-0.875532" m11="-0.410216" m21="0.255277" m31="-0.321811"
			m02="-0.334002" m12="0.132094" m22="-0.93327" m32="2.09054"
			m03="0" m13="0" m23="0" m33="1"/>
		<transform name="Bip01 R Forearm"
			m00="0.944877" m10="-0.208249" m20="-0.252665" m30="0.223703"
			m01="-0.142506" m11="-0.956308" m21="0.255277" m31="-0.767651"
			m02="-0.294787" m12="-0.2052" m22="-0.93327" m32="1.92046"
			m03="0" m13="0" m23="0" m33="1"/>
		<transform name="Bip01 R Hand"
			m00="0.885815" m10="-0.360014" m20="0.292784" m30="0.653726"
			m01="-0.0851513" m11="0.494123" m21="0.865212" m31="-0.832507"
			m02="-0.45616" m12="-0.791348" m22="0.407046" m32="1.7863"
			m03="0" m13="0" m23="0" m33="1"/>
		<transform name="Bip01 R Finger1"
			m00="0.567885" m10="-0.769166" m20="0.29307" m30="1.05283"
			m01="0.185578" m11="0.46653" m21="0.864818" m31="-0.870871"
			m02="-0.801915" m12="-0.43673" m22="0.407676" m32="1.58078"
			m03="0" m13="0" m23="0" m33="1"/>
		<transform name="Bip01 R Finger0"
			m00="0.53932" m10="0.327304" m20="-0.77589" m30="0.899346"
			m01="0.800398" m11="-0.485597" m21="0.351509" m31="-0.53042"
			m02="-0.261719" m12="-0.810597" m22="-0.523866" m32="1.78932"
			m03="0" m13="0" m23="0" m33="1"/>
		<transform name="Bip01 R Finger01"
			m00="0.615041" m10="-0.140423" m20="-0.77589" m30="1.06379"
			m01="0.236635" m11="-0.905784" m21="0.351509" m31="-0.286374"
			m02="-0.752149" m12="-0.399796" m22="-0.523866" m32="1.70952"
			m03="0" m13="0" m23="0" m33="1"/>
		<transform name="Bip01 R Finger11"
			m00="-0.000286987" m10="-0.956091" m20="0.29307" m30="1.22315"
			m01="0.426478" m11="0.264964" m21="0.864818" m31="-0.815212"
			m02="-0.904498" m12="0.125236" m22="0.407676" m32="1.34026"
			m03="0" m13="0" m23="0" m33="1"/>
		<transform name="Bip01 R Calf"
			m00="-0.473336" m10="0.879898" m20="0.0416246" m30="0.2945"
			m01="-0.0200114" m11="0.0365002" m21="-0.999133" m31="-0.364192"
			m02="-0.880655" m12="-0.473759" m22="0.000331178" m32="0.355692"
			m03="0" m13="0" m23="0" m33="1"/>
		<transform name="Bip01 R Foot"
			m00="3.34612e-005" m10="1.0" m20="2.1036e-006" m30="0.219214"
			m01="1.03172e-006" m11="2.07875e-006" m21="-1.0" m31="-0.367375"
			m02="-1.0" m12="3.34671e-005" m22="-1.00904e-006" m32="0.21562"
			m03="0" m13="0" m23="0" m33="1"/>
		<transform name="Bip01 R Toe0"
			m00="1.0" m10="-3.3044e-005" m20="2.08675e-006" m30="0.723898"
			m01="2.06191e-006" m11="-1.01347e-006" m21="-1.0" m31="-0.367374"
			m02="3.30499e-005" m12="1.0" m22="-9.90792e-007" m32="0.001979"
			m03="0" m13="0" m23="0" m33="1"/>
		<transform name="Bip01 L Foot"
			m00="1.14213e-006" m10="0.359455" m20="0.933162" m30="-0.365245"
			m01="3.09849e-007" m11="0.933162" m21="-0.359455" m31="0.309811"
			m02="-1.0" m12="7.10168e-007" m22="9.22317e-007" m32="0.21441"
			m03="0" m13="0" m23="0" m33="1"/>
		<transform name="Bip01 L Calf"
			m00="-0.639325" m10="0.211657" m20="0.739232" m30="-0.263557"
			m01="-0.514839" m11="0.59625" m21="-0.615976" m31="0.391698"
			m02="-0.571143" m12="-0.774395" m22="-0.272229" m32="0.305253"
			m03="0" m13="0" m23="0" m33="1"/>
		<transform name="Bip01 L Toe0"
			m00="0.359455" m10="-1.14215e-006" m20="0.933162" m30="-0.183836"
			m01="0.933162" m11="-3.09906e-007" m21="-0.359455" m31="0.780756"
			m02="7.10229e-007" m12="1.0" m22="9.22317e-007" m32="0.00075264"
			m03="0" m13="0" m23="0" m33="1"/>
		<transform name="Bip01 Ponytail1"
			m00="0.935972" m10="-0.348145" m20="-0.0524528" m30="0.0482101"
			m01="-0.0541485" m11="-0.289554" m21="0.955629" m31="0.310166"
			m02="-0.347885" m12="-0.891602" m22="-0.289866" m32="2.50379"
			m03="0" m13="0" m23="0" m33="1"/>
		<transform name="Bip01 Ponytail2"
			m00="0.753226" m10="-0.35684" m20="-0.552554" m30="0.183998"
			m01="0.408814" m11="-0.404121" m21="0.818265" m31="0.221295"
			m02="-0.515288" m12="-0.84223" m22="-0.158513" m32="2.18612"
			m03="0" m13="0" m23="0" m33="1"/>
		<transform name="Bip01 Ponytail21"
			m00="0.44354" m10="-0.705659" m20="-0.552555" m30="0.418595"
			m01="0.127663" m11="-0.560487" m21="0.818265" m31="0.348666"
			m02="-0.887116" m12="-0.433474" m22="-0.158512" m32="2.02586"
			m03="0" m13="0" m23="0" m33="1"/>
		<transform name="Bip01 Prop1"
			m00="0.903781" m10="-0.162164" m20="-0.396083" m30="0.154034"
			m01="-0.425995" m11="-0.251493" m21="-0.869068" m31="1.92803"
			m02="0.0413194" m12="0.954177" m22="-0.296375" m32="2.45903"
			m03="0" m13="0" m23="0" m33="1"/>
		<transform name="Bip01 Prop2"
			m00="0.519179" m10="0.363591" m20="0.773469" m30="-1.30377"
			m01="0.83027" m11="0.000117851" m21="-0.557361" m31="0.461075"
			m02="-0.202743" m12="0.931559" m22="-0.301818" m32="2.56017"
			m03="0" m13="0" m23="0" m33="1"/>
		<transform name="Bip01 Prop3"
			m00="-0.500344" m10="-0.382347" m20="0.776831" m30="-2.16367"
			m01="-0.818884" m11="-0.0824446" m21="-0.568008" m31="-0.964025"
			m02="0.281221" m12="-0.920334" m22="-0.271847" m32="3.05023"
			m03="0" m13="0" m23="0" m33="1"/>
	</frame>
	<frame index="3">
		<transform name="Bip01 Spine"
			m00="-0.0436745" m10="0.863017" m20="-0.503283" m30="-0.148312"
			m01="0.163526" m11="0.503145" m21="0.84859" m31="-0.0788299"
			m02="0.985572" m12="-0.0452381" m22="-0.1631" m32="1.24171"
			m03="0" m13="0" m23="0" m33="1"/>
		<transform name="Bip01 Pelvis"
			m00="-0.000535071" m10="0.882993" m20="-0.469387" m30="-0.0610691"
			m01="-0.000285314" m11="0.469387" m21="0.882993" m31="-0.0324408"
			m02="1.0" m12="0.000606386" m22="7.75361e-007" m32="0.558647"
			m03="0" m13="0" m23="0" m33="1"/>
		<transform name="Bip01 Head"
			m00="-0.186533" m10="0.981045" m20="-0.0524979" m30="-0.167622"
			m01="0.275638" m11="0.103549" m21="0.955668" m31="0.152273"
			m02="0.942989" m12="0.163794" m22="-0.289728" m32="2.02384"
			m03="0" m13="0" m23="0" m33="1"/>
		<transform name="Bip01 Neck"
			m00="0.249545" m10="0.811348" m20="-0.528622" m30="-0.197194"
			m01="0.50364" m11="0.357509" m21="0.786469" m31="0.0925898"
			m02="0.827088" m12="-0.462495" m22="-0.319413" m32="1.92583"
			m03="0" m13="0" m23="0" m33="1"/>
		<transform name="Bip01 Spine1"
			m00="-0.0932332" m10="0.843722" m20="-0.528622" m30="-0.164043"
			m01="0.320215" m11="0.528136" m21="0.78647" m31="-0.0209698"
			m02="0.942746" m12="-0.0959477" m22="-0.319412" m32="1.59136"
			m03="0" m13="0" m23="0" m33="1"/>
		<transform name="Bip01 Tail"
			m00="-0.208002" m10="-0.462553" m20="-0.861847" m30="-0.395234"
			m01="-0.260028" m11="-0.823263" m21="0.504602" m31="-0.209872"
			m02="-0.942932" m12="0.329063" m22="0.0509639" m32="1.8927"
			m03="0" m13="0" m23="0" m33="1"/>
		<transform name="Bip01 Tail2"
			m00="-0.279361" m10="-0.763831" m20="-0.581824" m30="-0.552532"
			m01="-0.402983" m11="-0.456731" m21="0.793097" m31="-0.408078"
			m02="-0.871529" m12="0.456025" m22="-0.180218" m32="1.04221"
			m03="0" m13="0" m23="0" m33="1"/>
		<transform name="Bip01 L Thigh"
			m00="-0.0832557" m10="0.667995" m20="0.739494" m30="-0.241317"
			m01="0.317151" m11="0.721248" m21="-0.615806" m31="0.306636"
			m02="-0.944713" m12="0.183262" m22="-0.271903" m32="0.558647"
			m03="0" m13="0" m23="0" m33="1"/>
		<transform name="Bip01 R Thigh"
			m00="0.653251" m10="0.755988" m20="0.0417835" m30="0.119179"
			m01="0.0272288" m11="0.0316934" m21="-0.999127" m31="-0.371517"
			m02="-0.756652" m12="0.653818" m22="0.000119116" m32="0.558648"
			m03="0" m13="0" m23="0" m33="1"/>
		<transform name="Bip01 Tail1"
			m00="-0.147398" m10="-0.837231" m20="-0.52661" m30="-0.48733"
			m01="-0.186954" m11="-0.499245" m21="0.846052" m31="-0.325197"
			m02="-0.971247" m12="0.223159" m22="-0.0829358" m32="1.47379"
			m03="0" m13="0" m23="0" m33="1"/>
		<transform name="Bip01 L Clavicle"
			m00="-0.528625" m10="-0.843646" m20="-0.0939051" m30="-0.299354"
			m01="0.786468" m11="-0.528393" m21="0.319794" m31="0.190208"
			m02="-0.319412" m12="0.0951978" m22="0.942822" m32="1.88251"
			m03="0" m13="0" m23="0" m33="1"/>
		<transform name="Bip01 L UpperArm"
			m00="-0.0461402" m10="-0.21099" m20="-0.976399" m30="-0.490915"
			m01="0.848599" m11="-0.523959" m21="0.0731211" m31="0.475206"
			m02="-0.527021" m12="-0.825197" m22="0.203221" m32="1.76676"
			m03="0" m13="0" m23="0" m33="1"/>
		<transform name="Bip01 L Forearm"
			m00="0.204761" m10="-0.0686897" m20="-0.976399" m30="-0.514411"
			m01="0.612668" m11="0.78695" m21="0.0731211" m31="0.907332"
			m02="0.763355" m12="-0.613181" m22="0.203221" m32="1.49839"
			m03="0" m13="0" m23="0" m33="1"/>
		<transform name="Bip01 L Hand"
			m00="-0.313534" m10="0.913443" m20="0.259458" m30="-0.421222"
			m01="-0.420182" m11="-0.378487" m21="0.824739" m31="1.18616"
			m02="0.851554" m12="0.149564" m22="0.502481" m32="1.8458"
			m03="0" m13="0" m23="0" m33="1"/>
		<transform name="Bip01 L Finger1"
			m00="0.628562" m10="0.669661" m20="0.395557" m30="-0.562482"
			m01="-0.504309" m11="-0.0362605" m21="0.862762" m31="0.996853"
			m02="0.592101" m12="-0.741782" m22="0.314923" m32="2.22946"
			m03="0" m13="0" m23="0" m33="1"/>
		<transform name="Bip01 L Finger0"
			m00="0.965764" m10="-0.00451561" m20="-0.259382" m30="-0.514341"
			m01="-0.259415" m11="-0.0107061" m21="-0.965706" m31="0.808123"
			m02="0.00158373" m12="0.999933" m22="-0.0115113" m32="1.84865"
			m03="0" m13="0" m23="0" m33="1"/>
		<transform name="Bip01 L Finger01"
			m00="0.410135" m10="-0.874363" m20="-0.259382" m30="-0.219873"
			m01="-0.120934" m11="0.229752" m21="-0.965706" m31="0.729025"
			m02="0.903971" m12="0.427438" m22="-0.0115113" m32="1.84913"
			m03="0" m13="0" m23="0" m33="1"/>
		<transform name="Bip01 L Finger11"
			m00="0.881299" m10="-0.258548" m20="0.395557" m30="-0.37396"
			m01="-0.260024" m11="0.433624" m21="0.862762" m31="0.845598"
			m02="-0.394588" m12="-0.863206" m22="0.314923" m32="2.40705"
			m03="0" m13="0" m23="0" m33="1"/>
		<transform name="Bip01 R Clavicle"
			m00="0.528625" m10="-0.843646" m20="0.093905" m30="-0.146457"
			m01="-0.786468" m11="-0.528393" m21="-0.319794" m31="-0.0372651"
			m02="0.319412" m12="0.0951978" m22="-0.942822" m32="1.97489"
			m03="0" m13="0" m23="0" m33="1"/>
		<transform name="Bip01 R UpperArm"
			m00="0.349536" m10="-0.90233" m20="-0.252241" m30="0.0451039"
			m01="-0.875347" m11="-0.410496" m21="0.255462" m31="-0.322263"
			m02="-0.334055" m12="0.131505" m22="-0.933335" m32="2.09064"
			m03="0" m13="0" m23="0" m33="1"/>
		<transform name="Bip01 R Forearm"
			m00="0.944876" m10="-0.208769" m20="-0.252241" m30="0.223095"
			m01="-0.143068" m11="-0.956175" m21="0.255462" m31="-0.768009"
			m02="-0.294519" m12="-0.205292" m22="-0.933335" m32="1.92053"
			m03="0" m13="0" m23="0" m33="1"/>
		<transform name="Bip01 R Hand"
			m00="0.885894" m10="-0.359487" m20="0.29319" m30="0.653119"
			m01="-0.0856722" m11="0.494368" m21="0.865021" m31="-0.833121"
			m02="-0.455907" m12="-0.791435" m22="0.40716" m32="1.78649"
			m03="0" m13="0" m23="0" m33="1"/>
		<transform name="Bip01 R Finger1"
			m00="0.568229" m10="-0.768758" m20="0.293476" m30="1.05225"
			m01="0.185261" m11="0.467011" m21="0.864627" m31="-0.87172"
			m02="-0.801745" m12="-0.436936" m22="0.40779" m32="1.58108"
			m03="0" m13="0" m23="0" m33="1"/>
		<transform name="Bip01 R Finger0"
			m00="0.539881" m10="0.327244" m20="-0.775526" m30="0.89892"
			m01="0.80008" m11="-0.485768" m21="0.351997" m31="-0.531183"
			m02="-0.261536" m12="-0.810519" m22="-0.524078" m32="1.78959"
			m03="0" m13="0" m23="0" m33="1"/>
		<transform name="Bip01 R Finger01"
			m00="0.615402" m10="-0.140856" m20="-0.775526" m30="1.06353"
			m01="0.236288" m11="-0.905685" m21="0.351997" m31="-0.287233"
			m02="-0.751963" m12="-0.399868" m22="-0.524078" m32="1.70985"
			m03="0" m13="0" m23="0" m33="1"/>
		<transform name="Bip01 R Finger11"
			m00="0.000232222" m10="-0.955967" m20="0.293476" m30="1.22268"
			m01="0.426509" m11="0.265539" m21="0.864627" m31="-0.816155"
			m02="-0.904484" m12="0.124969" m22="0.40779" m32="1.34062"
			m03="0" m13="0" m23="0" m33="1"/>
		<transform name="Bip01 R Calf"
			m00="-0.472156" m10="0.880524" m20="0.0417835" m30="0.294312"
			m01="-0.0198507" m11="0.0367672" m21="-0.999127" m31="-0.364217"
			m02="-0.881291" m12="-0.472573" m22="0.000119116" m32="0.355793"
			m03="0" m13="0" m23="0" m33="1"/>
		<transform name="Bip01 R Foot"
			m00="3.34575e-005" m10="1.0" m20="2.06407e-006" m30="0.219214"
			m01="1.02138e-006" m11="2.08697e-006" m21="-1.0" m31="-0.367375"
			m02="-1.0" m12="3.34598e-005" m22="-1.01014e-006" m32="0.21562"
			m03="0" m13="0" m23="0" m33="1"/>
		<transform name="Bip01 R Toe0"
			m00="1.0" m10="-3.30403e-005" m20="2.04723e-006" m30="0.723898"
			m01="2.07013e-006" m11="-1.00313e-006" m21="-1.0" m31="-0.367374"
			m02="3.30426e-005" m12="1.0" m22="-9.91888e-007" m32="0.00197892"
			m03="0" m13="0" m23="0" m33="1"/>
		<transform name="Bip01 L Foot"
