<?xml version="1.0" encoding="ISO-8859-1" standalone="yes"?>

<!DOCTYPE animation [
	<!ELEMENT animation  (frame+)>
	<!ELEMENT frame      (transform+)>
	<!ELEMENT transform   EMPTY>
	<!ATTLIST frame index CDATA #REQUIRED>
	<!ATTLIST transform name CDATA #REQUIRED>
	<!ATTLIST transform m00 CDATA #REQUIRED>
	<!ATTLIST transform m01 CDATA #REQUIRED>
	<!ATTLIST transform m02 CDATA #REQUIRED>
	<!ATTLIST transform m03 CDATA #REQUIRED>
	<!ATTLIST transform m10 CDATA #REQUIRED>
	<!ATTLIST transform m11 CDATA #REQUIRED>
	<!ATTLIST transform m12 CDATA #REQUIRED>
	<!ATTLIST transform m13 CDATA #REQUIRED>
	<!ATTLIST transform m20 CDATA #REQUIRED>
	<!ATTLIST transform m21 CDATA #REQUIRED>
	<!ATTLIST transform m22 CDATA #REQUIRED>
	<!ATTLIST transform m23 CDATA #REQUIRED>
	<!ATTLIST transform m30 CDATA #REQUIRED>
	<!ATTLIST transform m31 CDATA #REQUIRED>
	<!ATTLIST transform m32 CDATA #REQUIRED>
	<!ATTLIST transform m33 CDATA #REQUIRED>
]>

<animation>
	<frame index="0">
		<transform name="Bip01 Spine"
			m00="-0.0428325" m10="0.863134" m20="-0.503155" m30="-0.14754"
			m01="0.163975" m11="0.502861" m21="0.848671" m31="-0.0783944"
			m02="0.985534" m12="-0.0461543" m22="-0.163071" m32="1.24158"
			m03="0" m13="0" m23="0" m33="1"/>
		<transform name="Bip01 Pelvis"
			m00="6.50634e-007" m10="0.883112" m20="-0.469162" m30="-0.0606513"
			m01="-1.2247e-006" m11="0.469162" m21="0.883112" m31="-0.0322215"
			m02="1.0" m12="0.0" m22="1.3868e-006" m32="0.558464"
			m03="0" m13="0" m23="0" m33="1"/>
		<transform name="Bip01 Head"
			m00="-0.185668" m10="0.981214" m20="-0.0524103" m30="-0.166026"
			m01="0.275984" m11="0.103264" m21="0.955599" m31="0.153133"
			m02="0.943059" m12="0.16296" m22="-0.289972" m32="2.02361"
			m03="0" m13="0" m23="0" m33="1"/>
		<transform name="Bip01 Neck"
			m00="0.250619" m10="0.811006" m20="-0.528638" m30="-0.195725"
			m01="0.504043" m11="0.356897" m21="0.786489" m31="0.0934022"
			m02="0.826517" m12="-0.463566" m22="-0.319337" m32="1.92566"
			m03="0" m13="0" m23="0" m33="1"/>
		<transform name="Bip01 Spine1"
			m00="-0.0921115" m10="0.843835" m20="-0.528638" m30="-0.162973"
			m01="0.320827" m11="0.527734" m21="0.78649" m31="-0.0203747"
			m02="0.942648" m12="-0.0971569" m22="-0.319336" m32="1.59122"
			m03="0" m13="0" m23="0" m33="1"/>
		<transform name="Bip01 Tail"
			m00="-0.208453" m10="-0.462457" m20="-0.861789" m30="-0.394146"
			m01="-0.260314" m11="-0.823128" m21="0.504676" m31="-0.209189"
			m02="-0.942753" m12="0.329537" m22="0.0512002" m32="1.89275"
			m03="0" m13="0" m23="0" m33="1"/>
		<transform name="Bip01 Tail2"
			m00="-0.2796" m10="-0.763503" m20="-0.58214" m30="-0.551816"
			m01="-0.403483" m11="-0.456746" m21="0.792834" m31="-0.407706"
			m02="-0.871221" m12="0.45656" m22="-0.180354" m32="1.0424"
			m03="0" m13="0" m23="0" m33="1"/>
		<transform name="Bip01 L Thigh"
			m00="-0.104194" m10="0.622427" m20="0.775711" m30="-0.240813"
			m01="0.331652" m11="0.757058" m21="-0.562912" m31="0.306901"
			m02="-0.93763" m12="0.198614" m22="-0.28531" m32="0.558464"
			m03="0" m13="0" m23="0" m33="1"/>
		<transform name="Bip01 R Thigh"
			m00="0.653171" m10="0.75574" m20="-0.0471723" m30="0.11951"
			m01="-0.0116889" m11="-0.0522266" m21="-0.998567" m31="-0.371344"
			m02="-0.757121" m12="0.652786" m22="-0.0252791" m32="0.558464"
			m03="0" m13="0" m23="0" m33="1"/>
		<transform name="Bip01 Tail1"
			m00="-0.147784" m10="-0.837082" m20="-0.526738" m30="-0.486442"
			m01="-0.18737" m11="-0.499244" m21="0.845959" m31="-0.324641"
			m02="-0.971109" m12="0.223714" m22="-0.0830638" m32="1.47391"
			m03="0" m13="0" m23="0" m33="1"/>
		<transform name="Bip01 L Clavicle"
			m00="-0.528641" m10="-0.84376" m20="-0.0927834" m30="-0.297891"
			m01="0.786488" m11="-0.527992" m21="0.320407" m31="0.191036"
			m02="-0.319335" m12="0.0964071" m22="0.942725" m32="1.88238"
			m03="0" m13="0" m23="0" m33="1"/>
		<transform name="Bip01 L UpperArm"
			m00="-0.0460625" m10="-0.212065" m20="-0.976169" m30="-0.489458"
			m01="0.848332" m11="-0.524287" m21="0.0738671" m31="0.476041"
			m02="-0.527457" m12="-0.824713" m22="0.204052" m32="1.76666"
			m03="0" m13="0" m23="0" m33="1"/>
		<transform name="Bip01 L Forearm"
			m00="0.205862" m10="-0.0686618" m20="-0.976169" m30="-0.512914"
			m01="0.612709" m11="0.786849" m21="0.0738671" m31="0.908031"
			m02="0.763026" m12="-0.613314" m22="0.204052" m32="1.49807"
			m03="0" m13="0" m23="0" m33="1"/>
		<transform name="Bip01 L Hand"
			m00="-0.313113" m10="0.913405" m20="0.260099" m30="-0.419224"
			m01="-0.420214" m11="-0.378847" m21="0.824557" m31="1.18688"
			m02="0.851693" m12="0.148882" m22="0.502448" m32="1.84533"
			m03="0" m13="0" m23="0" m33="1"/>
		<transform name="Bip01 L Finger1"
			m00="0.628776" m10="0.669147" m20="0.396085" m30="-0.560296"
			m01="-0.504641" m11="-0.0363778" m21="0.862563" m31="0.997556"
			m02="0.59159" m12="-0.742239" m22="0.314805" m32="2.22906"
			m03="0" m13="0" m23="0" m33="1"/>
		<transform name="Bip01 L Finger0"
			m00="0.96567" m10="-0.0038441" m20="-0.259744" m30="-0.51248"
			m01="-0.25977" m11="-0.0108773" m21="-0.965609" m31="0.808873"
			m02="0.000886498" m12="0.999934" m22="-0.0115028" m32="1.84818"
			m03="0" m13="0" m23="0" m33="1"/>
		<transform name="Bip01 L Finger01"
			m00="0.410702" m10="-0.873989" m20="-0.259744" m30="-0.218041"
			m01="-0.121241" m11="0.229999" m21="-0.965609" m31="0.729668"
			m02="0.903673" m12="0.42807" m22="-0.0115028" m32="1.84845"
			m03="0" m13="0" m23="0" m33="1"/>
		<transform name="Bip01 L Finger11"
			m00="0.880938" m10="-0.258971" m20="0.396085" m30="-0.371709"
			m01="-0.260279" m11="0.433867" m21="0.862563" m31="0.846201"
			m02="-0.395227" m12="-0.862957" m22="0.314805" m32="2.40649"
			m03="0" m13="0" m23="0" m33="1"/>
		<transform name="Bip01 R Clavicle"
			m00="0.528641" m10="-0.84376" m20="0.0927834" m30="-0.14499"
			m01="-0.786488" m11="-0.527992" m21="-0.320407" m31="-0.0364434"
			m02="0.319335" m12="0.0964071" m22="-0.942725" m32="1.97475"
			m03="0" m13="0" m23="0" m33="1"/>
		<transform name="Bip01 R UpperArm"
			m00="0.34879" m10="-0.902404" m20="-0.253006" m30="0.0465772"
			m01="-0.87568" m11="-0.409991" m21="0.25513" m31="-0.321449"
			m02="-0.33396" m12="0.132565" m22="-0.933219" m32="2.09046"
			m03="0" m13="0" m23="0" m33="1"/>
		<transform name="Bip01 R Forearm"
			m00="0.944877" m10="-0.207834" m20="-0.253006" m30="0.224189"
			m01="-0.142057" m11="-0.956414" m21="0.25513" m31="-0.767365"
			m02="-0.295003" m12="-0.205125" m22="-0.933219" m32="1.9204"
			m03="0" m13="0" m23="0" m33="1"/>
		<transform name="Bip01 R Hand"
			m00="0.88575" m10="-0.360437" m20="0.292459" m30="0.654213"
			m01="-0.0847352" m11="0.493927" m21="0.865364" m31="-0.832016"
			m02="-0.456363" m12="-0.791278" m22="0.406954" m32="1.78615"
			m03="0" m13="0" m23="0" m33="1"/>
		<transform name="Bip01 R Finger1"
			m00="0.567609" m10="-0.769493" m20="0.292746" m30="1.05328"
			m01="0.185831" m11="0.466146" m21="0.864971" m31="-0.870193"
			m02="-0.802052" m12="-0.436564" m22="0.407584" m32="1.58053"
			m03="0" m13="0" m23="0" m33="1"/>
		<transform name="Bip01 R Finger0"
			m00="0.538872" m10="0.327351" m20="-0.776182" m30="0.899687"
			m01="0.800651" m11="-0.485461" m21="0.35112" m31="-0.52981"
			m02="-0.261866" m12="-0.81066" m22="-0.523695" m32="1.7891"
			m03="0" m13="0" m23="0" m33="1"/>
		<transform name="Bip01 R Finger01"
			m00="0.614752" m10="-0.140077" m20="-0.776182" m30="1.06399"
			m01="0.236912" m11="-0.905863" m21="0.35112" m31="-0.285687"
			m02="-0.752298" m12="-0.399739" m22="-0.523695" m32="1.70926"
			m03="0" m13="0" m23="0" m33="1"/>
		<transform name="Bip01 R Finger11"
			m00="-0.000703358" m10="-0.95619" m20="0.292746" m30="1.22352"
			m01="0.426453" m11="0.264505" m21="0.864971" m31="-0.814458"
			m02="-0.90451" m12="0.125451" m22="0.407584" m32="1.33998"
			m03="0" m13="0" m23="0" m33="1"/>
		<transform name="Bip01 R Calf"
			m00="-0.474051" m10="0.879233" m20="-0.0471723" m30="0.294622"
			m01="0.0446556" m11="-0.0294979" m21="-0.998567" m31="-0.374478"
			m02="-0.879364" m12="-0.475479" m22="-0.0252791" m32="0.355484"
			m03="0" m13="0" m23="0" m33="1"/>
		<transform name="Bip01 R Foot"
			m00="6.70433e-006" m10="1.0" m20="2.13348e-006" m30="0.219222"
			m01="2.47623e-007" m11="2.10551e-006" m21="-1.0" m31="-0.367375"
			m02="-1.0" m12="6.70925e-006" m22="-2.22525e-007" m32="0.215618"
			m03="0" m13="0" m23="0" m33="1"/>
		<transform name="Bip01 R Toe0"
			m00="1.0" m10="-6.28709e-006" m20="2.11663e-006" m30="0.723901"
			m01="2.08867e-006" m11="-2.29372e-007" m21="-1.0" m31="-0.367374"
			m02="6.29202e-006" m12="1.0" m22="-2.04275e-007" m32="0.00196309"
			m03="0" m13="0" m23="0" m33="1"/>
		<transform name="Bip01 L Foot"
			m00="1.10375e-006" m10="0.359455" m20="0.933162" m30="-0.365245"
			m01="1.5763e-007" m11="0.933162" m21="-0.359455" m31="0.309812"
			m02="-1.0" m12="5.47429e-007" m22="9.67764e-007" m32="0.21441"
			m03="0" m13="0" m23="0" m33="1"/>
		<transform name="Bip01 L Calf"
			m00="-0.606702" m10="0.173736" m20="0.775711" m30="-0.268747"
			m01="-0.540717" m11="0.625105" m21="-0.562912" m31="0.395815"
			m02="-0.582699" m12="-0.76096" m22="-0.28531" m32="0.30709"
			m03="0" m13="0" m23="0" m33="1"/>
		<transform name="Bip01 L Toe0"
			m00="0.359455" m10="-1.10377e-006" m20="0.933162" m30="-0.183836"
			m01="0.933162" m11="-1.57687e-007" m21="-0.359455" m31="0.780757"
			m02="5.4749e-007" m12="1.0" m22="9.67764e-007" m32="0.000752024"
			m03="0" m13="0" m23="0" m33="1"/>
		<transform name="Bip01 Ponytail1"
			m00="0.935335" m10="-0.349858" m20="-0.0524139" m30="0.0491187"
			m01="-0.0547527" m11="-0.289542" m21="0.955598" m31="0.31058"
			m02="-0.3495" m12="-0.890935" m22="-0.289975" m32="2.50359"
			m03="0" m13="0" m23="0" m33="1"/>
		<transform name="Bip01 Ponytail2"
			m00="0.753117" m10="-0.357171" m20="-0.552488" m30="0.184778"
			m01="0.408651" m11="-0.404159" m21="0.818327" m31="0.221646"
			m02="-0.515576" m12="-0.842071" m22="-0.158421" m32="2.18588"
			m03="0" m13="0" m23="0" m33="1"/>
		<transform name="Bip01 Ponytail21"
			m00="0.44327" m10="-0.705881" m20="-0.552489" m30="0.41934"
			m01="0.127504" m11="-0.560432" m21="0.818327" m31="0.348966"
			m02="-0.887273" m12="-0.433185" m22="-0.15842" m32="2.02553"
			m03="0" m13="0" m23="0" m33="1"/>
		<transform name="Bip01 Prop1"
			m00="0.903732" m10="-0.161913" m20="-0.396299" m30="0.154383"
			m01="-0.42613" m11="-0.251546" m21="-0.868987" m31="1.92953"
			m02="0.0410128" m12="0.954206" m22="-0.296326" m32="2.45782"
			m03="0" m13="0" m23="0" m33="1"/>
		<transform name="Bip01 Prop2"
			m00="0.519239" m10="0.363872" m20="0.773297" m30="-1.3036"
			m01="0.830211" m11="-1.04267e-005" m21="-0.557449" m31="0.46278"
			m02="-0.202832" m12="0.931449" m22="-0.302096" m32="2.55928"
			m03="0" m13="0" m23="0" m33="1"/>
		<transform name="Bip01 Prop3"
			m00="-0.500378" m10="-0.382636" m20="0.776667" m30="-2.16356"
			m01="-0.818834" m11="-0.0823145" m21="-0.568098" m31="-0.962234"
			m02="0.281306" m12="-0.920225" m22="-0.272127" m32="3.04949"
			m03="0" m13="0" m23="0" m33="1"/>
	</frame>
	<frame index="1">
		<transform name="Bip01 Spine"
			m00="-0.0390087" m10="0.867208" m20="-0.496416" m30="-0.141953"
			m01="0.160351" m11="0.495788" m21="0.853511" m31="-0.0797185"
			m02="0.986289" m12="-0.0463064" m22="-0.158398" m32="1.24609"
			m03="0" m13="0" m23="0" m33="1"/>
		<transform name="Bip01 Pelvis"
			m00="0.00202645" m10="0.886855" m20="-0.462044" m30="-0.0560801"
			m01="-0.00401731" m11="0.462048" m21="0.886846" m31="-0.0315021"
			m02="0.99999" m12="5.90235e-005" m22="0.00449909" m32="0.562986"
			m03="0" m13="0" m23="0" m33="1"/>
		<transform name="Bip01 Head"
			m00="-0.182823" m10="0.974594" m20="-0.129393" m30="-0.156311"
			m01="0.244988" m11="0.17262" m21="0.954035" m31="0.148792"
			m02="0.952133" m12="0.14272" m22="-0.270323" m32="2.02908"
			m03="0" m13="0" m23="0" m33="1"/>
		<transform name="Bip01 Neck"
			m00="0.257428" m10="0.812786" m20="-0.522599" m30="-0.186817"
			m01="0.498464" m11="0.351617" m21="0.792401" m31="0.0897227"
			m02="0.827807" m12="-0.464483" m22="-0.314629" m32="1.93099"
			m03="0" m13="0" m23="0" m33="1"/>
		<transform name="Bip01 Spine1"
			m00="-0.08657" m10="0.848172" m20="-0.522599" m30="-0.156031"
			m01="0.317805" m11="0.520673" m21="0.792401" m31="-0.0229825"
			m02="0.944196" m12="-0.0974863" m22="-0.314628" m32="1.596"
			m03="0" m13="0" m23="0" m33="1"/>
		<transform name="Bip01 Tail"
			m00="-0.211986" m10="-0.468354" m20="-0.857733" m30="-0.388284"
			m01="-0.254394" m11="-0.820977" m21="0.511156" m31="-0.211142"
			m02="-0.943581" m12="0.32656" m22="0.0548889" m32="1.89724"
			m03="0" m13="0" m23="0" m33="1"/>
		<transform name="Bip01 Tail2"
			m00="-0.283485" m10="-0.766468" m20="-0.576335" m30="-0.548569"
			m01="-0.397216" m11="-0.45316" m21="0.798038" m31="-0.404482"
			m02="-0.872844" m12="0.455161" m22="-0.175989" m32="1.04619"
			m03="0" m13="0" m23="0" m33="1"/>
		<transform name="Bip01 L Thigh"
			m00="-0.0307977" m10="0.618844" m20="0.78491" m30="-0.233508"
			m01="0.348669" m11="0.742606" m21="-0.57181" m31="0.309054"
			m02="-0.93674" m12="0.256063" m22="-0.238642" m32="0.564714"
			m03="0" m13="0" m23="0" m33="1"/>
		<transform name="Bip01 R Thigh"
			m00="0.643145" m10="0.764748" m20="-0.0390471" m30="0.121348"
			m01="-0.00628941" m11="-0.045715" m21="-0.998935" m31="-0.372058"
			m02="-0.765719" m12="0.642705" m22="-0.0245916" m32="0.561259"
			m03="0" m13="0" m23="0" m33="1"/>
		<transform name="Bip01 Tail1"
			m00="-0.150145" m10="-0.840595" m20="-0.520439" m30="-0.482148"
			m01="-0.181628" m11="-0.493995" m21="0.850282" m31="-0.323966"
			m02="-0.971837" m12="0.222192" m22="-0.0785043" m32="1.47803"
			m03="0" m13="0" m23="0" m33="1"/>
		<transform name="Bip01 L Clavicle"
			m00="-0.522601" m10="-0.848102" m20="-0.0872454" m30="-0.288242"
			m01="0.7924" m11="-0.520928" m21="0.31739" m31="0.188427"
			m02="-0.314628" m12="0.0967352" m22="0.944273" m32="1.8884"
			m03="0" m13="0" m23="0" m33="1"/>
		<transform name="Bip01 L UpperArm"
			m00="0.0582123" m10="-0.281744" m20="-0.957722" m30="-0.477621"
			m01="0.894663" m11="-0.410925" m21="0.175266" m31="0.475574"
			m02="-0.442932" m12="-0.867042" m22="0.228145" m32="1.77439"
			m03="0" m13="0" m23="0" m33="1"/>
		<transform name="Bip01 L Forearm"
			m00="0.287107" m10="-0.0183827" m20="-0.957722" m30="-0.447978"
			m01="0.63293" m11="0.75411" m21="0.175266" m31="0.931157"
			m02="0.719006" m12="-0.656491" m22="0.228145" m32="1.54883"
			m03="0" m13="0" m23="0" m33="1"/>
		<transform name="Bip01 L Hand"
			m00="-0.318006" m10="0.880444" m20="0.351698" m30="-0.317313"
			m01="-0.186066" m11="-0.421697" m21="0.887441" m31="1.21921"
			m02="0.929651" m12="0.216772" m22="0.297923" m32="1.87606"
			m03="0" m13="0" m23="0" m33="1"/>
		<transform name="Bip01 L Finger1"
			m00="0.602194" m10="0.635267" m20="0.483528" m30="-0.460588"
			m01="-0.416877" m11="-0.266315" m21="0.869074" m31="1.13538"
			m02="0.680865" m12="-0.724922" m22="0.104455" m32="2.29491"
			m03="0" m13="0" m23="0" m33="1"/>
		<transform name="Bip01 L Finger0"
			m00="0.937717" m10="0.0321408" m20="-0.345909" m30="-0.444068"
			m01="-0.344497" m11="0.214445" m21="-0.913966" m31="0.862262"
			m02="0.0448028" m12="0.976207" m22="0.212161" m32="1.96615"
			m03="0" m13="0" m23="0" m33="1"/>
		<transform name="Bip01 L Finger01"
			m00="0.431221" m10="-0.833304" m20="-0.345909" m30="-0.158152"
			m01="0.0459652" m11="0.403178" m21="-0.913966" m31="0.757222"
			m02="0.901075" m12="0.378222" m22="0.212161" m32="1.97981"
			m03="0" m13="0" m23="0" m33="1"/>
		<transform name="Bip01 L Finger11"
			m00="0.838706" m10="-0.250547" m20="0.483528" m30="-0.279975"
			m01="-0.42583" m11="0.251751" m21="0.869074" m31="1.01035"
			m02="-0.339472" m12="-0.934798" m22="0.104455" m32="2.49912"
			m03="0" m13="0" m23="0" m33="1"/>
		<transform name="Bip01 R Clavicle"
			m00="0.522601" m10="-0.848102" m20="0.0872453" m30="-0.137089"
			m01="-0.7924" m11="-0.520928" m21="-0.31739" m31="-0.0407623"
			m02="0.314628" m12="0.0967352" m22="-0.944273" m32="1.9794"
			m03="0" m13="0" m23="0" m33="1"/>
		<transform name="Bip01 R UpperArm"
			m00="0.380601" m10="-0.907053" m20="-0.179996" m30="0.05229"
			m01="-0.861254" m11="-0.418568" m21="0.28817" m31="-0.32791"
			m02="-0.336726" m12="0.0453444" m22="-0.94051" m32="2.09341"
			m03="0" m13="0" m23="0" m33="1"/>
		<transform name="Bip01 R Forearm"
			m00="0.97076" m10="-0.15883" m20="-0.179996" m30="0.2461"
			m01="-0.102345" m11="-0.952094" m21="0.28817" m31="-0.76648"
			m02="-0.217143" m12="-0.261322" m22="-0.94051" m32="1.92195"
			m03="0" m13="0" m23="0" m33="1"/>
		<transform name="Bip01 R Hand"
			m00="0.921989" m10="-0.330786" m20="0.201287" m30="0.687904"
			m01="-0.00570031" m11="0.508181" m21="0.861231" m31="-0.813058"
			m02="-0.387173" m12="-0.795193" m22="0.466652" m32="1.82312"
			m03="0" m13="0" m23="0" m33="1"/>
		<transform name="Bip01 R Finger1"
			m00="0.616404" m10="-0.7581" m20="0.212912" m30="1.1033"
			m01="0.248789" m11="0.444037" m21="0.860776" m31="-0.815626"
			m02="-0.747095" m12="-0.477616" m22="0.462313" m32="1.64868"
			m03="0" m13="0" m23="0" m33="1"/>
		<transform name="Bip01 R Finger0"
			m00="0.444821" m10="0.393692" m20="-0.804451" m30="0.911515"
			m01="0.868647" m11="-0.408416" m21="0.280443" m31="-0.496348"
			m02="-0.218142" m12="-0.823531" m22="-0.523651" m32="1.859"
			m03="0" m13="0" m23="0" m33="1"/>
		<transform name="Bip01 R Finger01"
			m00="0.593495" m10="-0.0249492" m20="-0.804451" m30="1.04714"
			m01="0.342429" m11="-0.896713" m21="0.280443" m31="-0.231491"
			m02="-0.728358" m12="-0.44191" m22="-0.523651" m32="1.79248"
			m03="0" m13="0" m23="0" m33="1"/>
		<transform name="Bip01 R Finger11"
			m00="0.0508011" m10="-0.97575" m20="0.212912" m30="1.28818"
			m01="0.462769" m11="0.211918" m21="0.860776" m31="-0.741008"
			m02="-0.885022" m12="0.0548009" m22="0.462313" m32="1.42461"
			m03="0" m13="0" m23="0" m33="1"/>
		<transform name="Bip01 R Calf"
			m00="-0.468707" m10="0.88249" m20="-0.0390471" m30="0.293772"
			m01="0.040045" m11="-0.0229306" m21="-0.998935" m31="-0.373744"
			m02="-0.882445" m12="-0.469772" m22="-0.0245916" m32="0.355974"
			m03="0" m13="0" m23="0" m33="1"/>
		<transform name="Bip01 R Foot"
			m00="6.94917e-006" m10="1.0" m20="2.09058e-006" m30="0.219222"
			m01="2.52844e-007" m11="2.03977e-006" m21="-1.0" m31="-0.367375"
			m02="-1.0" m12="6.95145e-006" m22="-2.39043e-007" m32="0.215618"
			m03="0" m13="0" m23="0" m33="1"/>
		<transform name="Bip01 R Toe0"
			m00="1.0" m10="-6.05675e-006" m20="2.04543e-006" m30="0.723901"
			m01="1.99462e-006" m11="-1.90574e-007" m21="-1.0" m31="-0.367374"
			m02="6.05903e-006" m12="1.0" m22="-1.76776e-007" m32="0.00196307"
			m03="0" m13="0" m23="0" m33="1"/>
		<transform name="Bip01 L Foot"
			m00="0.0169425" m10="0.38117" m20="0.92435" m30="-0.333125"
			m01="-0.00274523" m11="0.924497" m21="-0.38118" m31="0.318698"
			m02="-0.999853" m12="0.0039206" m22="0.0167097" m32="0.21396"
			m03="0" m13="0" m23="0" m33="1"/>
		<transform name="Bip01 L Calf"
			m00="-0.574394" m10="0.232354" m20="0.78491" m30="-0.241765"
			m01="-0.527066" m11="0.628677" m21="-0.57181" m31="0.40253"
			m02="-0.626317" m12="-0.742143" m22="-0.238642" m32="0.313578"
			m03="0" m13="0" m23="0" m33="1"/>
		<transform name="Bip01 L Toe0"
			m00="0.376331" m10="-0.0169425" m20="0.92633" m30="-0.137137"
			m01="0.926477" m11="0.00274523" m21="-0.37634" m31="0.784684"
			m02="0.00383315" m12="0.999853" m22="0.01673" m32="0.00231224"
			m03="0" m13="0" m23="0" m33="1"/>
		<transform name="Bip01 Ponytail1"
			m00="0.921322" m10="-0.366635" m20="-0.129396" m30="0.0581114"
			m01="0.0148739" m11="-0.29933" m21="0.954034" m31="0.313295"
			m02="-0.388515" m12="-0.880897" m22="-0.270326" m32="2.50702"
			m03="0" m13="0" m23="0" m33="1"/>
		<transform name="Bip01 Ponytail2"
			m00="0.719748" m10="-0.352568" m20="-0.598045" m30="0.192294"
			m01="0.450239" m11="-0.418657" m21="0.788677" m31="0.240194"
			m02="-0.528438" m12="-0.836912" m22="-0.142588" m32="2.18468"
			m03="0" m13="0" m23="0" m33="1"/>
		<transform name="Bip01 Ponytail21"
			m00="0.425673" m10="-0.687595" m20="-0.588231" m30="0.416467"
			m01="0.131217" m11="-0.596291" m21="0.791971" m31="0.380466"
			m02="-0.895313" m12="-0.414307" m22="-0.163601" m32="2.02032"
			m03="0" m13="0" m23="0" m33="1"/>
		<transform name="Bip01 Prop1"
			m00="0.862572" m10="-0.148544" m20="-0.483636" m30="0.343092"
			m01="-0.490849" m11="-0.0140116" m21="-0.871132" m31="2.02181"
			m02="0.122625" m12="0.988806" m22="-0.0849989" m32="2.29486"
			m03="0" m13="0" m23="0" m33="1"/>
		<transform name="Bip01 Prop2"
			m00="0.584056" m10="0.396558" m20="0.708251" m30="-1.23633"
			m01="0.709587" m11="0.174262" m21="-0.682729" m31="0.762423"
			m02="-0.394163" m12="0.901318" m22="-0.179614" m32="2.74952"
			m03="0" m13="0" m23="0" m33="1"/>
		<transform name="Bip01 Prop3"
			m00="-0.561361" m10="-0.422234" m20="0.711753" m30="-2.20244"
			m01="-0.682739" m11="-0.249767" m21="-0.686647" m31="-0.426641"
			m02="0.467698" m12="-0.871399" m22="-0.148066" m32="3.56392"
			m03="0" m13="0" m23="0" m33="1"/>
	</frame>
	<frame index="2">
		<transform name="Bip01 Spine"
			m00="-0.0279958" m10="0.878701" m20="-0.476551" m30="-0.125811"
			m01="0.149628" m11="0.475051" m21="0.867144" m31="-0.0835944"
			m02="0.988346" m12="-0.0470292" m22="-0.144778" m32="1.25052"
			m03="0" m13="0" m23="0" m33="1"/>
		<transform name="Bip01 Pelvis"
			m00="0.00772158" m10="0.897391" m20="-0.441169" m30="-0.0427917"
			m01="-0.0157622" m11="0.441236" m21="0.897253" m31="-0.0294028"
			m02="0.999846" m12="2.55945e-005" m22="0.0175519" m32="0.567509"
			m03="0" m13="0" m23="0" m33="1"/>
		<transform name="Bip01 Head"
			m00="-0.170715" m10="0.964451" m20="-0.201717" m30="-0.128222"
			m01="0.205701" m11="0.235096" m21="0.949956" m31="0.135931"
			m02="0.96361" m12="0.120678" m22="-0.238523" m32="2.03619"
			m03="0" m13="0" m23="0" m33="1"/>
		<transform name="Bip01 Neck"
			m00="0.277082" m10="0.817628" m20="-0.504687" m30="-0.161057"
			m01="0.48188" m11="0.336174" m21="0.809184" m31="0.078827"
			m02="0.831275" m12="-0.467409" m22="-0.300851" m32="1.93769"
			m03="0" m13="0" m23="0" m33="1"/>
		<transform name="Bip01 Spine1"
			m00="-0.070456" m10="0.860422" m20="-0.504687" m30="-0.135986"
			m01="0.308718" m11="0.499913" m21="0.809185" m31="-0.0306563"
			m02="0.94854" m12="-0.0987944" m22="-0.30085" m32="1.60116"
			m03="0" m13="0" m23="0" m33="1"/>
		<transform name="Bip01 Tail"
			m00="-0.222785" m10="-0.485471" m20="-0.84539" m30="-0.37137"
			m01="-0.237824" m11="-0.813918" m21="0.530072" m31="-0.216854"
			m02="-0.945413" m12="0.319147" m22="0.0658717" m32="1.90158"
			m03="0" m13="0" m23="0" m33="1"/>
		<transform name="Bip01 Tail2"
			m00="-0.29644" m10="-0.774502" m20="-0.558811" m30="-0.540237"
			m01="-0.379706" m11="-0.441302" m21="0.813065" m31="-0.395893"
			m02="-0.876325" m12="0.453209" m22="-0.163263" m32="1.04909"
			m03="0" m13="0" m23="0" m33="1"/>
		<transform name="Bip01 L Thigh"
			m00="0.0474629" m10="0.621642" m20="0.781862" m30="-0.212203"
			m01="0.369934" m11="0.716145" m21="-0.591849" m31="0.31515"
			m02="-0.927845" m12="0.317328" m22="-0.195976" m32="0.574248"
			m03="0" m13="0" m23="0" m33="1"/>
		<transform name="Bip01 R Thigh"
			m00="0.636467" m10="0.76996" m20="-0.0455199" m30="0.12662"
			m01="-0.00487767" m11="-0.0549976" m21="-0.998474" m31="-0.373955"
			m02="-0.771289" m12="0.635718" m22="-0.0312485" m32="0.560769"
			m03="0" m13="0" m23="0" m33="1"/>
		<transform name="Bip01 Tail1"
			m00="-0.158679" m10="-0.850602" m20="-0.501295" m30="-0.470028"
			m01="-0.165978" m11="-0.477521" m21="0.862801" m31="-0.322324"
			m02="-0.973279" m12="0.220113" m22="-0.065409" m32="1.48156"
			m03="0" m13="0" m23="0" m33="1"/>
		<transform name="Bip01 L Clavicle"
			m00="-0.50469" m10="-0.860365" m20="-0.0711412" m30="-0.260266"
			m01="0.809183" m11="-0.500161" m21="0.30832" m31="0.180591"
			m02="-0.30085" m12="0.0980398" m22="0.948619" m32="1.89713"
			m03="0" m13="0" m23="0" m33="1"/>
		<transform name="Bip01 L UpperArm"
			m00="0.178341" m10="-0.343377" m20="-0.92211" m30="-0.443154"
			m01="0.9188" m11="-0.277262" m21="0.280948" m31="0.473821"
			m02="-0.352137" m12="-0.89734" m22="0.266047" m32="1.78811"
			m03="0" m13="0" m23="0" m33="1"/>
		<transform name="Bip01 L Forearm"
			m00="0.386329" m10="0.021513" m20="-0.92211" m30="-0.352338"
			m01="0.630279" m11="0.723752" m21="0.280948" m31="0.941694"
			m02="0.673423" m12="-0.689725" m22="0.266047" m32="1.60879"
			m03="0" m13="0" m23="0" m33="1"/>
		<transform name="Bip01 L Hand"
			m00="-0.266459" m10="0.852844" m20="0.449062" m30="-0.176516"
			m01="0.0424773" m11="-0.455063" m21="0.889446" m31="1.22854"
			m02="0.96291" m12="0.256075" m22="0.0850289" m32="1.91528"
			m03="0" m13="0" m23="0" m33="1"/>
		<transform name="Bip01 L Finger1"
			m00="0.60974" m10="0.556184" m20="0.564691" m30="-0.296567"
			m01="-0.326646" m11="-0.472806" m21="0.818387" m31="1.24768"
			m02="0.722163" m12="-0.683458" m22="-0.106613" m32="2.34911"
			m03="0" m13="0" m23="0" m33="1"/>
		<transform name="Bip01 L Finger0"
			m00="0.904377" m10="0.120159" m20="-0.409469" m30="-0.327635"
			m01="-0.421123" m11="0.406401" m21="-0.81086" m31="0.912503"
			m02="0.0689759" m12="0.90576" m22="0.41814" m32="2.08521"
			m03="0" m13="0" m23="0" m33="1"/>
		<transform name="Bip01 L Finger01"
			m00="0.496432" m10="-0.765435" m20="-0.409469" m30="-0.051885"
			m01="0.186504" m11="0.554727" m21="-0.81086" m31="0.7841"
			m02="0.847804" m12="0.32617" m22="0.41814" m32="2.10624"
			m03="0" m13="0" m23="0" m33="1"/>
		<transform name="Bip01 L Finger11"
			m00="0.771547" m10="-0.292982" m20="0.564691" m30="-0.11369"
			m01="-0.569347" m11="0.0780187" m21="0.818387" m31="1.14971"
			m02="-0.283829" m12="-0.95293" m22="-0.106613" m32="2.56571"
			m03="0" m13="0" m23="0" m33="1"/>
		<transform name="Bip01 R Clavicle"
			m00="0.50469" m10="-0.860365" m20="0.0711411" m30="-0.114292"
			m01="-0.809183" m11="-0.500161" m21="-0.30832" m31="-0.0534518"
			m02="0.30085" m12="0.0980398" m22="-0.948619" m32="1.98415"
			m03="0" m13="0" m23="0" m33="1"/>
		<transform name="Bip01 R UpperArm"
			m00="0.395891" m10="-0.912661" m20="-0.101591" m30="0.0685957"
			m01="-0.85222" m11="-0.406356" m21="0.32954" m31="-0.346681"
			m02="-0.34204" m12="-0.0438842" m22="-0.93866" m32="2.09317"
			m03="0" m13="0" m23="0" m33="1"/>
		<transform name="Bip01 R Forearm"
			m00="0.987384" m10="-0.12146" m20="-0.101591" m30="0.270192"
			m01="-0.0817983" m11="-0.940592" m21="0.32954" m31="-0.780651"
			m02="-0.135581" m12="-0.317072" m22="-0.93866" m32="1.91899"
			m03="0" m13="0" m23="0" m33="1"/>
		<transform name="Bip01 R Hand"
			m00="0.949069" m10="-0.291587" m20="0.119355" m30="0.719562"
			m01="0.0565541" m11="0.530328" m21="0.845904" m31="-0.817878"
			m02="-0.309952" m12="-0.796071" m22="0.519808" m32="1.85729"
			m03="0" m13="0" m23="0" m33="1"/>
		<transform name="Bip01 R Finger1"
			m00="0.663197" m10="-0.734635" m20="0.143114" m30="1.14716"
			m01="0.302297" m11="0.437847" m21="0.846703" m31="-0.792398"
			m02="-0.68468" m12="-0.518268" m22="0.512457" m32="1.71764"
			m03="0" m13="0" m23="0" m33="1"/>
		<transform name="Bip01 R Finger0"
			m00="0.355324" m10="0.44999" m20="-0.819301" m30="0.923215"
			m01="0.917663" m11="-0.33472" m21="0.214143" m31="-0.493142"
			m02="-0.177873" m12="-0.827932" m22="-0.531873" m32="1.9256"
			m03="0" m13="0" m23="0" m33="1"/>
		<transform name="Bip01 R Finger01"
			m00="0.567726" m10="0.0802137" m20="-0.819301" m30="1.03156"
			m01="0.432763" m11="-0.875705" m21="0.214143" m31="-0.213341"
			m02="-0.700288" m12="-0.476139" m22="-0.531873" m32="1.87137"
			m03="0" m13="0" m23="0" m33="1"/>
		<transform name="Bip01 R Finger11"
			m00="0.107244" m10="-0.983879" m20="0.143114" m30="1.34607"
			m01="0.501471" m11="0.177822" m21="0.846703" m31="-0.701731"
			m02="-0.858502" m12="-0.0190365" m22="0.512457" m32="1.51229"
			m03="0" m13="0" m23="0" m33="1"/>
		<transform name="Bip01 R Calf"
			m00="-0.490597" m10="0.870197" m20="-0.0455199" m30="0.297254"
			m01="0.049593" m11="-0.0242707" m21="-0.998474" m31="-0.375263"
			m02="-0.869974" m12="-0.492106" m22="-0.0312485" m32="0.353991"
			m03="0" m13="0" m23="0" m33="1"/>
		<transform name="Bip01 R Foot"
			m00="6.74771e-006" m10="1.0" m20="2.13355e-006" m30="0.219222"
			m01="2.75474e-007" m11="2.10419e-006" m21="-1.0" m31="-0.367375"
			m02="-1.0" m12="6.75549e-006" m22="-2.5878e-007" m32="0.215618"
			m03="0" m13="0" m23="0" m33="1"/>
		<transform name="Bip01 R Toe0"
			m00="1.0" m10="-6.15827e-006" m20="2.11339e-006" m30="0.723901"
			m01="2.08403e-006" m11="-1.77366e-007" m21="-1.0" m31="-0.367374"
			m02="6.16605e-006" m12="1.0" m22="-1.60673e-007" m32="0.00196315"
			m03="0" m13="0" m23="0" m33="1"/>
		<transform name="Bip01 L Foot"
			m00="0.0296767" m10="0.416706" m20="0.908557" m30="-0.286838"
			m01="-0.00137168" m11="0.908973" m21="-0.416852" m31="0.333983"
			m02="-0.999559" m12="0.0111245" m22="0.0275469" m32="0.219614"
			m03="0" m13="0" m23="0" m33="1"/>
		<transform name="Bip01 L Calf"
			m00="-0.549239" m10="0.295007" m20="0.781862" m30="-0.199479"
			m01="-0.505137" m11="0.628134" m21="-0.591849" m31="0.414327"
			m02="-0.665713" m12="-0.720013" m22="-0.195976" m32="0.325498"
			m03="0" m13="0" m23="0" m33="1"/>
		<transform name="Bip01 L Toe0"
			m00="0.398079" m10="-0.0296767" m20="0.916871" m30="-0.0701951"
			m01="0.91729" m11="0.00137169" m21="-0.398217" m31="0.792428"
			m02="0.0105601" m12="0.999559" m22="0.0277682" m32="0.0116641"
			m03="0" m13="0" m23="0" m33="1"/>
		<transform name="Bip01 Ponytail1"
			m00="0.897815" m10="-0.391456" m20="-0.201721" m30="0.0886294"
			m01="0.082009" m11="-0.301431" m21="0.949955" m31="0.301605"
			m02="-0.43267" m12="-0.869426" m22="-0.238526" m32="2.51263"
			m03="0" m13="0" m23="0" m33="1"/>
		<transform name="Bip01 Ponytail2"
			m00="0.683757" m10="-0.353718" m20="-0.638247" m30="0.217846"
			m01="0.491587" m11="-0.423113" m21="0.761129" m31="0.246737"
			m02="-0.539276" m12="-0.834182" m22="-0.115424" m32="2.18469"
			m03="0" m13="0" m23="0" m33="1"/>
		<transform name="Bip01 Ponytail21"
			m00="0.404745" m10="-0.672305" m20="-0.619828" m30="0.430813"
			m01="0.14085" m11="-0.623906" m21="0.768702" m31="0.399884"
			m02="-0.903517" m12="-0.398431" m22="-0.157828" m32="2.01696"
			m03="0" m13="0" m23="0" m33="1"/>
		<transform name="Bip01 Prop1"
			m00="0.822292" m10="-0.0786746" m20="-0.563601" m30="0.580333"
			m01="-0.539937" m11="0.204943" m21="-0.816374" m31="2.029"
			m02="0.179734" m12="0.975607" m22="0.126044" m32="2.12054"
			m03="0" m13="0" m23="0" m33="1"/>
		<transform name="Bip01 Prop2"
			m00="0.61509" m10="0.473359" m20="0.630552" m30="-1.06804"
			m01="0.550335" m11="0.314941" m21="-0.773268" m31="1.05686"
			m02="-0.56462" m12="0.822644" m22="-0.0667888" m32="2.91121"
			m03="0" m13="0" m23="0" m33="1"/>
		<transform name="Bip01 Prop3"
			m00="-0.58495" m10="-0.503425" m20="0.635923" m30="-2.07532"
			m01="-0.511367" m11="-0.379672" m21="-0.770943" m31="0.165061"
			m02="0.629553" m12="-0.776153" m22="-0.0353461" m32="4.00691"
			m03="0" m13="0" m23="0" m33="1"/>
	</frame>
	<frame index="3">
		<transform name="Bip01 Spine"
			m00="-0.0110809" m10="0.895603" m20="-0.444717" m30="-0.100884"
			m01="0.132326" m11="0.442146" m21="0.887128" m31="-0.0897235"
			m02="0.991144" m12="-0.0490174" m22="-0.123411" m32="1.25472"
			m03="0" m13="0" m23="0" m33="1"/>
		<transform name="Bip01 Pelvis"
			m00="0.0160391" m10="0.912824" m20="-0.408037" m30="-0.0220274"
			m01="-0.0343051" m11="0.408352" m21="0.91218" m31="-0.0261009"
			m02="0.999283" m12="-0.000632811" m22="0.0378642" m32="0.572031"
			m03="0" m13="0" m23="0" m33="1"/>
		<transform name="Bip01 Head"
			m00="-0.151529" m10="0.952435" m20="-0.264398" m30="-0.0847594"
			m01="0.160361" m11="0.287631" m21="0.944221" m31="0.115119"
			m02="0.975358" m12="0.100678" m22="-0.196318" m32="2.04417"
			m03="0" m13="0" m23="0" m33="1"/>
		<transform name="Bip01 Neck"
			m00="0.307397" m10="0.82417" m20="-0.475658" m30="-0.121187"
			m01="0.454872" m11="0.311787" m21="0.834194" m31="0.061215"
			m02="0.835822" m12="-0.472793" m22="-0.27905" m32="1.94512"
			m03="0" m13="0" m23="0" m33="1"/>
		<transform name="Bip01 Spine1"
			m00="-0.0452324" m10="0.878466" m20="-0.475658" m30="-0.105063"
			m01="0.293619" m11="0.466805" m21="0.834195" m31="-0.0429141"
			m02="0.954852" m12="-0.101929" m22="-0.279049" m32="1.60635"
			m03="0" m13="0" m23="0" m33="1"/>
		<transform name="Bip01 Tail"
			m00="-0.239113" m10="-0.511906" m20="-0.825092" m30="-0.345329"
			m01="-0.21176" m11="-0.801796" m21="0.558821" m31="-0.225876"
			m02="-0.947619" m12="0.308343" m22="0.083319" m32="1.90561"
			m03="0" m13="0" m23="0" m33="1"/>
		<transform name="Bip01 Tail2"
			m00="-0.316486" m10="-0.786352" m20="-0.530553" m30="-0.52731"
			m01="-0.352081" m11="-0.421975" m21="0.835449" m31="-0.38252"
			m02="-0.880838" m12="0.451206" m22="-0.14331" m32="1.05142"
			m03="0" m13="0" m23="0" m33="1"/>
		<transform name="Bip01 L Thigh"
			m00="0.129542" m10="0.628961" m20="0.766568" m30="-0.178716"
			m01="0.390693" m11="0.678168" m21="-0.622453" m31="0.324184"
			m02="-0.91136" m12="0.380127" m22="-0.15788" m32="0.586571"
			m03="0" m13="0" m23="0" m33="1"/>
		<transform name="Bip01 R Thigh"
			m00="0.631808" m10="0.772396" m20="-0.0649773" m30="0.134662"
			m01="-0.0082545" m11="-0.0771188" m21="-0.996988" m31="-0.376385"
			m02="-0.775081" m12="0.630441" m22="-0.0423486" m32="0.557491"
			m03="0" m13="0" m23="0" m33="1"/>
		<transform name="Bip01 Tail1"
			m00="-0.171897" m10="-0.865466" m20="-0.470552" m30="-0.451234"
			m01="-0.141589" m11="-0.450997" m21="0.881223" m31="-0.319777"
			m02="-0.974887" m12="0.218105" m22="-0.0450156" m32="1.48461"
			m03="0" m13="0" m23="0" m33="1"/>
		<transform name="Bip01 L Clavicle"
			m00="-0.475661" m10="-0.878429" m20="-0.0459319" m30="-0.216749"
			m01="0.834194" m11="-0.467041" m21="0.293247" m31="0.167607"
			m02="-0.279048" m12="0.10117" m22="0.954933" m32="1.90781"
			m03="0" m13="0" m23="0" m33="1"/>
		<transform name="Bip01 L UpperArm"
			m00="0.307854" m10="-0.389094" m20="-0.868235" m30="-0.389118"
			m01="0.91482" m11="-0.129665" m21="0.38248" m31="0.469899"
			m02="-0.2614" m12="-0.912027" m22="0.316033" m32="1.80669"
			m03="0" m13="0" m23="0" m33="1"/>
		<transform name="Bip01 L Forearm"
			m00="0.493772" m10="0.04855" m20="-0.868235" m30="-0.232352"
			m01="0.603773" m11="0.699405" m21="0.38248" m31="0.935746"
			m02="0.625817" m12="-0.713075" m22="0.316033" m32="1.67358"
			m03="0" m13="0" m23="0" m33="1"/>
		<transform name="Bip01 L Hand"
			m00="-0.164161" m10="0.834387" m20="0.526165" m30="-0.00763089"
			m01="0.240245" m11="-0.483521" m21="0.841718" m31="1.21053"
			m02="0.956731" m12="0.264586" m22="-0.121082" m32="1.9584"
			m03="0" m13="0" m23="0" m33="1"/>
		<transform name="Bip01 L Finger1"
			m00="0.650526" m10="0.444502" m20="0.615819" m30="-0.0815927"
			m01="-0.250422" m11="-0.639956" m21="0.72646" m31="1.31877"
			m02="0.717011" m12="-0.626796" m22="-0.304995" m32="2.38945"
			m03="0" m13="0" m23="0" m33="1"/>
		<transform name="Bip01 L Finger0"
			m00="0.869476" m10="0.24308" m20="-0.430028" m30="-0.166136"
			m01="-0.488875" m11="0.548212" m21="-0.678575" m31="0.946462"
			m02="0.070798" m12="0.800235" m22="0.595492" m32="2.1966"
			m03="0" m13="0" m23="0" m33="1"/>
		<transform name="Bip01 L Finger01"
			m00="0.592504" m10="-0.681186" m20="-0.430028" m30="0.0989722"
			m01="0.28555" m11="0.676754" m21="-0.678575" m31="0.797401"
			m02="0.75326" m12="0.279265" m22="0.595492" m32="2.21819"
			m03="0" m13="0" m23="0" m33="1"/>
		<transform name="Bip01 L Finger11"
			m00="0.690307" m10="-0.379794" m20="0.615819" m30="0.113517"
			m01="-0.684084" m11="-0.0654553" m21="0.72646" m31="1.24366"
			m02="-0.235596" m12="-0.922753" m22="-0.304995" m32="2.6045"
			m03="0" m13="0" m23="0" m33="1"/>
		<transform name="Bip01 R Clavicle"
			m00="0.475661" m10="-0.878429" m20="0.0459319" m30="-0.0791723"
			m01="-0.834194" m11="-0.467041" m21="-0.293247" m31="-0.0736706"
			m02="0.279048" m12="0.10117" m22="-0.954933" m32="1.98853"
			m03="0" m13="0" m23="0" m33="1"/>
		<transform name="Bip01 R UpperArm"
			m00="0.397525" m10="-0.917412" m20="-0.018137" m30="0.0931962"
			m01="-0.848343" m11="-0.374986" m21="0.373764" m31="-0.375963"
			m02="-0.349697" m12="-0.133194" m22="-0.927346" m32="2.08965"
			m03="0" m13="0" m23="0" m33="1"/>
		<transform name="Bip01 R Forearm"
			m00="0.99543" m10="-0.0937512" m20="-0.018137" m30="0.295625"
			m01="-0.0802183" m11="-0.924048" m21="0.373764" m31="-0.807958"
			m02="-0.0518003" m12="-0.370601" m22="-0.927346" m32="1.91157"
			m03="0" m13="0" m23="0" m33="1"/>
		<transform name="Bip01 R Hand"
			m00="0.968832" m10="-0.243451" m20="0.0457815" m30="0.748656"
			m01="0.101037" m11="0.557094" m21="0.82428" m31="-0.844467"
			m02="-0.226176" m12="-0.793963" m22="0.564329" m32="1.888"
			m03="0" m13="0" m23="0" m33="1"/>
		<transform name="Bip01 R Finger1"
			m00="0.709051" m10="-0.700354" m20="0.082163" m30="1.18516"
			m01="0.343623" m11="0.444914" m21="0.827027" m31="-0.798945"
			m02="-0.615768" m12="-0.558172" m22="0.556125" m32="1.7861"
			m03="0" m13="0" m23="0" m33="1"/>
		<transform name="Bip01 R Finger0"
			m00="0.273407" m10="0.499215" m20="-0.822213" m30="0.934276"
			m01="0.950958" m11="-0.268835" m21="0.152992" m31="-0.516927"
			m02="-0.144662" m12="-0.823719" m22="-0.548233" m32="1.98728"
			m03="0" m13="0" m23="0" m33="1"/>
		<transform name="Bip01 R Finger01"
			m00="0.541572" m10="0.175118" m20="-0.822213" m30="1.01764"
			m01="0.50663" m11="-0.84848" m21="0.152992" m31="-0.226974"
			m02="-0.670839" m12="-0.499415" m22="-0.548233" m32="1.94318"
			m03="0" m13="0" m23="0" m33="1"/>
		<transform name="Bip01 R Finger11"
			m00="0.168885" m10="-0.982205" m20="0.082163" m30="1.39782"
			m01="0.538387" m11="0.161755" m21="0.827027" m31="-0.695883"
			m02="-0.825601" m12="-0.0954373" m22="0.556125" m32="1.60141"
			m03="0" m13="0" m23="0" m33="1"/>
		<transform name="Bip01 R Calf"
			m00="-0.533303" m10="0.843425" m20="-0.0649773" m30="0.304046"
			m01="0.070564" m11="-0.0321896" m21="-0.996988" m31="-0.378598"
			m02="-0.842976" m12="-0.536282" m22="-0.0423486" m32="0.349696"
			m03="0" m13="0" m23="0" m33="1"/>
		<transform name="Bip01 R Foot"
			m00="6.9944e-006" m10="1.0" m20="2.14134e-006" m30="0.219222"
			m01="2.60405e-007" m11="2.10409e-006" m21="-1.0" m31="-0.367375"
			m02="-1.0" m12="6.99689e-006" m22="-2.53794e-007" m32="0.215618"
			m03="0" m13="0" m23="0" m33="1"/>
		<transform name="Bip01 R Toe0"
			m00="1.0" m10="-5.99594e-006" m20="2.10815e-006" m30="0.723901"
			m01="2.07089e-006" m11="-1.84759e-007" m21="-1.0" m31="-0.367374"
			m02="5.99844e-006" m12="1.0" m22="-1.78151e-007" m32="0.00196308"
			m03="0" m13="0" m23="0" m33="1"/>
		<transform name="Bip01 L Foot"
			m00="0.0386424" m10="0.463326" m20="0.885345" m30="-0.228371"
			m01="0.00354933" m11="0.885938" m21="-0.463791" m31="0.353319"
