<?xml version="1.0" encoding="ISO-8859-1" standalone="yes"?>

<!DOCTYPE animation [
	<!ELEMENT animation  (frame+)>
	<!ELEMENT frame      (transform+)>
	<!ELEMENT transform   EMPTY>
	<!ATTLIST frame index CDATA #REQUIRED>
	<!ATTLIST transform name CDATA #REQUIRED>
	<!ATTLIST transform m00 CDATA #REQUIRED>
	<!ATTLIST transform m01 CDATA #REQUIRED>
	<!ATTLIST transform m02 CDATA #REQUIRED>
	<!ATTLIST transform m03 CDATA #REQUIRED>
	<!ATTLIST transform m10 CDATA #REQUIRED>
	<!ATTLIST transform m11 CDATA #REQUIRED>
	<!ATTLIST transform m12 CDATA #REQUIRED>
	<!ATTLIST transform m13 CDATA #REQUIRED>
	<!ATTLIST transform m20 CDATA #REQUIRED>
	<!ATTLIST transform m21 CDATA #REQUIRED>
	<!ATTLIST transform m22 CDATA #REQUIRED>
	<!ATTLIST transform m23 CDATA #REQUIRED>
	<!ATTLIST transform m30 CDATA #REQUIRED>
	<!ATTLIST transform m31 CDATA #REQUIRED>
	<!ATTLIST transform m32 CDATA #REQUIRED>
	<!ATTLIST transform m33 CDATA #REQUIRED>
]>

<animation>
	<frame index="0">
		<transform name="Bip01 R Thigh"
			m00="0.71825" m10="0.695411" m20="-0.0228266" m30="0.013187"
			m01="-0.122373" m11="0.0939604" m21="-0.988026" m31="-0.382998"
			m02="-0.684939" m12="0.712443" m22="0.152587" m32="1.20703"
			m03="0" m13="0" m23="0" m33="1"/>
		<transform name="Bip01 Pelvis"
			m00="0.670518" m10="0.741285" m20="0.0300455" m30="0.0178518"
			m01="-0.235885" m11="0.17462" m21="0.955963" m31="-0.234576"
			m02="0.703394" m12="-0.648078" m22="0.291943" m32="1.25236"
			m03="0" m13="0" m23="0" m33="1"/>
		<transform name="Bip01 Tail"
			m00="-0.905613" m10="-0.424097" m20="-0.00259981" m30="-0.106717"
			m01="0.0867162" m11="-0.191167" m21="0.97772" m31="-0.258411"
			m02="-0.415145" m12="0.88521" m22="0.209899" m32="1.34316"
			m03="0" m13="0" m23="0" m33="1"/>
		<transform name="Bip01 L Thigh"
			m00="-0.37081" m10="0.501042" m20="0.781957" m30="0.0225167"
			m01="0.631492" m11="0.753407" m21="-0.18329" m31="-0.0861547"
			m02="-0.680969" m12="0.425834" m22="-0.595775" m32="1.29768"
			m03="0" m13="0" m23="0" m33="1"/>
		<transform name="Bip01 Spine"
			m00="0.54686" m10="0.78567" m20="-0.289253" m30="0.11941"
			m01="-0.0194568" m11="0.357324" m21="0.933778" m31="-0.270399"
			m02="0.836998" m12="-0.505018" m22="0.210693" m32="1.35909"
			m03="0" m13="0" m23="0" m33="1"/>
		<transform name="Bip01 L Calf"
			m00="-0.614554" m10="0.104238" m20="0.781957" m30="-0.220601"
			m01="-0.0668614" m11="0.980782" m21="-0.18329" m31="0.327877"
			m02="-0.786036" m12="-0.164925" m22="-0.595775" m32="0.851213"
			m03="0" m13="0" m23="0" m33="1"/>
		<transform name="Bip01 L Foot"
			m00="-0.171345" m10="0.509922" m20="0.842983" m30="-0.615563"
			m01="-0.225736" m11="0.812555" m21="-0.537399" m31="0.284907"
			m02="-0.959002" m12="-0.282373" m22="-0.0241193" m32="0.346044"
			m03="0" m13="0" m23="0" m33="1"/>
		<transform name="Bip01 Spine2"
			m00="0.0871723" m10="0.63483" m20="-0.767718" m30="0.287173"
			m01="0.272013" m11="0.726198" m21="0.631383" m31="-0.244653"
			m02="0.958337" m12="-0.263869" m22="-0.109378" m32="1.69159"
			m03="0" m13="0" m23="0" m33="1"/>
		<transform name="Bip01 L UpperArm"
			m00="-0.954859" m10="-0.296519" m20="0.0179042" m30="0.10206"
			m01="0.234296" m11="-0.714693" m21="0.659029" m31="-0.0276032"
			m02="-0.182618" m12="0.633475" m22="0.751904" m32="1.84358"
			m03="0" m13="0" m23="0" m33="1"/>
		<transform name="Bip01 L Clavicle"
			m00="-0.76772" m10="-0.634897" m20="0.0866667" m30="0.231696"
			m01="0.631381" m11="-0.726416" m21="0.271435" m31="-0.134218"
			m02="-0.109377" m12="0.263106" m22="0.958547" m32="1.86205"
			m03="0" m13="0" m23="0" m33="1"/>
		<transform name="Bip01 Neck"
			m00="0.462186" m10="0.443837" m20="-0.767719" m30="0.303544"
			m01="0.663844" m11="0.400833" m21="0.631382" m31="-0.193421"
			m02="0.587958" m12="-0.801462" m22="-0.109379" m32="1.87242"
			m03="0" m13="0" m23="0" m33="1"/>
		<transform name="Bip01 Head"
			m00="0.188551" m10="0.977617" m20="0.0933499" m30="0.390785"
			m01="0.417688" m11="-0.16586" m21="0.893324" m31="-0.0681162"
			m02="0.888811" m12="-0.129446" m22="-0.439612" m32="1.9834"
			m03="0" m13="0" m23="0" m33="1"/>
		<transform name="Bip01 Spine1"
			m00="0.343921" m10="0.748858" m20="-0.566506" m30="0.222417"
			m01="0.157008" m11="0.548954" m21="0.820974" m31="-0.27415"
			m02="0.925779" m12="-0.371296" m22="0.0712203" m32="1.51698"
			m03="0" m13="0" m23="0" m33="1"/>
		<transform name="Bip01 Ponytail1"
			m00="-0.873448" m10="-0.431582" m20="-0.225444" m30="0.401259"
			m01="-0.348438" m11="0.230597" m21="0.908524" m31="0.155666"
			m02="-0.340116" m12="0.872102" m22="-0.351795" m32="2.44023"
			m03="0" m13="0" m23="0" m33="1"/>
		<transform name="Bip01 L Toe0"
			m00="0.533785" m10="0.0667273" m20="0.842983" m30="-0.435362"
			m01="0.841193" m11="0.0599705" m21="-0.537399" m31="0.582836"
			m02="-0.0864134" m12="0.995967" m22="-0.0241192" m32="0.00600859"
			m03="0" m13="0" m23="0" m33="1"/>
		<transform name="Bip01 R Toe0"
			m00="0.991089" m10="0.0897467" m20="-0.0984291" m30="0.550598"
			m01="-0.098028" m11="-0.00887715" m21="-0.995144" m31="-0.5785"
			m02="-0.0901847" m12="0.995925" m22="-3.40039e-007" m32="0.0035874"
			m03="0" m13="0" m23="0" m33="1"/>
		<transform name="Bip01 L ForeTwist"
			m00="-0.421649" m10="-0.903606" m20="0.0755476" m30="-0.295077"
			m01="0.686859" m11="-0.263891" m21="0.67719" m31="0.0698428"
			m02="-0.591977" m12="0.337427" m22="0.731919" m32="1.76763"
			m03="0" m13="0" m23="0" m33="1"/>
		<transform name="Bip01 L Hand"
			m00="-0.269935" m10="-0.375768" m20="-0.886529" m30="-0.507482"
			m01="0.947874" m11="-0.265607" m21="-0.176033" m31="0.415847"
			m02="-0.16932" m12="-0.887835" m22="0.427877" m32="1.46942"
			m03="0" m13="0" m23="0" m33="1"/>
		<transform name="Bip01 L Forearm"
			m00="-0.421649" m10="-0.906582" m20="0.0179042" m30="-0.295077"
			m01="0.686859" m11="-0.306441" m21="0.659029" m31="0.0698428"
			m02="-0.591977" m12="0.290177" m22="0.751904" m32="1.76763"
			m03="0" m13="0" m23="0" m33="1"/>
		<transform name="Bip01 Prop3"
			m00="-0.86686" m10="-0.498405" m20="-0.012114" m30="0.149894"
			m01="-0.462135" m11="0.794187" m21="0.394587" m31="-0.217024"
			m02="-0.187043" m12="0.34765" m22="-0.918779" m32="1.18129"
			m03="0" m13="0" m23="0" m33="1"/>
		<transform name="Bip01 R Calf"
			m00="-0.56234" m10="0.826591" m20="-0.0228266" m30="0.484101"
			m01="-0.113503" m11="-0.104502" m21="-0.988026" m31="-0.463231"
			m02="-0.819079" m12="-0.553016" m22="0.152587" m32="0.757956"
			m03="0" m13="0" m23="0" m33="1"/>
		<transform name="Bip01 R Foot"
			m00="1.32257e-006" m10="0.995144" m20="-0.0984291" m30="0.122697"
			m01="1.82686e-007" m11="-0.0984291" m21="-0.995144" m31="-0.536177"
			m02="-1.0" m12="1.29337e-006" m22="-2.96327e-007" m32="0.231551"
			m03="0" m13="0" m23="0" m33="1"/>
		<transform name="Bip01 R UpperArm"
			m00="0.145336" m10="-0.852496" m20="-0.502123" m30="0.505162"
			m01="-0.790855" m11="-0.405051" m21="0.458783" m31="-0.359119"
			m02="-0.594496" m12="0.330429" m22="-0.733069" m32="1.90101"
			m03="0" m13="0" m23="0" m33="1"/>
		<transform name="Bip01 R Clavicle"
			m00="0.76772" m10="-0.634897" m20="-0.0866668" m30="0.375525"
			m01="-0.631381" m11="-0.726416" m21="-0.271435" m31="-0.252504"
			m02="0.109377" m12="0.263106" m22="-0.958547" m32="1.88254"
			m03="0" m13="0" m23="0" m33="1"/>
		<transform name="Bip01 R ForeTwist"
			m00="0.852899" m10="0.107988" m20="-0.510785" m30="0.565608"
			m01="0.402839" m11="-0.758464" m21="0.512302" m31="-0.688044"
			m02="-0.33209" m12="-0.642706" m22="-0.690395" m32="1.65376"
			m03="0" m13="0" m23="0" m33="1"/>
		<transform name="Bip01 R Hand"
			m00="0.391588" m10="-0.882595" m20="-0.260164" m30="0.995256"
			m01="0.811093" m11="0.197581" m21="0.550537" m31="-0.485114"
			m02="-0.434497" m12="-0.4266" m22="0.793236" m32="1.48647"
			m03="0" m13="0" m23="0" m33="1"/>
		<transform name="Bip01 R Forearm"
			m00="0.852899" m10="0.142952" m20="-0.502123" m30="0.565608"
			m01="0.402839" m11="-0.791984" m21="0.458783" m31="-0.688044"
			m02="-0.33209" m12="-0.59357" m22="-0.733069" m32="1.65376"
			m03="0" m13="0" m23="0" m33="1"/>
		<transform name="Bip01 R Finger1"
			m00="-0.647545" m10="-0.760202" m20="-0.0527083" m30="1.16567"
			m01="0.556" m11="-0.518638" m21="0.649522" m31="-0.132134"
			m02="-0.521104" m12="0.391289" m22="0.758514" m32="1.29738"
			m03="0" m13="0" m23="0" m33="1"/>
		<transform name="Bip01 R Finger0"
			m00="-0.828689" m10="0.054916" m20="-0.557009" m30="0.978915"
			m01="0.495524" m11="-0.390749" m21="-0.775739" m31="-0.177857"
			m02="-0.260251" m12="-0.918858" m22="0.296597" m32="1.56311"
			m03="0" m13="0" m23="0" m33="1"/>
		<transform name="Bip01 R Finger01"
			m00="-0.244718" m10="0.793633" m20="-0.557009" m30="0.810431"
			m01="-0.187967" m11="-0.60241" m21="-0.775739" m31="-0.0771096"
			m02="-0.9512" m12="-0.0851383" m22="0.296597" m32="1.5102"
			m03="0" m13="0" m23="0" m33="1"/>
		<transform name="Bip01 R Finger11"
			m00="-0.876861" m10="0.477846" m20="-0.0527083" m30="1.02077"
			m01="-0.393566" m11="-0.650559" m21="0.649522" m31="-0.00771596"
			m02="0.276082" m12="0.590284" m22="0.758514" m32="1.18077"
			m03="0" m13="0" m23="0" m33="1"/>
		<transform name="Bip01 L Finger1"
			m00="-0.438338" m10="0.104311" m20="-0.892737" m30="-0.624955"
			m01="0.613457" m11="-0.691206" m21="-0.381974" m31="0.828353"
			m02="-0.656909" m12="-0.715089" m22="0.238992" m32="1.39574"
			m03="0" m13="0" m23="0" m33="1"/>
		<transform name="Bip01 L Finger0"
			m00="0.245977" m10="-0.946126" m20="-0.210574" m30="-0.372351"
			m01="0.274036" m11="-0.140503" m21="0.9514" m31="0.644396"
			m02="-0.929731" m12="-0.291728" m22="0.224712" m32="1.29606"
			m03="0" m13="0" m23="0" m33="1"/>
		<transform name="Bip01 L Finger01"
			m00="-0.177874" m10="-0.961259" m20="-0.210574" m30="-0.32234"
			m01="0.188741" m11="-0.243339" m21="0.9514" m31="0.700112"
			m02="-0.965783" m12="0.129486" m22="0.224712" m32="1.10704"
			m03="0" m13="0" m23="0" m33="1"/>
		<transform name="Bip01 L Finger11"
			m00="-0.214317" m10="0.396345" m20="-0.892737" m30="-0.723044"
			m01="-0.106594" m11="-0.918005" m21="-0.381974" m31="0.965629"
			m02="-0.97093" m12="0.0132969" m22="0.238992" m32="1.24874"
			m03="0" m13="0" m23="0" m33="1"/>
		<transform name="Bip01 Tail2"
			m00="-0.472156" m10="-0.881246" m20="0.0217614" m30="-0.660023"
			m01="0.039281" m11="0.00362867" m21="0.999222" m31="-0.199156"
			m02="-0.880639" m12="0.472644" m22="0.0329029" m32="0.952091"
			m03="0" m13="0" m23="0" m33="1"/>
		<transform name="Bip01 Tail1"
			m00="-0.694821" m10="-0.719178" m20="-0.00286416" m30="-0.419859"
			m01="0.0844754" m11="-0.0855681" m21="0.992745" m31="-0.228384"
			m02="-0.714205" m12="0.689538" m22="0.120207" m32="1.19934"
			m03="0" m13="0" m23="0" m33="1"/>
		<transform name="Bip01 Ponytail11"
			m00="-0.799589" m10="-0.308375" m20="-0.515327" m30="0.0867236"
			m01="-0.555013" m11="0.0516907" m21="0.830234" m31="0.030141"
			m02="-0.229386" m12="0.949859" m22="-0.212484" m32="2.31744"
			m03="0" m13="0" m23="0" m33="1"/>
		<transform name="Bip01 Ponytail12"
			m00="-0.656278" m10="-0.127988" m20="-0.743585" m30="-0.201259"
			m01="-0.739154" m11="-0.0888162" m21="0.667655" m31="-0.169754"
			m02="-0.151494" m12="0.987791" m22="-0.0363148" m32="2.23453"
			m03="0" m13="0" m23="0" m33="1"/>
		<transform name="Bip01 Prop2"
			m00="-0.972362" m10="0.167104" m20="0.163062" m30="0.856874"
			m01="0.015404" m11="0.74279" m21="-0.669347" m31="0.482336"
			m02="-0.232972" m12="-0.648336" m22="-0.724835" m32="1.94714"
			m03="0" m13="0" m23="0" m33="1"/>
		<transform name="Bip01 Prop1"
			m00="0.0" m10="0.0" m20="0.0" m30="0.607127"
			m01="0.0" m11="0.0" m21="0.0" m31="-0.502277"
			m02="0.0" m12="0.0" m22="0.0" m32="1.33275"
			m03="0" m13="0" m23="0" m33="1"/>
	</frame>
	<frame index="1">
		<transform name="Bip01 R Thigh"
			m00="0.716366" m10="0.697388" m20="-0.0216893" m30="0.013187"
			m01="-0.121682" m11="0.0942631" m21="-0.988083" m31="-0.382998"
			m02="-0.687033" m12="0.710468" m22="0.152386" m32="1.20919"
			m03="0" m13="0" m23="0" m33="1"/>
		<transform name="Bip01 Pelvis"
			m00="0.672423" m10="0.739557" m20="0.0300455" m30="0.0178518"
			m01="-0.235435" m11="0.175226" m21="0.955963" m31="-0.234576"
			m02="0.701725" m12="-0.649885" m22="0.291943" m32="1.25451"
			m03="0" m13="0" m23="0" m33="1"/>
		<transform name="Bip01 Tail"
			m00="-0.90669" m10="-0.421775" m20="-0.00442812" m30="-0.106475"
			m01="0.0843305" m11="-0.191551" m21="0.977853" m31="-0.258512"
			m02="-0.413283" m12="0.886236" m22="0.209246" m32="1.34562"
			m03="0" m13="0" m23="0" m33="1"/>
		<transform name="Bip01 L Thigh"
			m00="-0.369327" m10="0.500781" m20="0.782826" m30="0.0225167"
			m01="0.631488" m11="0.753253" m21="-0.183935" m31="-0.0861547"
			m02="-0.681777" m12="0.426413" m22="-0.594434" m32="1.29984"
			m03="0" m13="0" m23="0" m33="1"/>
		<transform name="Bip01 Spine"
			m00="0.540841" m10="0.789758" m20="-0.289436" m30="0.119698"
			m01="-0.0227885" m11="0.357737" m21="0.933544" m31="-0.270331"
			m02="0.840816" m12="-0.498304" m22="0.211477" m32="1.361"
			m03="0" m13="0" m23="0" m33="1"/>
		<transform name="Bip01 L Calf"
			m00="-0.613304" m10="0.105078" m20="0.782826" m30="-0.219629"
			m01="-0.0667567" m11="0.980669" m21="-0.183935" m31="0.327875"
			m02="-0.78702" m12="-0.165067" m22="-0.594434" m32="0.852838"
			m03="0" m13="0" m23="0" m33="1"/>
		<transform name="Bip01 L Foot"
			m00="-0.17402" m10="0.507206" m20="0.844073" m30="-0.613787"
			m01="-0.227402" m11="0.813285" m21="-0.535589" m31="0.284972"
			m02="-0.958126" m12="-0.285147" m22="-0.0261883" m32="0.347037"
			m03="0" m13="0" m23="0" m33="1"/>
		<transform name="Bip01 Spine2"
			m00="0.0661992" m10="0.641086" m20="-0.764609" m30="0.283656"
			m01="0.255835" m11="0.729769" m21="0.634024" m31="-0.246904"
			m02="0.964451" m12="-0.237586" m22="-0.115702" m32="1.69545"
			m03="0" m13="0" m23="0" m33="1"/>
		<transform name="Bip01 L UpperArm"
			m00="-0.956722" m10="-0.290252" m20="0.0208778" m30="0.0954044"
			m01="0.231782" m11="-0.716682" m21="0.657757" m31="-0.032212"
			m02="-0.175952" m12="0.63413" m22="0.752941" m32="1.84694"
			m03="0" m13="0" m23="0" m33="1"/>
		<transform name="Bip01 L Clavicle"
			m00="-0.764611" m10="-0.641136" m20="0.0656887" m30="0.224516"
			m01="0.634022" m11="-0.729974" m21="0.255254" m31="-0.139272"
			m02="-0.115701" m12="0.236818" m22="0.96464" m32="1.86647"
			m03="0" m13="0" m23="0" m33="1"/>
		<transform name="Bip01 Neck"
			m00="0.449617" m10="0.461754" m20="-0.76461" m30="0.29607"
			m01="0.65337" m11="0.413669" m21="0.634023" m31="-0.198725"
			m02="0.609058" m12="-0.784641" m22="-0.115704" m32="1.87743"
			m03="0" m13="0" m23="0" m33="1"/>
		<transform name="Bip01 Head"
			m00="0.190422" m10="0.97742" m20="0.0915976" m30="0.380938"
			m01="0.417762" m11="-0.165115" m21="0.893427" m31="-0.0753971"
			m02="0.888377" m12="-0.131862" m22="-0.43977" m32="1.99239"
			m03="0" m13="0" m23="0" m33="1"/>
		<transform name="Bip01 Spine1"
			m00="0.329772" m10="0.755693" m20="-0.565844" m30="0.221569"
			m01="0.148043" m11="0.550562" m21="0.821562" m31="-0.274711"
			m02="0.932381" m12="-0.354697" m22="0.0696848" m32="1.5196"
			m03="0" m13="0" m23="0" m33="1"/>
		<transform name="Bip01 Ponytail1"
			m00="-0.872998" m10="-0.431684" m20="-0.22699" m30="0.392369"
			m01="-0.349614" m11="0.229377" m21="0.908381" m31="0.148359"
			m02="-0.340067" m12="0.872373" m22="-0.351168" m32="2.44921"
			m03="0" m13="0" m23="0" m33="1"/>
		<transform name="Bip01 L Toe0"
			m00="0.533785" m10="0.0667273" m20="0.842983" m30="-0.435364"
			m01="0.841193" m11="0.0599705" m21="-0.537399" m31="0.582836"
			m02="-0.0864133" m12="0.995967" m22="-0.0241191" m32="0.00600786"
			m03="0" m13="0" m23="0" m33="1"/>
		<transform name="Bip01 R Toe0"
			m00="0.991089" m10="0.0897467" m20="-0.0984291" m30="0.550598"
			m01="-0.098028" m11="-0.00887711" m21="-0.995144" m31="-0.578501"
			m02="-0.0901847" m12="0.995925" m22="-3.24426e-007" m32="0.00358725"
			m03="0" m13="0" m23="0" m33="1"/>
		<transform name="Bip01 L ForeTwist"
			m00="-0.422962" m10="-0.902743" m20="0.0784721" m30="-0.302507"
			m01="0.688203" m11="-0.26369" m21="0.675903" m31="0.0641886"
			m02="-0.589474" m12="0.339886" m22="0.732801" m32="1.77376"
			m03="0" m13="0" m23="0" m33="1"/>
		<transform name="Bip01 L Hand"
			m00="-0.269671" m10="-0.378841" m20="-0.885301" m30="-0.515574"
			m01="0.948384" m11="-0.263805" m21="-0.175998" m31="0.41087"
			m02="-0.166872" m12="-0.887066" m22="0.430427" m32="1.47681"
			m03="0" m13="0" m23="0" m33="1"/>
		<transform name="Bip01 L Forearm"
			m00="-0.422962" m10="-0.905907" m20="0.0208778" m30="-0.302507"
			m01="0.688203" m11="-0.306159" m21="0.657757" m31="0.0641886"
			m02="-0.589474" m12="0.292574" m22="0.752941" m32="1.77376"
			m03="0" m13="0" m23="0" m33="1"/>
		<transform name="Bip01 Prop3"
			m00="-0.86697" m10="-0.498144" m20="-0.0146698" m30="0.149706"
			m01="-0.462772" m11="0.793786" m21="0.394648" m31="-0.216919"
			m02="-0.184947" m12="0.348937" m22="-0.918715" m32="1.18312"
			m03="0" m13="0" m23="0" m33="1"/>
		<transform name="Bip01 R Calf"
			m00="-0.560418" m10="0.827926" m20="-0.0216893" m30="0.482865"
			m01="-0.114208" m11="-0.103192" m21="-0.988083" m31="-0.462778"
			m02="-0.820298" m12="-0.551262" m22="0.152386" m32="0.758739"
			m03="0" m13="0" m23="0" m33="1"/>
		<transform name="Bip01 R Foot"
			m00="1.30524e-006" m10="0.995144" m20="-0.0984291" m30="0.122697"
			m01="1.41683e-007" m11="-0.0984291" m21="-0.995144" m31="-0.536177"
			m02="-1.0" m12="1.25959e-006" m22="-2.80714e-007" m32="0.231551"
			m03="0" m13="0" m23="0" m33="1"/>
		<transform name="Bip01 R UpperArm"
			m00="0.141947" m10="-0.850749" m20="-0.506041" m30="0.496874"
			m01="-0.790883" m11="-0.404901" m21="0.458867" m31="-0.365114"
			m02="-0.595277" m12="0.335085" m22="-0.730317" m32="1.90769"
			m03="0" m13="0" m23="0" m33="1"/>
		<transform name="Bip01 R Clavicle"
			m00="0.764611" m10="-0.641136" m20="-0.0656888" m30="0.367762"
			m01="-0.634022" m11="-0.729974" m21="-0.255254" m31="-0.258053"
			m02="0.115701" m12="0.236818" m22="-0.96464" m32="1.88815"
			m03="0" m13="0" m23="0" m33="1"/>
		<transform name="Bip01 R ForeTwist"
			m00="0.850521" m10="0.108068" m20="-0.514718" m30="0.555911"
			m01="0.406161" m11="-0.756715" m21="0.512265" m31="-0.69405"
			m02="-0.334135" m12="-0.644751" m22="-0.687495" m32="1.6601"
			m03="0" m13="0" m23="0" m33="1"/>
		<transform name="Bip01 R Hand"
			m00="0.387622" m10="-0.884658" m20="-0.259092" m30="0.98436"
			m01="0.813235" m11="0.195835" m21="0.547995" m31="-0.489447"
			m02="-0.434049" m12="-0.423117" m22="0.795345" m32="1.49178"
			m03="0" m13="0" m23="0" m33="1"/>
		<transform name="Bip01 R Forearm"
			m00="0.850521" m10="0.143303" m20="-0.506041" m30="0.555911"
			m01="0.406161" m11="-0.790237" m21="0.458867" m31="-0.69405"
			m02="-0.334135" m12="-0.59581" m22="-0.730317" m32="1.6601"
			m03="0" m13="0" m23="0" m33="1"/>
		<transform name="Bip01 R Finger1"
			m00="-0.651025" m10="-0.757269" m20="-0.0520585" m30="1.15305"
			m01="0.555174" m11="-0.521808" m21="0.647686" m31="-0.135535"
			m02="-0.517638" m12="0.392758" m22="0.760126" m32="1.30289"
			m03="0" m13="0" m23="0" m33="1"/>
		<transform name="Bip01 R Finger0"
			m00="-0.831082" m10="0.0529274" m20="-0.553625" m30="0.967353"
			m01="0.493573" m11="-0.388556" m21="-0.778081" m31="-0.182411"
			m02="-0.256296" m12="-0.919904" m22="0.296798" m32="1.56917"
			m03="0" m13="0" m23="0" m33="1"/>
		<transform name="Bip01 R Finger01"
			m00="-0.24743" m10="0.795158" m20="-0.553625" m30="0.798382"
			m01="-0.186615" m11="-0.599804" m21="-0.778081" m31="-0.0820601"
			m02="-0.950764" m12="-0.0892061" m22="0.296798" m32="1.51706"
			m03="0" m13="0" m23="0" m33="1"/>
		<transform name="Bip01 R Finger11"
			m00="-0.874704" m10="0.481854" m20="-0.0520585" m30="1.00737"
			m01="-0.396838" m11="-0.650401" m21="0.647686" m31="-0.0113019"
			m02="0.278231" m12="0.587193" m22="0.760126" m32="1.18706"
			m03="0" m13="0" m23="0" m33="1"/>
		<transform name="Bip01 L Finger1"
			m00="-0.439922" m10="0.101428" m20="-0.89229" m30="-0.632932"
			m01="0.614924" m11="-0.690099" m21="-0.381618" m31="0.823598"
			m02="-0.654475" m12="-0.716572" m22="0.24122" m32="1.40419"
			m03="0" m13="0" m23="0" m33="1"/>
		<transform name="Bip01 L Finger0"
			m00="0.243225" m10="-0.947176" m20="-0.209042" m30="-0.380805"
			m01="0.275381" m11="-0.139215" m21="0.951201" m31="0.639594"
			m02="-0.930057" m12="-0.288922" m22="0.226974" m32="1.3034"
			m03="0" m13="0" m23="0" m33="1"/>
		<transform name="Bip01 L Finger01"
			m00="-0.180812" m10="-0.961045" m20="-0.209042" m30="-0.331354"
			m01="0.190504" m11="-0.242742" m21="0.951201" m31="0.695583"
			m02="-0.964891" m12="0.132165" m22="0.226974" m32="1.1143"
			m03="0" m13="0" m23="0" m33="1"/>
		<transform name="Bip01 L Finger11"
			m00="-0.217522" m10="0.395605" m20="-0.89229" m30="-0.731375"
			m01="-0.104791" m11="-0.918361" m21="-0.381618" m31="0.961201"
			m02="-0.970414" m12="0.0104933" m22="0.24122" m32="1.25773"
			m03="0" m13="0" m23="0" m33="1"/>
		<transform name="Bip01 Tail2"
			m00="-0.474052" m10="-0.880324" m20="0.0174361" m30="-0.660742"
			m01="0.0341073" m11="0.00142827" m21="0.999417" m31="-0.201418"
			m02="-0.879836" m12="0.474371" m22="0.0293484" m32="0.955612"
			m03="0" m13="0" m23="0" m33="1"/>
		<transform name="Bip01 Tail1"
			m00="-0.696517" m10="-0.717514" m20="-0.00615391" m30="-0.419991"
			m01="0.0806127" m11="-0.0867699" m21="0.992962" m31="-0.229309"
			m02="-0.712998" m12="0.691118" m22="0.118277" m32="1.20244"
			m03="0" m13="0" m23="0" m33="1"/>
		<transform name="Bip01 Ponytail11"
			m00="-0.798043" m10="-0.310065" m20="-0.516707" m30="0.0779958"
			m01="-0.556258" m11="0.0492974" m21="0.829546" m31="0.0224105"
			m02="-0.231741" m12="0.949436" m22="-0.211818" m32="2.32644"
			m03="0" m13="0" m23="0" m33="1"/>
		<transform name="Bip01 Ponytail12"
			m00="-0.654168" m10="-0.131002" m20="-0.744918" m30="-0.209429"
			m01="-0.740025" m11="-0.0926598" m21="0.666166" m31="-0.177932"
			m02="-0.156293" m12="0.987042" m22="-0.0363298" m32="2.24268"
			m03="0" m13="0" m23="0" m33="1"/>
		<transform name="Bip01 Prop2"
			m00="-0.973203" m10="0.16261" m20="0.162587" m30="0.844636"
			m01="0.0129598" m11="0.744721" m21="-0.66725" m31="0.47656"
			m02="-0.229584" m12="-0.647263" m22="-0.726871" m32="1.95507"
			m03="0" m13="0" m23="0" m33="1"/>
		<transform name="Bip01 Prop1"
			m00="0.0" m10="0.0" m20="0.0" m30="0.595868"
			m01="0.0" m11="0.0" m21="0.0" m31="-0.50689"
			m02="0.0" m12="0.0" m22="0.0" m32="1.33903"
			m03="0" m13="0" m23="0" m33="1"/>
	</frame>
	<frame index="2">
		<transform name="Bip01 R Thigh"
			m00="0.714303" m10="0.699538" m20="-0.0204526" m30="0.013187"
			m01="-0.120935" m11="0.0945968" m21="-0.988143" m31="-0.382998"
			m02="-0.689309" m12="0.708307" m22="0.152169" m32="1.21153"
			m03="0" m13="0" m23="0" m33="1"/>
		<transform name="Bip01 Pelvis"
			m00="0.67449" m10="0.737672" m20="0.0300456" m30="0.0178518"
			m01="-0.234944" m11="0.175884" m21="0.955963" m31="-0.234576"
			m02="0.699903" m12="-0.651847" m22="0.291943" m32="1.25686"
			m03="0" m13="0" m23="0" m33="1"/>
		<transform name="Bip01 Tail"
			m00="-0.90785" m10="-0.419246" m20="-0.00640542" m30="-0.106211"
			m01="0.0817507" m11="-0.191968" m21="0.97799" m31="-0.258621"
			m02="-0.411248" m12="0.887345" m22="0.208552" m32="1.3483"
			m03="0" m13="0" m23="0" m33="1"/>
		<transform name="Bip01 L Thigh"
			m00="-0.367701" m10="0.500499" m20="0.783771" m30="0.0225167"
			m01="0.631493" m11="0.753078" m21="-0.184638" m31="-0.0861547"
			m02="-0.682652" m12="0.427054" m22="-0.592969" m32="1.30218"
			m03="0" m13="0" m23="0" m33="1"/>
		<transform name="Bip01 Spine"
			m00="0.534077" m10="0.794277" m20="-0.289631" m30="0.120011"
			m01="-0.026506" m11="0.358145" m21="0.93329" m31="-0.270256"
			m02="0.845021" m12="-0.490771" m22="0.21233" m32="1.36306"
			m03="0" m13="0" m23="0" m33="1"/>
		<transform name="Bip01 L Calf"
			m00="-0.611937" m10="0.106001" m20="0.783771" m30="-0.218563"
			m01="-0.0666332" m11="0.980545" m21="-0.184638" m31="0.327878"
			m02="-0.788095" m12="-0.165212" m22="-0.592969" m32="0.85461"
			m03="0" m13="0" m23="0" m33="1"/>
		<transform name="Bip01 L Foot"
			m00="-0.176929" m10="0.504239" m20="0.845245" m30="-0.611842"
			m01="-0.229231" m11="0.814065" m21="-0.533622" m31="0.285054"
			m02="-0.957157" m12="-0.288169" m22="-0.0284449" m32="0.348118"
			m03="0" m13="0" m23="0" m33="1"/>
		<transform name="Bip01 Spine2"
			m00="0.0426391" m10="0.647323" m20="-0.761023" m30="0.279692"
			m01="0.237832" m11="0.733242" m21="0.637018" m31="-0.249414"
			m02="0.97037" m12="-0.208157" m22="-0.122689" m32="1.69962"
			m03="0" m13="0" m23="0" m33="1"/>
		<transform name="Bip01 L UpperArm"
			m00="-0.958691" m10="-0.283425" m20="0.0241287" m30="0.0879392"
			m01="0.229032" m11="-0.718827" m21="0.656378" m31="-0.03733"
			m02="-0.168689" m12="0.63479" m22="0.754046" m32="1.85039"
			m03="0" m13="0" m23="0" m33="1"/>
		<transform name="Bip01 L Clavicle"
			m00="-0.761024" m10="-0.647354" m20="0.0421235" m30="0.216445"
			m01="0.637016" m11="-0.733433" m21="0.237248" m31="-0.144896"
			m02="-0.122688" m12="0.207385" m22="0.970536" m32="1.87111"
			m03="0" m13="0" m23="0" m33="1"/>
		<transform name="Bip01 Neck"
			m00="0.435008" m10="0.481261" m20="-0.761023" m30="0.28766"
			m01="0.641405" m11="0.427562" m21="0.637017" m31="-0.204631"
			m02="0.631956" m12="-0.765231" m22="-0.122691" m32="1.88271"
			m03="0" m13="0" m23="0" m33="1"/>
		<transform name="Bip01 Head"
			m00="0.192457" m10="0.977198" m20="0.0896907" m30="0.36977"
			m01="0.417843" m11="-0.164306" m21="0.893538" m31="-0.0835619"
			m02="0.8879" m12="-0.134491" m22="-0.439938" m32="2.002"
			m03="0" m13="0" m23="0" m33="1"/>
		<transform name="Bip01 Spine1"
			m00="0.313866" m10="0.763005" m20="-0.565077" m30="0.220605"
			m01="0.138062" m11="0.552149" m21="0.822235" m31="-0.275337"
			m02="0.939376" m12="-0.336087" m22="0.0679587" m32="1.52246"
			m03="0" m13="0" m23="0" m33="1"/>
		<transform name="Bip01 Ponytail1"
			m00="-0.872516" m10="-0.43177" m20="-0.228671" m30="0.382241"
			m01="-0.350884" m11="0.228054" m21="0.908225" m31="0.140165"
			m02="-0.339995" m12="0.872677" m22="-0.350482" m32="2.4588"
			m03="0" m13="0" m23="0" m33="1"/>
		<transform name="Bip01 L Toe0"
			m00="0.533785" m10="0.0667272" m20="0.842983" m30="-0.435358"
			m01="0.841193" m11="0.0599706" m21="-0.537399" m31="0.582836"
			m02="-0.0864134" m12="0.995967" m22="-0.0241191" m32="0.00601082"
			m03="0" m13="0" m23="0" m33="1"/>
		<transform name="Bip01 R Toe0"
			m00="0.991089" m10="0.0897467" m20="-0.0984291" m30="0.550598"
			m01="-0.098028" m11="-0.00887711" m21="-0.995144" m31="-0.5785"
			m02="-0.0901847" m12="0.995925" m22="-2.70399e-007" m32="0.00358723"
			m03="0" m13="0" m23="0" m33="1"/>
		<transform name="Bip01 L ForeTwist"
			m00="-0.424379" m10="-0.901794" m20="0.0816691" m30="-0.310791"
			m01="0.689657" m11="-0.263463" m21="0.674507" m31="0.0579268"
			m02="-0.58675" m12="0.34257" m22="0.733737" m32="1.78023"
			m03="0" m13="0" m23="0" m33="1"/>
		<transform name="Bip01 L Hand"
			m00="-0.269366" m10="-0.38219" m20="-0.883953" m30="-0.524571"
			m01="0.948933" m11="-0.261853" m21="-0.175951" m31="0.405341"
			m02="-0.164219" m12="-0.886207" m22="0.433208" m32="1.48466"
			m03="0" m13="0" m23="0" m33="1"/>
		<transform name="Bip01 L Forearm"
			m00="-0.424379" m10="-0.905163" m20="0.0241287" m30="-0.310791"
			m01="0.689657" m11="-0.305844" m21="0.656378" m31="0.0579268"
			m02="-0.58675" m12="0.295194" m22="0.754046" m32="1.78023"
			m03="0" m13="0" m23="0" m33="1"/>
		<transform name="Bip01 Prop3"
			m00="-0.867083" m10="-0.497857" m20="-0.0174503" m30="0.1495"
			m01="-0.463465" m11="0.793349" m21="0.394712" m31="-0.216806"
			m02="-0.182666" m12="0.350336" m22="-0.918639" m32="1.18512"
			m03="0" m13="0" m23="0" m33="1"/>
		<transform name="Bip01 R Calf"
			m00="-0.558313" m10="0.829378" m20="-0.0204526" m30="0.481513"
			m01="-0.11497" m11="-0.101762" m21="-0.988143" m31="-0.462288"
			m02="-0.821625" m12="-0.549342" m22="0.152169" m32="0.759592"
			m03="0" m13="0" m23="0" m33="1"/>
		<transform name="Bip01 R Foot"
			m00="1.28975e-006" m10="0.995144" m20="-0.0984291" m30="0.122697"
			m01="1.39358e-007" m11="-0.0984291" m21="-0.995144" m31="-0.536177"
			m02="-1.0" m12="1.24287e-006" m22="-2.26688e-007" m32="0.231551"
			m03="0" m13="0" m23="0" m33="1"/>
		<transform name="Bip01 R UpperArm"
			m00="0.138255" m10="-0.848818" m20="-0.510287" m30="0.487525"
			m01="-0.790917" m11="-0.404736" m21="0.458955" m31="-0.371804"
			m02="-0.596101" m12="0.340142" m22="-0.727301" m32="1.91481"
			m03="0" m13="0" m23="0" m33="1"/>
		<transform name="Bip01 R Clavicle"
			m00="0.761024" m10="-0.647354" m20="-0.0421236" m30="0.35902"
			m01="-0.637016" m11="-0.733433" m21="-0.237248" m31="-0.264238"
			m02="0.122688" m12="0.207385" m22="-0.970536" m32="1.89409"
			m03="0" m13="0" m23="0" m33="1"/>
		<transform name="Bip01 R ForeTwist"
			m00="0.84792" m10="0.108131" m20="-0.518979" m30="0.545027"
			m01="0.409766" m11="-0.754799" m21="0.512221" m31="-0.700755"
			m02="-0.336338" m12="-0.646982" m22="-0.684318" m32="1.66688"
			m03="0" m13="0" m23="0" m33="1"/>
		<transform name="Bip01 R Hand"
			m00="0.383314" m10="-0.886881" m20="-0.257901" m30="0.972166"
			m01="0.815551" m11="0.193937" m21="0.54522" m31="-0.494336"
			m02="-0.433529" m12="-0.419322" m22="0.797635" m32="1.49745"
			m03="0" m13="0" m23="0" m33="1"/>
		<transform name="Bip01 R Forearm"
			m00="0.84792" m10="0.143659" m20="-0.510287" m30="0.545027"
			m01="0.409766" m11="-0.788322" m21="0.458955" m31="-0.700755"
			m02="-0.336338" m12="-0.598256" m22="-0.727301" m32="1.66688"
			m03="0" m13="0" m23="0" m33="1"/>
		<transform name="Bip01 R Finger1"
			m00="-0.654786" m10="-0.754069" m20="-0.0513302" m30="1.13898"
			m01="0.554271" m11="-0.525246" m21="0.645678" m31="-0.139415"
			m02="-0.513847" m12="0.39433" m22="0.761882" m32="1.30879"
			m03="0" m13="0" m23="0" m33="1"/>
		<transform name="Bip01 R Finger0"
			m00="-0.833657" m10="0.0507471" m20="-0.549946" m30="0.954441"
			m01="0.491448" m11="-0.386162" m21="-0.780614" m31="-0.187544"
			m02="-0.251982" m12="-0.921034" m22="0.296987" m32="1.57564"
			m03="0" m13="0" m23="0" m33="1"/>
		<transform name="Bip01 R Finger01"
			m00="-0.250387" m10="0.796785" m20="-0.549946" m30="0.784946"
			m01="-0.185138" m11="-0.596964" m21="-0.780614" m31="-0.0876257"
			m02="-0.950279" m12="-0.0936394" m22="0.296987" m32="1.52441"
			m03="0" m13="0" m23="0" m33="1"/>
		<transform name="Bip01 R Finger11"
			m00="-0.872343" m10="0.486192" m20="-0.0513302" m30="0.992458"
			m01="-0.400388" m11="-0.650223" m21="0.645678" m31="-0.0153843"
			m02="0.280547" m12="0.583805" m22="0.761882" m32="1.1938"
			m03="0" m13="0" m23="0" m33="1"/>
		<transform name="Bip01 L Finger1"
			m00="-0.441635" m10="0.0982729" m20="-0.891797" m30="-0.641796"
			m01="0.616512" m11="-0.6889" m21="-0.381223" m31="0.818308"
			m02="-0.651822" m12="-0.718164" m22="0.243656" m32="1.41319"
			m03="0" m13="0" m23="0" m33="1"/>
		<transform name="Bip01 L Finger0"
			m00="0.240226" m10="-0.948312" m20="-0.207356" m30="-0.390197"
			m01="0.276831" m11="-0.137813" m21="0.950985" m31="0.634252"
			m02="-0.930406" m12="-0.285854" m22="0.229416" m32="1.31119"
			m03="0" m13="0" m23="0" m33="1"/>
		<transform name="Bip01 L Finger01"
			m00="-0.18401" m10="-0.960804" m20="-0.207356" m30="-0.341355"
			m01="0.192411" m11="-0.242087" m21="0.950985" m31="0.690536"
			m02="-0.963908" m12="0.135093" m22="0.229416" m32="1.12202"
			m03="0" m13="0" m23="0" m33="1"/>
		<transform name="Bip01 L Finger11"
			m00="-0.221015" m10="0.394779" m20="-0.891797" m30="-0.740622"
			m01="-0.102838" m11="-0.918746" m21="-0.381223" m31="0.956267"
			m02="-0.969833" m12="0.00745507" m22="0.243656" m32="1.26733"
			m03="0" m13="0" m23="0" m33="1"/>
		<transform name="Bip01 Tail2"
			m00="-0.476084" m10="-0.879307" m20="0.0127487" m30="-0.661512"
			m01="0.0285252" m11="-0.000951763" m21="0.999593" m31="-0.203862"
			m02="-0.878937" m12="0.476254" m22="0.0255356" m32="0.95945"
			m03="0" m13="0" m23="0" m33="1"/>
		<transform name="Bip01 Tail1"
			m00="-0.698343" m10="-0.715697" m20="-0.00971569" m30="-0.420129"
			m01="0.0764415" m11="-0.0880706" m21="0.993177" m31="-0.230311"
			m02="-0.711669" m12="0.692836" m22="0.116213" m32="1.20582"
			m03="0" m13="0" m23="0" m33="1"/>
		<transform name="Bip01 Ponytail11"
			m00="-0.796373" m10="-0.311856" m20="-0.518203" m30="0.0680424"
			m01="-0.557593" m11="0.0467047" m21="0.8288" m31="0.0137604"
			m02="-0.234264" m12="0.948981" m22="-0.211083" m32="2.33606"
			m03="0" m13="0" m23="0" m33="1"/>
		<transform name="Bip01 Ponytail12"
			m00="-0.651876" m10="-0.134209" m20="-0.746355" m30="-0.21878"
			m01="-0.740939" m11="-0.0968204" m21="0.664556" m31="-0.187062"
			m02="-0.161452" m12="0.986212" m22="-0.036326" m32="2.2514"
			m03="0" m13="0" m23="0" m33="1"/>
		<transform name="Bip01 Prop2"
			m00="-0.974096" m10="0.157728" m20="0.162047" m30="0.83101"
			m01="0.0103055" m11="0.74681" m21="-0.664958" m31="0.470087"
			m02="-0.225901" m12="-0.646063" m22="-0.72909" m32="1.9636"
			m03="0" m13="0" m23="0" m33="1"/>
		<transform name="Bip01 Prop1"
			m00="0.0" m10="0.0" m20="0.0" m30="0.583281"
			m01="0.0" m11="0.0" m21="0.0" m31="-0.512083"
			m02="0.0" m12="0.0" m22="0.0" m32="1.34574"
			m03="0" m13="0" m23="0" m33="1"/>
	</frame>
	<frame index="3">
		<transform name="Bip01 R Thigh"
			m00="0.712092" m10="0.701825" m20="-0.0191365" m30="0.013187"
			m01="-0.120145" m11="0.0949572" m21="-0.988205" m31="-0.382998"
			m02="-0.691729" m12="0.705992" m22="0.151939" m32="1.21403"
			m03="0" m13="0" m23="0" m33="1"/>
		<transform name="Bip01 Pelvis"
			m00="0.676685" m10="0.735659" m20="0.0300456" m30="0.0178518"
			m01="-0.234419" m11="0.176583" m21="0.955963" m31="-0.234576"
			m02="0.697958" m12="-0.65393" m22="0.291943" m32="1.25935"
			m03="0" m13="0" m23="0" m33="1"/>
		<transform name="Bip01 Tail"
			m00="-0.909073" m10="-0.416549" m20="-0.0085077" m30="-0.105929"
			m01="0.0790106" m11="-0.192409" m21="0.978129" m31="-0.258737"
			m02="-0.409076" m12="0.888518" m22="0.207826" m32="1.35115"
			m03="0" m13="0" m23="0" m33="1"/>
		<transform name="Bip01 L Thigh"
			m00="-0.365958" m10="0.5002" m20="0.784777" m30="0.0225167"
			m01="0.631503" m11="0.752884" m21="-0.185389" m31="-0.0861547"
			m02="-0.683577" m12="0.427745" m22="-0.591402" m32="1.30468"
			m03="0" m13="0" m23="0" m33="1"/>
		<transform name="Bip01 Spine"
			m00="0.526949" m10="0.798949" m20="-0.289837" m30="0.120343"
			m01="-0.0304231" m11="0.35854" m21="0.933019" m31="-0.270177"
			m02="0.849352" m12="-0.482836" m22="0.213239" m32="1.36526"
			m03="0" m13="0" m23="0" m33="1"/>
		<transform name="Bip01 L Calf"
			m00="-0.610474" m10="0.106994" m20="0.784777" m30="-0.21742"
			m01="-0.0664904" m11="0.980413" m21="-0.185389" m31="0.327885"
			m02="-0.789241" m12="-0.165355" m22="-0.591402" m32="0.8565"
			m03="0" m13="0" m23="0" m33="1"/>
		<transform name="Bip01 L Foot"
			m00="-0.180053" m10="0.501036" m20="0.846489" m30="-0.609759"
			m01="-0.231214" m11="0.814885" m21="-0.53151" m31="0.285153"
			m02="-0.956097" m12="-0.29142" m22="-0.0308757" m32="0.349271"
			m03="0" m13="0" m23="0" m33="1"/>
		<transform name="Bip01 Spine2"
			m00="0.0176579" m10="0.653026" m20="-0.757129" m30="0.275499"
			m01="0.218863" m11="0.736358" m21="0.640215" m31="-0.252057"
			m02="0.975596" m12="-0.177012" m22="-0.129921" m32="1.70394"
			m03="0" m13="0" m23="0" m33="1"/>
		<transform name="Bip01 L UpperArm"
			m00="-0.960719" m10="-0.276147" m20="0.0276075" m30="0.0800576"
			m01="0.226087" m11="-0.721088" m21="0.654917" m31="-0.0427105"
			m02="-0.160946" m12="0.635433" m22="0.755196" m32="1.8538"
			m03="0" m13="0" m23="0" m33="1"/>
		<transform name="Bip01 L Clavicle"
			m00="-0.757131" m10="-0.653038" m20="0.0171379" m30="0.207906"
			m01="0.640213" m11="-0.736534" m21="0.218277" m31="-0.150816"
			m02="-0.12992" m12="0.176236" m22="0.975736" m32="1.87573"
			m03="0" m13="0" m23="0" m33="1"/>
		<transform name="Bip01 Neck"
			m00="0.418953" m10="0.501232" m20="-0.75713" m30="0.278753"
			m01="0.62846" m11="0.441773" m21="0.640215" m31="-0.210853"
			m02="0.655375" m12="-0.744045" m22="-0.129922" m32="1.88802"
			m03="0" m13="0" m23="0" m33="1"/>
		<transform name="Bip01 Head"
			m00="0.194622" m10="0.976953" m20="0.0876598" m30="0.357833"
			m01="0.417932" m11="-0.163443" m21="0.893655" m31="-0.0922274"
			m02="0.887386" m12="-0.137289" m22="-0.44011" m32="2.01172"
			m03="0" m13="0" m23="0" m33="1"/>
		<transform name="Bip01 Spine1"
			m00="0.297005" m10="0.77033" m20="-0.564251" m30="0.219592"
			m01="0.127544" m11="0.553616" m21="0.822947" m31="-0.275997"
			m02="0.94632" m12="-0.316386" m22="0.0661757" m32="1.52547"
			m03="0" m13="0" m23="0" m33="1"/>
		<transform name="Bip01 Ponytail1"
			m00="-0.872006" m10="-0.43185" m20="-0.230459" m30="0.371411"
			m01="-0.35223" m11="0.226646" m21="0.908056" m31="0.131471"
			m02="-0.339911" m12="0.873005" m22="-0.349747" m32="2.46851"
			m03="0" m13="0" m23="0" m33="1"/>
		<transform name="Bip01 L Toe0"
			m00="0.533785" m10="0.0667274" m20="0.842983" m30="-0.435365"
			m01="0.841193" m11="0.0599707" m21="-0.537399" m31="0.582836"
			m02="-0.0864134" m12="0.995967" m22="-0.0241192" m32="0.00600801"
			m03="0" m13="0" m23="0" m33="1"/>
		<transform name="Bip01 R Toe0"
			m00="0.991089" m10="0.0897467" m20="-0.0984291" m30="0.550598"
			m01="-0.098028" m11="-0.00887711" m21="-0.995144" m31="-0.5785"
			m02="-0.0901846" m12="0.995925" m22="-3.2695e-007" m32="0.00358735"
			m03="0" m13="0" m23="0" m33="1"/>
		<transform name="Bip01 L ForeTwist"
			m00="-0.425873" m10="-0.900773" m20="0.0850901" m30="-0.319516"
			m01="0.691197" m11="-0.263212" m21="0.673027" m31="0.0513217"
			m02="-0.583848" m12="0.345438" m22="0.734707" m32="1.78686"
			m03="0" m13="0" m23="0" m33="1"/>
		<transform name="Bip01 L Hand"
			m00="-0.269021" m10="-0.385763" m20="-0.882505" m30="-0.534049"
			m01="0.949513" m11="-0.259783" m21="-0.17589" m31="0.399512"
			m02="-0.161408" m12="-0.885268" m22="0.436174" m32="1.49274"
			m03="0" m13="0" m23="0" m33="1"/>
		<transform name="Bip01 L Forearm"
			m00="-0.425873" m10="-0.904362" m20="0.0276075" m30="-0.319516"
			m01="0.691197" m11="-0.305499" m21="0.654917" m31="0.0513217"
			m02="-0.583848" m12="0.297994" m22="0.755196" m32="1.78686"
			m03="0" m13="0" m23="0" m33="1"/>
		<transform name="Bip01 Prop3"
			m00="-0.867197" m10="-0.497547" m20="-0.0204104" m30="0.149279"
			m01="-0.464203" m11="0.792885" m21="0.394778" m31="-0.216685"
			m02="-0.180237" m12="0.351825" m22="-0.91855" m32="1.18724"
			m03="0" m13="0" m23="0" m33="1"/>
		<transform name="Bip01 R Calf"
			m00="-0.556058" m10="0.830923" m20="-0.0191365" m30="0.480064"
			m01="-0.115776" m11="-0.100237" m21="-0.988205" m31="-0.46177"
			m02="-0.82304" m12="-0.547283" m22="0.151939" m32="0.760502"
			m03="0" m13="0" m23="0" m33="1"/>
