<?xml version="1.0" encoding="ISO-8859-1" standalone="yes"?>

<!DOCTYPE skeleton [
	<!ELEMENT skeleton   (bones, init_pose)>

	<!ELEMENT bones      (bone+)>

	<!ELEMENT init_pose  (transform+)>

	<!ELEMENT bone        EMPTY>

	<!ELEMENT transform   EMPTY>
	<!ATTLIST transform name CDATA #REQUIRED>
	<!ATTLIST transform m00 CDATA #REQUIRED>
	<!ATTLIST transform m01 CDATA #REQUIRED>
	<!ATTLIST transform m02 CDATA #REQUIRED>
	<!ATTLIST transform m03 CDATA #REQUIRED>
	<!ATTLIST transform m10 CDATA #REQUIRED>
	<!ATTLIST transform m11 CDATA #REQUIRED>
	<!ATTLIST transform m12 CDATA #REQUIRED>
	<!ATTLIST transform m13 CDATA #REQUIRED>
	<!ATTLIST transform m20 CDATA #REQUIRED>
	<!ATTLIST transform m21 CDATA #REQUIRED>
	<!ATTLIST transform m22 CDATA #REQUIRED>
	<!ATTLIST transform m23 CDATA #REQUIRED>
	<!ATTLIST transform m30 CDATA #REQUIRED>
	<!ATTLIST transform m31 CDATA #REQUIRED>
	<!ATTLIST transform m32 CDATA #REQUIRED>
	<!ATTLIST transform m33 CDATA #REQUIRED>
	<!ATTLIST bone name CDATA #REQUIRED>
	<!ATTLIST bone parent CDATA #REQUIRED>
]>

<skeleton>
	<bones>
		<bone name="Bip01 R Thigh" parent="Bip01 Spine"/>
		<bone name="Bip01 Pelvis" parent="Bip01"/>
		<bone name="Bip01 Tail" parent="Bip01 Spine"/>
		<bone name="Bip01 L Thigh" parent="Bip01 Spine"/>
		<bone name="Bip01 Spine" parent="Bip01 Pelvis"/>
		<bone name="Bip01 L Calf" parent="Bip01 L Thigh"/>
		<bone name="Bip01 L Foot" parent="Bip01 L Calf"/>
		<bone name="Bip01 Spine2" parent="Bip01 Spine1"/>
		<bone name="Bip01 L UpperArm" parent="Bip01 L Clavicle"/>
		<bone name="Bip01 L Clavicle" parent="Bip01 Neck"/>
		<bone name="Bip01 Neck" parent="Bip01 Spine2"/>
		<bone name="Bip01 Head" parent="Bip01 Neck"/>
		<bone name="Bip01 Spine1" parent="Bip01 Spine"/>
		<bone name="Bip01 Ponytail1" parent="Bip01 Head"/>
		<bone name="Bip01 L Toe0" parent="Bip01 L Foot"/>
		<bone name="Bip01 R Toe0" parent="Bip01 R Foot"/>
		<bone name="Bip01 L ForeTwist" parent="Bip01 L UpperArm"/>
		<bone name="Bip01 L Hand" parent="Bip01 L Forearm"/>
		<bone name="Bip01 L Forearm" parent="Bip01 L UpperArm"/>
		<bone name="Bip01 Prop3" parent="Bip01 Spine"/>
		<bone name="Bip01 R Calf" parent="Bip01 R Thigh"/>
		<bone name="Bip01 R Foot" parent="Bip01 R Calf"/>
		<bone name="Bip01 R UpperArm" parent="Bip01 R Clavicle"/>
		<bone name="Bip01 R Clavicle" parent="Bip01 Neck"/>
		<bone name="Bip01 R ForeTwist" parent="Bip01 R UpperArm"/>
		<bone name="Bip01 R Hand" parent="Bip01 R Forearm"/>
		<bone name="Bip01 R Forearm" parent="Bip01 R UpperArm"/>
		<bone name="Bip01 R Finger1" parent="Bip01 R Hand"/>
		<bone name="Bip01 R Finger0" parent="Bip01 R Hand"/>
		<bone name="Bip01 R Finger01" parent="Bip01 R Finger0"/>
		<bone name="Bip01 R Finger11" parent="Bip01 R Finger1"/>
		<bone name="Bip01 L Finger1" parent="Bip01 L Hand"/>
		<bone name="Bip01 L Finger0" parent="Bip01 L Hand"/>
		<bone name="Bip01 L Finger01" parent="Bip01 L Finger0"/>
		<bone name="Bip01 L Finger11" parent="Bip01 L Finger1"/>
		<bone name="Bip01 Tail2" parent="Bip01 Tail1"/>
		<bone name="Bip01 Tail1" parent="Bip01 Tail"/>
		<bone name="Bip01 Ponytail11" parent="Bip01 Ponytail1"/>
		<bone name="Bip01 Ponytail12" parent="Bip01 Ponytail11"/>
		<bone name="Bip01 Prop2" parent="Bip01"/>
		<bone name="Bip01 Prop1" parent="Bip01"/>
	</bones>
	<init_pose>
		<transform name="Bip01 R Thigh"
			m00="-0.00824383" m10="0.99996" m20="0.00354449" m30="-0.0502963"
			m01="-0.0872721" m11="0.00281161" m21="-0.99618" m31="-0.155259"
			m02="-0.99615" m12="-0.00852168" m22="0.0872454" m32="1.52479"
			m03="0" m13="0" m23="0" m33="1"/>
		<transform name="Bip01 Pelvis"
			m00="0.0" m10="1.0" m20="-2.7355e-006" m30="-0.0502965"
			m01="-1.43051e-006" m11="2.7355e-006" m21="1.0" m31="0.0"
			m02="1.0" m12="0.0" m22="1.43051e-006" m32="1.52479"
			m03="0" m13="0" m23="0" m33="1"/>
		<transform name="Bip01 Tail"
			m00="-0.503355" m10="-0.86408" m20="-3.74531e-006" m30="-0.205666"
			m01="-6.03334e-007" m11="-3.98299e-006" m21="1.0" m31="-1.94765e-007"
			m02="-0.86408" m12="0.503355" m22="1.48353e-006" m32="1.51073"
			m03="0" m13="0" m23="0" m33="1"/>
		<transform name="Bip01 L Thigh"
			m00="-0.00824408" m10="0.99996" m20="-0.00354163" m30="-0.0502967"
			m01="0.0872723" m11="-0.00280874" m21="-0.99618" m31="0.155259"
			m02="-0.99615" m12="-0.00852168" m22="-0.0872456" m32="1.52479"
			m03="0" m13="0" m23="0" m33="1"/>
		<transform name="Bip01 Spine"
			m00="0.000796231" m10="1.0" m20="1.4249e-006" m30="-0.0504467"
			m01="0.0" m11="-1.42483e-006" m21="1.0" m31="0.0"
			m02="1.0" m12="-0.000796231" m22="0.0" m32="1.67643"
			m03="0" m13="0" m23="0" m33="1"/>
		<transform name="Bip01 L Calf"
			m00="-0.0178488" m10="0.999834" m20="-0.00354163" m30="-0.0557019"
			m01="0.0872952" m11="-0.00197031" m21="-0.99618" m31="0.212478"
			m02="-0.996023" m12="-0.0180898" m22="-0.0872456" m32="0.871672"
			m03="0" m13="0" m23="0" m33="1"/>
		<transform name="Bip01 L Foot"
			m00="0.0" m10="0.995399" m20="0.0958169" m30="-0.0671729"
			m01="0.0" m11="0.0958169" m21="-0.995399" m31="0.268581"
			m02="-1.0" m12="0.0" m22="0.0" m32="0.231549"
			m03="0" m13="0" m23="0" m33="1"/>
		<transform name="Bip01 Spine2"
			m00="0.000796231" m10="1.0" m20="1.4249e-006" m30="-0.0504467"
			m01="0.0" m11="-1.42483e-006" m21="1.0" m31="0.0"
			m02="1.0" m12="-0.000796231" m22="0.0" m32="2.05356"
			m03="0" m13="0" m23="0" m33="1"/>
		<transform name="Bip01 L UpperArm"
			m00="0.0133789" m10="-0.991162" m20="-0.13198" m30="-0.0502969"
			m01="0.999826" m11="0.01155" m21="0.0146127" m31="0.262532"
			m02="-0.0129592" m12="-0.132152" m22="0.991145" m32="2.24212"
			m03="0" m13="0" m23="0" m33="1"/>
		<transform name="Bip01 L Clavicle"
			m00="-1.3487e-006" m10="-1.0" m20="0.0" m30="-0.0502967"
			m01="1.0" m11="-1.3487e-006" m21="0.0" m31="0.0936727"
			m02="0.0" m12="0.0" m22="1.0" m32="2.24212"
			m03="0" m13="0" m23="0" m33="1"/>
		<transform name="Bip01 Neck"
			m00="0.0714839" m10="0.997442" m20="1.41781e-006" m30="-0.0504465"
			m01="0.0" m11="-1.4221e-006" m21="1.0" m31="-1.29565e-007"
			m02="0.997442" m12="-0.0714839" m22="0.0" m32="2.24214"
			m03="0" m13="0" m23="0" m33="1"/>
		<transform name="Bip01 Head"
			m00="-1.43051e-006" m10="1.0" m20="1.4249e-006" m30="-0.0369534"
			m01="0.0" m11="-1.4249e-006" m21="1.0" m31="-1.27827e-007"
			m02="1.0" m12="1.43051e-006" m22="0.0" m32="2.43041"
			m03="0" m13="0" m23="0" m33="1"/>
		<transform name="Bip01 Spine1"
			m00="0.000796231" m10="1.0" m20="1.4249e-006" m30="-0.0504467"
			m01="0.0" m11="-1.42483e-006" m21="1.0" m31="0.0"
			m02="1.0" m12="-0.000796231" m22="0.0" m32="1.86499"
			m03="0" m13="0" m23="0" m33="1"/>
		<transform name="Bip01 Ponytail1"
			m00="-0.675342" m10="-0.737505" m20="-3.39424e-006" m30="-0.122917"
			m01="-8.46358e-007" m11="-3.82731e-006" m21="1.0" m31="-4.62572e-007"
			m02="-0.737505" m12="0.675342" m22="1.96055e-006" m32="2.93192"
			m03="0" m13="0" m23="0" m33="1"/>
		<transform name="Bip01 L Toe0"
			m00="0.991343" m10="0.0897711" m20="0.0958169" m30="0.360838"
			m01="0.0954264" m11="0.00864131" m21="-0.995399" m31="0.309781"
			m02="-0.090186" m12="0.995925" m22="0.0" m32="0.00358492"
			m03="0" m13="0" m23="0" m33="1"/>
		<transform name="Bip01 R Toe0"
			m00="0.991343" m10="0.089771" m20="-0.0958142" m30="0.360839"
			m01="-0.0954238" m11="-0.00864123" m21="-0.995399" m31="-0.30978"
			m02="-0.0901859" m12="0.995925" m22="-1.3492e-007" m32="0.00358489"
			m03="0" m13="0" m23="0" m33="1"/>
		<transform name="Bip01 L ForeTwist"
			m00="0.033315" m10="-0.997085" m20="-0.0686456" m30="-0.0447325"
			m01="0.999392" m11="0.0325269" m21="0.0125676" m31="0.67837"
			m02="-0.0102981" m12="-0.0690226" m22="0.997562" m32="2.23673"
			m03="0" m13="0" m23="0" m33="1"/>
		<transform name="Bip01 L Hand"
			m00="0.033315" m10="-0.0586002" m20="-0.997726" m30="-0.0279501"
			m01="0.999392" m11="-0.00833288" m21="0.0338601" m31="1.18181"
			m02="-0.0102981" m12="-0.998247" m22="0.0582869" m32="2.23155"
			m03="0" m13="0" m23="0" m33="1"/>
		<transform name="Bip01 L Forearm"
			m00="0.033315" m10="-0.990692" m20="-0.13198" m30="-0.0447325"
			m01="0.999392" m11="0.0316609" m21="0.0146127" m31="0.67837"
			m02="-0.0102981" m12="-0.132386" m22="0.991145" m32="2.23673"
			m03="0" m13="0" m23="0" m33="1"/>
		<transform name="Bip01 Prop3"
			m00="-0.616179" m10="-0.346034" m20="0.707519" m30="0.096705"
			m01="-0.524675" m11="0.850311" m21="-0.0410699" m31="3.57628e-007"
			m02="-0.5874" m12="-0.396524" m22="-0.705499" m32="1.5592"
			m03="0" m13="0" m23="0" m33="1"/>
		<transform name="Bip01 R Calf"
			m00="-0.0178486" m10="0.999834" m20="0.00354449" m30="-0.0557013"
			m01="-0.0872951" m11="0.00197319" m21="-0.99618" m31="-0.212478"
			m02="-0.996023" m12="-0.0180898" m22="0.0872454" m32="0.871672"
			m03="0" m13="0" m23="0" m33="1"/>
		<transform name="Bip01 R Foot"
			m00="0.0" m10="0.995399" m20="-0.0958142" m30="-0.0671722"
			m01="0.0" m11="-0.0958142" m21="-0.995399" m31="-0.268581"
			m02="-1.0" m12="0.0" m22="0.0" m32="0.231549"
			m03="0" m13="0" m23="0" m33="1"/>
		<transform name="Bip01 R UpperArm"
			m00="0.0133817" m10="-0.991162" m20="0.13198" m30="-0.0502962"
			m01="-0.999826" m11="-0.0115529" m21="0.0146133" m31="-0.262532"
			m02="-0.0129594" m12="-0.132152" m22="-0.991145" m32="2.24212"
			m03="0" m13="0" m23="0" m33="1"/>
		<transform name="Bip01 R Clavicle"
			m00="1.3487e-006" m10="-1.0" m20="0.0" m30="-0.0502964"
			m01="-1.0" m11="-1.3487e-006" m21="1.31134e-007" m31="-0.093673"
			m02="-1.31134e-007" m12="0.0" m22="-1.0" m32="2.24212"
			m03="0" m13="0" m23="0" m33="1"/>
		<transform name="Bip01 R ForeTwist"
			m00="0.0333179" m10="-0.997085" m20="0.0686455" m30="-0.0447306"
			m01="-0.999392" m11="-0.0325297" m21="0.012568" m31="-0.67837"
			m02="-0.0102983" m12="-0.0690225" m22="-0.997562" m32="2.23673"
			m03="0" m13="0" m23="0" m33="1"/>
		<transform name="Bip01 R Hand"
			m00="0.0333179" m10="-0.0586002" m20="0.997725" m30="-0.0279467"
			m01="-0.999392" m11="0.00833289" m21="0.033863" m31="-1.18181"
			m02="-0.0102983" m12="-0.998247" m22="-0.0582869" m32="2.23155"
			m03="0" m13="0" m23="0" m33="1"/>
		<transform name="Bip01 R Forearm"
			m00="0.0333179" m10="-0.990692" m20="0.13198" m30="-0.0447306"
			m01="-0.999392" m11="-0.0316637" m21="0.0146133" m31="-0.67837"
			m02="-0.0102983" m12="-0.132386" m22="-0.991145" m32="2.23673"
			m03="0" m13="0" m23="0" m33="1"/>
		<transform name="Bip01 R Finger1"
			m00="0.0219466" m10="-0.0630073" m20="0.997772" m30="-0.0134471"
			m01="-0.98028" m11="0.194693" m21="0.0338563" m31="-1.61674"
			m02="-0.196392" m12="-0.978839" m22="-0.0574919" m32="2.22706"
			m03="0" m13="0" m23="0" m33="1"/>
		<transform name="Bip01 R Finger0"
			m00="0.831144" m10="-0.46918" m20="0.298446" m30="0.210221"
			m01="-0.461195" m11="-0.28181" m21="0.841358" m31="-1.38291"
			m02="-0.310643" m12="-0.836931" m22="-0.450608" m32="2.17338"
			m03="0" m13="0" m23="0" m33="1"/>
		<transform name="Bip01 R Finger01"
			m00="0.799349" m10="-0.521509" m20="0.298446" m30="0.379204"
			m01="-0.478316" m11="-0.251657" m21="0.841358" m31="-1.47668"
			m02="-0.363669" m12="-0.81529" m22="-0.450608" m32="2.11022"
			m03="0" m13="0" m23="0" m33="1"/>
		<transform name="Bip01 R Finger11"
			m00="-0.0046071" m10="-0.0665609" m20="0.997772" m30="-0.008536"
			m01="-0.824671" m11="0.564599" m21="0.0338563" m31="-1.8361"
			m02="-0.565595" m12="-0.822677" m22="-0.0574919" m32="2.18312"
			m03="0" m13="0" m23="0" m33="1"/>
		<transform name="Bip01 L Finger1"
			m00="0.0219438" m10="-0.0630068" m20="-0.997772" m30="-0.0134517"
			m01="0.98028" m11="-0.194693" m21="0.0338534" m31="1.61674"
			m02="-0.196392" m12="-0.978839" m22="0.0574919" m32="2.22706"
			m03="0" m13="0" m23="0" m33="1"/>
		<transform name="Bip01 L Finger0"
			m00="0.831142" m10="-0.469181" m20="-0.298448" m30="0.210217"
			m01="0.461197" m11="0.281809" m21="0.841357" m31="1.38291"
			m02="-0.310643" m12="-0.836931" m22="0.450608" m32="2.17338"
			m03="0" m13="0" m23="0" m33="1"/>
		<transform name="Bip01 L Finger01"
			m00="0.799347" m10="-0.521509" m20="-0.298448" m30="0.3792"
			m01="0.478318" m11="0.251656" m21="0.841357" m31="1.47668"
			m02="-0.363669" m12="-0.81529" m22="0.450608" m32="2.11022"
			m03="0" m13="0" m23="0" m33="1"/>
		<transform name="Bip01 L Finger11"
			m00="-0.00460947" m10="-0.0665593" m20="-0.997772" m30="-0.00854123"
			m01="0.824671" m11="-0.564599" m21="0.0338534" m31="1.8361"
			m02="-0.565594" m12="-0.822677" m22="0.0574919" m32="2.18312"
			m03="0" m13="0" m23="0" m33="1"/>
		<transform name="Bip01 Tail2"
			m00="-0.12244" m10="-0.992476" m20="-4.10143e-006" m30="-0.489808"
			m01="0.0" m11="-4.12286e-006" m21="1.0" m31="-5.23177e-007"
			m02="-0.992476" m12="0.12244" m22="4.27023e-007" m32="0.883761"
			m03="0" m13="0" m23="0" m33="1"/>
		<transform name="Bip01 Tail1"
			m00="-0.319416" m10="-0.947615" m20="-3.977e-006" m30="-0.379564"
			m01="-3.47952e-007" m11="-4.07957e-006" m21="1.0" m31="-4.03158e-007"
			m02="-0.947615" m12="0.319416" m22="9.73354e-007" m32="1.21167"
			m03="0" m13="0" m23="0" m33="1"/>
		<transform name="Bip01 Ponytail11"
			m00="-0.572371" m10="-0.819995" m20="-3.62304e-006" m30="-0.365946"
			m01="-7.00271e-007" m11="-3.92956e-006" m21="1.0" m31="-7.67106e-007"
			m02="-0.819995" m12="0.572371" m22="1.67495e-006" m32="2.6661"
			m03="0" m13="0" m23="0" m33="1"/>
		<transform name="Bip01 Ponytail12"
			m00="-0.459438" m10="-0.88821" m20="-3.81224e-006" m30="-0.571865"
			m01="-5.41993e-007" m11="-4.01169e-006" m21="1.0" m31="-1.019e-006"
			m02="-0.88821" m12="0.459438" m22="1.36172e-006" m32="2.3706"
			m03="0" m13="0" m23="0" m33="1"/>
		<transform name="Bip01 Prop2"
			m00="0.0112878" m10="-0.133013" m20="-0.99105" m30="0.914798"
			m01="0.277483" m11="-0.951771" m21="0.130901" m31="-1.67923"
			m02="-0.960664" m12="-0.276477" m22="0.0261654" m32="2.05509"
			m03="0" m13="0" m23="0" m33="1"/>
		<transform name="Bip01 Prop1"
			m00="1.0" m10="-0.000873894" m20="-4.03607e-006" m30="-0.21904"
			m01="-6.06244e-005" m11="-0.0739785" m21="0.99726" m31="-1.25476"
			m02="-0.000871798" m12="-0.997259" m22="-0.0739786" m32="1.86723"
			m03="0" m13="0" m23="0" m33="1"/>
	</init_pose>
</skeleton>
