<?xml version="1.0" encoding="ISO-8859-1" standalone="yes"?>

<!DOCTYPE animation [
	<!ELEMENT animation  (frame+)>
	<!ELEMENT frame      (transform+)>
	<!ELEMENT transform   EMPTY>
	<!ATTLIST frame index CDATA #REQUIRED>
	<!ATTLIST transform name CDATA #REQUIRED>
	<!ATTLIST transform m00 CDATA #REQUIRED>
	<!ATTLIST transform m01 CDATA #REQUIRED>
	<!ATTLIST transform m02 CDATA #REQUIRED>
	<!ATTLIST transform m03 CDATA #REQUIRED>
	<!ATTLIST transform m10 CDATA #REQUIRED>
	<!ATTLIST transform m11 CDATA #REQUIRED>
	<!ATTLIST transform m12 CDATA #REQUIRED>
	<!ATTLIST transform m13 CDATA #REQUIRED>
	<!ATTLIST transform m20 CDATA #REQUIRED>
	<!ATTLIST transform m21 CDATA #REQUIRED>
	<!ATTLIST transform m22 CDATA #REQUIRED>
	<!ATTLIST transform m23 CDATA #REQUIRED>
	<!ATTLIST transform m30 CDATA #REQUIRED>
	<!ATTLIST transform m31 CDATA #REQUIRED>
	<!ATTLIST transform m32 CDATA #REQUIRED>
	<!ATTLIST transform m33 CDATA #REQUIRED>
]>

<animation>
	<frame index="0">
		<transform name="Bip01 R Thigh"
			m00="0.718325" m10="0.6955" m20="-0.0169836" m30="0.0136534"
			m01="-0.11867" m11="0.0984371" m21="-0.988042" m31="-0.382742"
			m02="-0.685512" m12="0.711751" m22="0.153245" m32="1.20703"
			m03="0" m13="0" m23="0" m33="1"/>
		<transform name="Bip01 Pelvis"
			m00="0.670518" m10="0.741285" m20="0.0300455" m30="0.0183182"
			m01="-0.235885" m11="0.17462" m21="0.955963" m31="-0.23432"
			m02="0.703394" m12="-0.648078" m22="0.291943" m32="1.25236"
			m03="0" m13="0" m23="0" m33="1"/>
		<transform name="Bip01 Tail"
			m00="-0.905613" m10="-0.424097" m20="-0.00259985" m30="-0.10625"
			m01="0.0867162" m11="-0.191167" m21="0.97772" m31="-0.258154"
			m02="-0.415145" m12="0.88521" m22="0.209899" m32="1.34316"
			m03="0" m13="0" m23="0" m33="1"/>
		<transform name="Bip01 L Thigh"
			m00="-0.360117" m10="0.527906" m20="0.769176" m30="0.0229831"
			m01="0.628728" m11="0.746457" m21="-0.217953" m31="-0.085898"
			m02="-0.689215" m12="0.405114" m22="-0.600721" m32="1.29768"
			m03="0" m13="0" m23="0" m33="1"/>
		<transform name="Bip01 Spine"
			m00="0.54686" m10="0.78567" m20="-0.289253" m30="0.119876"
			m01="-0.0194568" m11="0.357324" m21="0.933778" m31="-0.270142"
			m02="0.836998" m12="-0.505018" m22="0.210693" m32="1.35909"
			m03="0" m13="0" m23="0" m33="1"/>
		<transform name="Bip01 L Calf"
			m00="-0.625464" m10="0.131011" m20="0.769176" m30="-0.213124"
			m01="-0.064046" m11="0.973856" m21="-0.217953" m31="0.326321"
			m02="-0.77762" m12="-0.185584" m22="-0.600721" m32="0.845806"
			m03="0" m13="0" m23="0" m33="1"/>
		<transform name="Bip01 L Foot"
			m00="-0.171345" m10="0.509922" m20="0.842983" m30="-0.615096"
			m01="-0.225736" m11="0.812555" m21="-0.537399" m31="0.28516"
			m02="-0.959002" m12="-0.282372" m22="-0.0241197" m32="0.346046"
			m03="0" m13="0" m23="0" m33="1"/>
		<transform name="Bip01 Spine2"
			m00="0.0871723" m10="0.63483" m20="-0.767718" m30="0.287639"
			m01="0.272013" m11="0.726198" m21="0.631383" m31="-0.244397"
			m02="0.958337" m12="-0.263869" m22="-0.109378" m32="1.69159"
			m03="0" m13="0" m23="0" m33="1"/>
		<transform name="Bip01 L UpperArm"
			m00="-0.954859" m10="-0.296519" m20="0.0179042" m30="0.102526"
			m01="0.234296" m11="-0.714693" m21="0.659029" m31="-0.0273466"
			m02="-0.182618" m12="0.633475" m22="0.751904" m32="1.84358"
			m03="0" m13="0" m23="0" m33="1"/>
		<transform name="Bip01 L Clavicle"
			m00="-0.76772" m10="-0.634897" m20="0.0866667" m30="0.232162"
			m01="0.631381" m11="-0.726416" m21="0.271435" m31="-0.133961"
			m02="-0.109377" m12="0.263106" m22="0.958547" m32="1.86205"
			m03="0" m13="0" m23="0" m33="1"/>
		<transform name="Bip01 Neck"
			m00="0.462186" m10="0.443837" m20="-0.767719" m30="0.30401"
			m01="0.663844" m11="0.400833" m21="0.631382" m31="-0.193165"
			m02="0.587958" m12="-0.801462" m22="-0.109379" m32="1.87242"
			m03="0" m13="0" m23="0" m33="1"/>
		<transform name="Bip01 Head"
			m00="0.188551" m10="0.977617" m20="0.0933499" m30="0.391251"
			m01="0.417688" m11="-0.16586" m21="0.893324" m31="-0.0678596"
			m02="0.888811" m12="-0.129446" m22="-0.439612" m32="1.9834"
			m03="0" m13="0" m23="0" m33="1"/>
		<transform name="Bip01 Spine1"
			m00="0.343921" m10="0.748858" m20="-0.566506" m30="0.222883"
			m01="0.157008" m11="0.548954" m21="0.820974" m31="-0.273894"
			m02="0.925779" m12="-0.371296" m22="0.0712203" m32="1.51698"
			m03="0" m13="0" m23="0" m33="1"/>
		<transform name="Bip01 Ponytail1"
			m00="-0.873448" m10="-0.431582" m20="-0.225444" m30="0.401726"
			m01="-0.348438" m11="0.230597" m21="0.908524" m31="0.155923"
			m02="-0.340116" m12="0.872102" m22="-0.351795" m32="2.44023"
			m03="0" m13="0" m23="0" m33="1"/>
		<transform name="Bip01 L Toe0"
			m00="0.533785" m10="0.0667275" m20="0.842983" m30="-0.434896"
			m01="0.841193" m11="0.0599701" m21="-0.537399" m31="0.58309"
			m02="-0.0864131" m12="0.995967" m22="-0.0241196" m32="0.00601058"
			m03="0" m13="0" m23="0" m33="1"/>
		<transform name="Bip01 R Toe0"
			m00="0.991089" m10="0.0897465" m20="-0.0984291" m30="0.551064"
			m01="-0.098028" m11="-0.00887718" m21="-0.995144" m31="-0.578243"
			m02="-0.0901845" m12="0.995925" m22="-3.8806e-007" m32="0.00358843"
			m03="0" m13="0" m23="0" m33="1"/>
		<transform name="Bip01 L ForeTwist"
			m00="-0.421649" m10="-0.903606" m20="0.0755476" m30="-0.29461"
			m01="0.686858" m11="-0.263891" m21="0.67719" m31="0.0700995"
			m02="-0.591977" m12="0.337427" m22="0.731919" m32="1.76763"
			m03="0" m13="0" m23="0" m33="1"/>
		<transform name="Bip01 L Hand"
			m00="-0.269936" m10="-0.375768" m20="-0.886529" m30="-0.507016"
			m01="0.947874" m11="-0.265607" m21="-0.176033" m31="0.416104"
			m02="-0.169321" m12="-0.887835" m22="0.427878" m32="1.46942"
			m03="0" m13="0" m23="0" m33="1"/>
		<transform name="Bip01 L Forearm"
			m00="-0.421649" m10="-0.906582" m20="0.0179042" m30="-0.29461"
			m01="0.686858" m11="-0.306441" m21="0.659029" m31="0.0700995"
			m02="-0.591977" m12="0.290177" m22="0.751904" m32="1.76763"
			m03="0" m13="0" m23="0" m33="1"/>
		<transform name="Bip01 Prop3"
			m00="-0.866391" m10="-0.496837" m20="0.0501888" m30="0.150361"
			m01="-0.470608" m11="0.845978" m21="0.250699" m31="-0.216767"
			m02="-0.167015" m12="0.193584" m22="-0.966763" m32="1.18129"
			m03="0" m13="0" m23="0" m33="1"/>
		<transform name="Bip01 R Calf"
			m00="-0.562417" m10="0.826679" m20="-0.0169836" m30="0.484617"
			m01="-0.11728" m11="-0.100088" m21="-0.988042" m31="-0.460546"
			m02="-0.818494" m12="-0.5537" m22="0.153245" m32="0.757581"
			m03="0" m13="0" m23="0" m33="1"/>
		<transform name="Bip01 R Foot"
			m00="1.4518e-006" m10="0.995144" m20="-0.0984291" m30="0.123163"
			m01="2.17932e-007" m11="-0.0984291" m21="-0.995144" m31="-0.53592"
			m02="-1.0" m12="1.4289e-006" m22="-3.44349e-007" m32="0.231552"
			m03="0" m13="0" m23="0" m33="1"/>
		<transform name="Bip01 R UpperArm"
			m00="0.145336" m10="-0.852496" m20="-0.502123" m30="0.505628"
			m01="-0.790855" m11="-0.405051" m21="0.458783" m31="-0.358862"
			m02="-0.594497" m12="0.330429" m22="-0.733069" m32="1.90101"
			m03="0" m13="0" m23="0" m33="1"/>
		<transform name="Bip01 R Clavicle"
			m00="0.76772" m10="-0.634897" m20="-0.0866668" m30="0.375992"
			m01="-0.631381" m11="-0.726416" m21="-0.271435" m31="-0.252248"
			m02="0.109377" m12="0.263106" m22="-0.958547" m32="1.88254"
			m03="0" m13="0" m23="0" m33="1"/>
		<transform name="Bip01 R ForeTwist"
			m00="0.852899" m10="0.107988" m20="-0.510785" m30="0.566075"
			m01="0.402839" m11="-0.758464" m21="0.512302" m31="-0.687787"
			m02="-0.33209" m12="-0.642706" m22="-0.690395" m32="1.65376"
			m03="0" m13="0" m23="0" m33="1"/>
		<transform name="Bip01 R Hand"
			m00="0.391588" m10="-0.882595" m20="-0.260164" m30="0.995722"
			m01="0.811093" m11="0.197581" m21="0.550536" m31="-0.484857"
			m02="-0.434497" m12="-0.4266" m22="0.793237" m32="1.48647"
			m03="0" m13="0" m23="0" m33="1"/>
		<transform name="Bip01 R Forearm"
			m00="0.852899" m10="0.142952" m20="-0.502123" m30="0.566075"
			m01="0.402839" m11="-0.791984" m21="0.458783" m31="-0.687787"
			m02="-0.33209" m12="-0.593571" m22="-0.733069" m32="1.65376"
			m03="0" m13="0" m23="0" m33="1"/>
		<transform name="Bip01 R Finger1"
			m00="-0.647545" m10="-0.760202" m20="-0.0527082" m30="1.16614"
			m01="0.556" m11="-0.518639" m21="0.649521" m31="-0.131877"
			m02="-0.521104" m12="0.391289" m22="0.758514" m32="1.29738"
			m03="0" m13="0" m23="0" m33="1"/>
		<transform name="Bip01 R Finger0"
			m00="-0.828689" m10="0.0549159" m20="-0.557009" m30="0.979382"
			m01="0.495524" m11="-0.390749" m21="-0.775739" m31="-0.1776"
			m02="-0.260251" m12="-0.918858" m22="0.296597" m32="1.56311"
			m03="0" m13="0" m23="0" m33="1"/>
		<transform name="Bip01 R Finger01"
			m00="-0.244718" m10="0.793633" m20="-0.557009" m30="0.810897"
			m01="-0.187966" m11="-0.60241" m21="-0.775739" m31="-0.0768529"
			m02="-0.9512" m12="-0.0851385" m22="0.296597" m32="1.5102"
			m03="0" m13="0" m23="0" m33="1"/>
		<transform name="Bip01 R Finger11"
			m00="-0.876861" m10="0.477846" m20="-0.0527082" m30="1.02123"
			m01="-0.393566" m11="-0.650559" m21="0.649521" m31="-0.00745917"
			m02="0.276082" m12="0.590284" m22="0.758514" m32="1.18077"
			m03="0" m13="0" m23="0" m33="1"/>
		<transform name="Bip01 L Finger1"
			m00="-0.438338" m10="0.104311" m20="-0.892737" m30="-0.624489"
			m01="0.613457" m11="-0.691206" m21="-0.381974" m31="0.82861"
			m02="-0.656909" m12="-0.715089" m22="0.238992" m32="1.39574"
			m03="0" m13="0" m23="0" m33="1"/>
		<transform name="Bip01 L Finger0"
			m00="0.245977" m10="-0.946126" m20="-0.210574" m30="-0.371885"
			m01="0.274036" m11="-0.140503" m21="0.9514" m31="0.644653"
			m02="-0.929731" m12="-0.291728" m22="0.224712" m32="1.29606"
			m03="0" m13="0" m23="0" m33="1"/>
		<transform name="Bip01 L Finger01"
			m00="-0.177874" m10="-0.961259" m20="-0.210574" m30="-0.321874"
			m01="0.18874" m11="-0.243339" m21="0.9514" m31="0.700369"
			m02="-0.965783" m12="0.129486" m22="0.224712" m32="1.10703"
			m03="0" m13="0" m23="0" m33="1"/>
		<transform name="Bip01 L Finger11"
			m00="-0.214317" m10="0.396345" m20="-0.892737" m30="-0.722577"
			m01="-0.106594" m11="-0.918005" m21="-0.381974" m31="0.965885"
			m02="-0.97093" m12="0.013297" m22="0.238992" m32="1.24874"
			m03="0" m13="0" m23="0" m33="1"/>
		<transform name="Bip01 Tail2"
			m00="-0.472156" m10="-0.881246" m20="0.0217614" m30="-0.659557"
			m01="0.039281" m11="0.0036286" m21="0.999222" m31="-0.1989"
			m02="-0.880639" m12="0.472644" m22="0.032903" m32="0.952091"
			m03="0" m13="0" m23="0" m33="1"/>
		<transform name="Bip01 Tail1"
			m00="-0.694821" m10="-0.719178" m20="-0.00286423" m30="-0.419393"
			m01="0.0844754" m11="-0.0855681" m21="0.992745" m31="-0.228127"
			m02="-0.714205" m12="0.689538" m22="0.120207" m32="1.19934"
			m03="0" m13="0" m23="0" m33="1"/>
		<transform name="Bip01 Ponytail11"
			m00="-0.799589" m10="-0.308375" m20="-0.515327" m30="0.08719"
			m01="-0.555013" m11="0.0516907" m21="0.830234" m31="0.0303976"
			m02="-0.229386" m12="0.949859" m22="-0.212484" m32="2.31744"
			m03="0" m13="0" m23="0" m33="1"/>
		<transform name="Bip01 Ponytail12"
			m00="-0.656278" m10="-0.127988" m20="-0.743585" m30="-0.200793"
			m01="-0.739154" m11="-0.0888162" m21="0.667655" m31="-0.169498"
			m02="-0.151494" m12="0.987791" m22="-0.0363148" m32="2.23453"
			m03="0" m13="0" m23="0" m33="1"/>
		<transform name="Bip01 Prop2"
			m00="-0.972362" m10="0.167104" m20="0.163062" m30="0.85734"
			m01="0.0154041" m11="0.74279" m21="-0.669347" m31="0.482592"
			m02="-0.232971" m12="-0.648335" m22="-0.724835" m32="1.94714"
			m03="0" m13="0" m23="0" m33="1"/>
		<transform name="Bip01 Prop1"
			m00="0.0" m10="0.0" m20="0.0" m30="-0.625557"
			m01="0.0" m11="0.0" m21="0.0" m31="0.655602"
			m02="0.0" m12="0.0" m22="0.0" m32="1.3393"
			m03="0" m13="0" m23="0" m33="1"/>
	</frame>
	<frame index="1">
		<transform name="Bip01 R Thigh"
			m00="0.757404" m10="0.643324" m20="-0.111682" m30="-0.113895"
			m01="-0.18344" m11="0.0454967" m21="-0.981978" m31="-0.354373"
			m02="-0.626649" m12="0.764241" m22="0.152471" m32="1.22715"
			m03="0" m13="0" m23="0" m33="1"/>
		<transform name="Bip01 Pelvis"
			m00="0.59875" m10="0.791023" m20="0.125622" m30="-0.0943914"
			m01="-0.209712" m11="0.00346037" m21="0.977757" m31="-0.202568"
			m02="0.772994" m12="-0.611776" m22="0.167959" m32="1.25323"
			m03="0" m13="0" m23="0" m33="1"/>
		<transform name="Bip01 Tail"
			m00="-0.869896" m10="-0.483797" m20="0.0960261" m30="-0.225684"
			m01="0.129797" m11="-0.0367132" m21="0.990861" m31="-0.200176"
			m02="-0.47585" m12="0.87441" m22="0.0947321" m32="1.33742"
			m03="0" m13="0" m23="0" m33="1"/>
		<transform name="Bip01 L Thigh"
			m00="-0.292799" m10="0.536367" m20="0.791568" m30="-0.0748874"
			m01="0.654243" m11="0.716104" m21="-0.243229" m31="-0.0507623"
			m02="-0.697305" m12="0.44666" m22="-0.560589" m32="1.27931"
			m03="0" m13="0" m23="0" m33="1"/>
		<transform name="Bip01 Spine"
			m00="0.484144" m10="0.860267" m20="-0.159831" m30="-0.00372715"
			m01="0.0148743" m11="0.174549" m21="0.984536" m31="-0.234394"
			m02="0.874862" m12="-0.479035" m22="0.0717108" m32="1.37052"
			m03="0" m13="0" m23="0" m33="1"/>
		<transform name="Bip01 L Calf"
			m00="-0.601891" m10="0.105585" m20="0.791568" m30="-0.266859"
			m01="-0.151822" m11="0.958013" m21="-0.243229" m31="0.378186"
			m02="-0.784014" m12="-0.266575" m22="-0.560589" m32="0.822126"
			m03="0" m13="0" m23="0" m33="1"/>
		<transform name="Bip01 L Foot"
			m00="-0.106345" m10="0.565197" m20="0.818073" m30="-0.653681"
			m01="-0.179082" m11="0.798398" m21="-0.574883" m31="0.280613"
			m02="-0.97807" m12="-0.207638" m22="0.016311" m32="0.318257"
			m03="0" m13="0" m23="0" m33="1"/>
		<transform name="Bip01 Spine2"
			m00="0.0641972" m10="0.786949" m20="-0.61367" m30="0.143711"
			m01="0.344353" m11="0.559699" m21="0.753762" m31="-0.192792"
			m02="0.936643" m12="-0.259709" m22="-0.235057" m32="1.71125"
			m03="0" m13="0" m23="0" m33="1"/>
		<transform name="Bip01 L UpperArm"
			m00="-0.906386" m10="-0.413303" m20="0.087433" m30="-0.00529302"
			m01="0.336915" m11="-0.582354" m21="0.739832" m31="0.0700206"
			m02="-0.254858" m12="0.700031" m22="0.667086" m32="1.82614"
			m03="0" m13="0" m23="0" m33="1"/>
		<transform name="Bip01 L Clavicle"
			m00="-0.613679" m10="-0.786998" m20="0.0635006" m30="0.0983322"
			m01="0.753722" m11="-0.559975" m21="0.343993" m31="-0.057252"
			m02="-0.235163" m12="0.258963" m22="0.936823" m32="1.86585"
			m03="0" m13="0" m23="0" m33="1"/>
		<transform name="Bip01 Neck"
			m00="0.538533" m10="0.5774" m20="-0.61367" m30="0.15573"
			m01="0.617295" m11="0.225367" m21="0.753761" m31="-0.127893"
			m02="0.573523" m12="-0.784741" m22="-0.235059" m32="1.88799"
			m03="0" m13="0" m23="0" m33="1"/>
		<transform name="Bip01 Head"
			m00="0.168396" m10="0.958156" m20="0.231472" m30="0.257381"
			m01="0.490046" m11="-0.285127" m21="0.823746" m31="-0.0113743"
			m02="0.855276" m12="-0.0252833" m22="-0.517555" m32="1.99625"
			m03="0" m13="0" m23="0" m33="1"/>
		<transform name="Bip01 Spine1"
			m00="0.299061" m10="0.859023" m20="-0.415503" m30="0.0874368"
			m01="0.206487" m11="0.366858" m21="0.907072" m31="-0.231644"
			m02="0.931626" m12="-0.357065" m22="-0.067664" m32="1.53554"
			m03="0" m13="0" m23="0" m33="1"/>
		<transform name="Bip01 Ponytail1"
			m00="-0.881381" m10="-0.466984" m20="-0.0713668" m30="0.259432"
			m01="-0.268571" m11="0.371048" m21="0.888928" m31="0.258948"
			m02="-0.388635" m12="0.802651" m22="-0.452453" m32="2.42729"
			m03="0" m13="0" m23="0" m33="1"/>
		<transform name="Bip01 L Toe0"
			m00="0.533785" m10="0.0667277" m20="0.842983" m30="-0.434896"
			m01="0.841193" m11="0.0599701" m21="-0.537399" m31="0.583091"
			m02="-0.0864132" m12="0.995967" m22="-0.0241197" m32="0.00601007"
			m03="0" m13="0" m23="0" m33="1"/>
		<transform name="Bip01 R Toe0"
			m00="0.991089" m10="0.0897466" m20="-0.0984291" m30="0.551064"
			m01="-0.098028" m11="-0.00887717" m21="-0.995144" m31="-0.578243"
			m02="-0.0901845" m12="0.995925" m22="-3.80567e-007" m32="0.0035885"
			m03="0" m13="0" m23="0" m33="1"/>
		<transform name="Bip01 L ForeTwist"
			m00="-0.279276" m10="-0.949594" m20="0.142396" m30="-0.382269"
			m01="0.661" m11="-0.08256" m21="0.74583" m31="0.210147"
			m02="-0.696479" m12="0.302416" m22="0.650739" m32="1.72014"
			m03="0" m13="0" m23="0" m33="1"/>
		<transform name="Bip01 L Hand"
			m00="-0.114277" m10="-0.352326" m20="-0.928874" m30="-0.522954"
			m01="0.944358" m11="-0.328808" m21="0.00853684" m31="0.543125"
			m02="-0.308429" m12="-0.876214" m22="0.370297" m32="1.36929"
			m03="0" m13="0" m23="0" m33="1"/>
		<transform name="Bip01 L Forearm"
			m00="-0.279276" m10="-0.956222" m20="0.087433" m30="-0.382269"
			m01="0.661" m11="-0.125406" m21="0.739832" m31="0.210147"
			m02="-0.696479" m12="0.26441" m22="0.667086" m32="1.72014"
			m03="0" m13="0" m23="0" m33="1"/>
		<transform name="Bip01 Prop3"
			m00="-0.892435" m10="-0.428744" m20="0.140491" m30="0.0412206"
			m01="-0.394848" m11="0.892852" m21="0.216586" m31="-0.209631"
			m02="-0.218298" m12="0.137816" m22="-0.966102" m32="1.19043"
			m03="0" m13="0" m23="0" m33="1"/>
		<transform name="Bip01 R Calf"
			m00="-0.40382" m10="0.907996" m20="-0.111682" m30="0.38269"
			m01="-0.0953453" m11="-0.163185" m21="-0.981978" m31="-0.474644"
			m02="-0.909856" m12="-0.385894" m22="0.152471" m32="0.816298"
			m03="0" m13="0" m23="0" m33="1"/>
		<transform name="Bip01 R Foot"
			m00="1.41621e-006" m10="0.995144" m20="-0.0984291" m30="0.123163"
			m01="2.01997e-007" m11="-0.0984291" m21="-0.995144" m31="-0.53592"
			m02="-1.0" m12="1.43945e-006" m22="-3.36856e-007" m32="0.231552"
			m03="0" m13="0" m23="0" m33="1"/>
		<transform name="Bip01 R UpperArm"
			m00="0.0266287" m10="-0.911976" m20="-0.409379" m30="0.316925"
			m01="-0.874052" m11="-0.219973" m21="0.43318" m31="-0.325745"
			m02="-0.485101" m12="0.346284" m22="-0.802972" m32="1.94958"
			m03="0" m13="0" m23="0" m33="1"/>
		<transform name="Bip01 R Clavicle"
			m00="0.613672" m10="-0.786998" m20="-0.0635706" m30="0.213301"
			m01="-0.753761" m11="-0.559975" m21="-0.343907" m31="-0.198466"
			m02="0.235056" m12="0.258963" m22="-0.936849" m32="1.90989"
			m03="0" m13="0" m23="0" m33="1"/>
		<transform name="Bip01 R ForeTwist"
			m00="0.912168" m10="-0.0470994" m20="-0.4071" m30="0.328"
			m01="0.176089" m11="-0.851954" m21="0.49312" m31="-0.689273"
			m02="-0.370056" m12="-0.521495" m22="-0.768831" m32="1.74782"
			m03="0" m13="0" m23="0" m33="1"/>
		<transform name="Bip01 R Hand"
			m00="0.563545" m10="-0.813911" m20="-0.1413" m30="0.787504"
			m01="0.636618" m11="0.318889" m21="0.702159" m31="-0.600568"
			m02="-0.526436" m12="-0.485652" m22="0.697859" m32="1.56141"
			m03="0" m13="0" m23="0" m33="1"/>
		<transform name="Bip01 R Forearm"
			m00="0.912168" m10="-0.0189063" m20="-0.409379" m30="0.328"
			m01="0.176089" m11="-0.883939" m21="0.43318" m31="-0.689273"
			m02="-0.370056" m12="-0.46722" m22="-0.802972" m32="1.74782"
			m03="0" m13="0" m23="0" m33="1"/>
		<transform name="Bip01 R Finger1"
			m00="-0.505324" m10="-0.858919" m20="0.0830982" m30="1.03275"
			m01="0.600958" m11="-0.281174" m21="0.748191" m31="-0.323518"
			m02="-0.619271" m12="0.428018" m22="0.658259" m32="1.33231"
			m03="0" m13="0" m23="0" m33="1"/>
		<transform name="Bip01 R Finger0"
			m00="-0.697833" m10="-0.0228468" m20="-0.715896" m30="0.837944"
			m01="0.619109" m11="-0.521853" m21="-0.586834" m31="-0.289207"
			m02="-0.360185" m12="-0.852729" m22="0.378311" m32="1.59395"
			m03="0" m13="0" m23="0" m33="1"/>
		<transform name="Bip01 R Finger01"
			m00="-0.270608" m10="0.643633" m20="-0.715896" m30="0.696064"
			m01="-0.266276" m11="-0.764672" m21="-0.586834" m31="-0.163334"
			m02="-0.925131" m12="0.0318238" m22="0.378311" m32="1.52072"
			m03="0" m13="0" m23="0" m33="1"/>
		<transform name="Bip01 R Finger11"
			m00="-0.944307" m10="0.318401" m20="0.0830982" m30="0.919676"
			m01="-0.151928" m11="-0.645854" m21="0.748191" m31="-0.18904"
			m02="0.291894" m12="0.693897" m22="0.658259" m32="1.19373"
			m03="0" m13="0" m23="0" m33="1"/>
		<transform name="Bip01 L Finger1"
			m00="-0.298577" m10="0.0453824" m20="-0.953306" m30="-0.572686"
			m01="0.577233" m11="-0.786873" m21="-0.21825" m31="0.954101"
			m02="-0.760035" m12="-0.615444" m22="0.208746" m32="1.23507"
			m03="0" m13="0" m23="0" m33="1"/>
		<transform name="Bip01 L Finger0"
			m00="0.348549" m10="-0.933792" m20="-0.0809043" m30="-0.344298"
			m01="0.108713" m11="-0.0454584" m21="0.993033" m31="0.725029"
			m02="-0.930964" m12="-0.354916" m22="0.0856712" m32="1.18077"
			m03="0" m13="0" m23="0" m33="1"/>
		<transform name="Bip01 L Finger01"
			m00="-0.0750837" m10="-0.99389" m20="-0.0809043" m30="-0.273433"
			m01="0.0796367" m11="-0.0868507" m21="0.993033" m31="0.747132"
			m02="-0.993992" m12="0.0681176" m22="0.0856712" m32="0.99149"
			m03="0" m13="0" m23="0" m33="1"/>
		<transform name="Bip01 L Finger11"
			m00="-0.166304" m10="0.252092" m20="-0.953306" m30="-0.639499"
			m01="-0.197595" m11="-0.955679" m21="-0.21825" m31="1.08327"
			m02="-0.966074" m12="0.152073" m22="0.208746" m32="1.06499"
			m03="0" m13="0" m23="0" m33="1"/>
		<transform name="Bip01 Tail2"
			m00="-0.440025" m10="-0.891111" m20="0.110904" m30="-0.75262"
			m01="-0.00796343" m11="0.127371" m21="0.991823" m31="-0.130229"
			m02="-0.89795" m12="0.435544" m22="-0.0631427" m32="0.912045"
			m03="0" m13="0" m23="0" m33="1"/>
		<transform name="Bip01 Tail1"
			m00="-0.654354" m10="-0.750419" m20="0.0932304" m30="-0.52646"
			m01="0.0725115" m11="0.060454" m21="0.995534" m31="-0.155283"
			m02="-0.752704" m12="0.658192" m22="0.0148557" m32="1.1726"
			m03="0" m13="0" m23="0" m33="1"/>
		<transform name="Bip01 Ponytail11"
			m00="-0.852584" m10="-0.376338" m20="-0.36259" m30="-0.0579421"
			m01="-0.453096" m11="0.186612" m21="0.871711" m31="0.162153"
			m02="-0.260394" m12="0.907494" m22="-0.329619" m32="2.28704"
			m03="0" m13="0" m23="0" m33="1"/>
		<transform name="Bip01 Ponytail12"
			m00="-0.758508" m10="-0.223862" m20="-0.612007" m30="-0.364986"
			m01="-0.632266" m11="0.0253735" m21="0.774336" m31="-0.00106357"
			m02="-0.157815" m12="0.974291" m22="-0.160786" m32="2.19296"
			m03="0" m13="0" m23="0" m33="1"/>
		<transform name="Bip01 Prop2"
			m00="-0.943191" m10="0.331653" m20="0.0199249" m30="0.859362"
			m01="0.190151" m11="0.588006" m21="-0.786188" m31="0.430136"
			m02="-0.272457" m12="-0.737737" m22="-0.617666" m32="1.87734"
			m03="0" m13="0" m23="0" m33="1"/>
		<transform name="Bip01 Prop1"
			m00="0.0" m10="0.0" m20="0.0" m30="-0.594282"
			m01="0.0" m11="0.0" m21="0.0" m31="0.789094"
			m02="0.0" m12="0.0" m22="0.0" m32="1.20085"
			m03="0" m13="0" m23="0" m33="1"/>
	</frame>
	<frame index="2">
		<transform name="Bip01 R Thigh"
			m00="0.769148" m10="0.611079" m20="-0.187068" m30="-0.257637"
			m01="-0.232759" m11="-0.00474934" m21="-0.972523" m31="-0.317681"
			m02="-0.595177" m12="0.791555" m22="0.138581" m32="1.24905"
			m03="0" m13="0" m23="0" m33="1"/>
		<transform name="Bip01 Pelvis"
			m00="0.519982" m10="0.819738" m20="0.2401" m30="-0.22036"
			m01="-0.161708" m11="-0.181535" m21="0.969998" m31="-0.16708"
			m02="0.838731" m12="-0.543207" m22="0.0381633" m32="1.25498"
			m03="0" m13="0" m23="0" m33="1"/>
		<transform name="Bip01 Tail"
			m00="-0.821292" m10="-0.529891" m20="0.211409" m30="-0.355011"
			m01="0.164048" m11="0.135566" m21="0.977093" m31="-0.136618"
			m02="-0.546413" m12="0.83716" m22="-0.0244115" m32="1.3276"
			m03="0" m13="0" m23="0" m33="1"/>
		<transform name="Bip01 L Thigh"
			m00="-0.203133" m10="0.525546" m20="0.826159" m30="-0.183082"
			m01="0.689808" m11="0.675626" m21="-0.26018" m31="-0.0164798"
			m02="-0.694911" m12="0.51704" m22="-0.499768" m32="1.2609"
			m03="0" m13="0" m23="0" m33="1"/>
		<transform name="Bip01 Spine"
			m00="0.387673" m10="0.920387" m20="0.0509666" m30="-0.141649"
			m01="0.0371862" m11="-0.0708607" m21="0.996793" m31="-0.191591"
			m02="0.921047" m12="-0.384535" m22="-0.0616965" m32="1.38222"
			m03="0" m13="0" m23="0" m33="1"/>
		<transform name="Bip01 L Calf"
			m00="-0.557603" m10="0.080875" m20="0.826159" m30="-0.316264"
			m01="-0.250229" m11="0.932573" m21="-0.26018" m31="0.435787"
			m02="-0.791495" m12="-0.351806" m22="-0.499768" m32="0.805292"
			m03="0" m13="0" m23="0" m33="1"/>
		<transform name="Bip01 L Foot"
			m00="-0.0635638" m10="0.591218" m20="0.804003" m30="-0.674623"
			m01="-0.142316" m11="0.792029" m21="-0.593664" m31="0.27497"
			m02="-0.987778" m12="-0.152158" m22="0.0337958" m32="0.296615"
			m03="0" m13="0" m23="0" m33="1"/>
		<transform name="Bip01 Spine2"
			m00="-0.00212609" m10="0.966089" m20="-0.258203" m30="-0.0294851"
			m01="0.352343" m11="0.242369" m21="0.903942" m31="-0.144418"
			m02="0.935869" m12="-0.0890542" m22="-0.34091" m32="1.73592"
			m03="0" m13="0" m23="0" m33="1"/>
		<transform name="Bip01 L UpperArm"
			m00="-0.816843" m10="-0.5265" m20="0.235723" m30="-0.0976723"
			m01="0.485827" m11="-0.407556" m21="0.77322" m31="0.159238"
			m02="-0.31103" m12="0.74612" m22="0.588697" m32="1.82264"
			m03="0" m13="0" m23="0" m33="1"/>
		<transform name="Bip01 L Clavicle"
			m00="-0.2582" m10="-0.966086" m20="-0.00331807" m30="-0.0540728"
			m01="0.903364" m11="-0.242652" m21="0.353629" m31="0.00669688"
			m02="-0.342441" m12="0.0883098" m22="0.93538" m32="1.88046"
			m03="0" m13="0" m23="0" m33="1"/>
		<transform name="Bip01 Neck"
			m00="0.597644" m10="0.759047" m20="-0.258203" m30="-0.0300001"
			m01="0.426707" m11="-0.0284804" m21="0.903942" m31="-0.0779737"
			m02="0.678781" m12="-0.650412" m22="-0.340912" m32="1.91249"
			m03="0" m13="0" m23="0" m33="1"/>
		<transform name="Bip01 Head"
			m00="0.114091" m10="0.912955" m20="0.391787" m30="0.0828091"
			m01="0.540227" m11="-0.387972" m21="0.746748" m31="0.00256998"
			m02="0.833749" m12="0.126457" m22="-0.537467" m32="2.04062"
			m03="0" m13="0" m23="0" m33="1"/>
		<transform name="Bip01 Spine1"
			m00="0.208694" m10="0.970636" m20="-0.11964" m30="-0.0686925"
			m01="0.213233" m11="0.0742301" m21="0.974177" m31="-0.18459"
			m02="0.954452" m12="-0.228816" m22="-0.19148" m32="1.55593"
			m03="0" m13="0" m23="0" m33="1"/>
		<transform name="Bip01 Ponytail1"
			m00="-0.846583" m10="-0.520273" m20="0.11231" m30="0.0615248"
			m01="-0.185405" m11="0.486048" m21="0.854039" m31="0.306899"
			m02="-0.498921" m12="0.702192" m22="-0.507941" m32="2.44782"
			m03="0" m13="0" m23="0" m33="1"/>
		<transform name="Bip01 L Toe0"
			m00="0.533785" m10="0.0667275" m20="0.842983" m30="-0.434897"
			m01="0.841193" m11="0.0599702" m21="-0.537399" m31="0.58309"
			m02="-0.0864132" m12="0.995967" m22="-0.0241194" m32="0.00601021"
			m03="0" m13="0" m23="0" m33="1"/>
		<transform name="Bip01 R Toe0"
			m00="0.991089" m10="0.0897466" m20="-0.0984291" m30="0.551064"
			m01="-0.098028" m11="-0.00887718" m21="-0.995144" m31="-0.578243"
			m02="-0.0901845" m12="0.995925" m22="-3.90648e-007" m32="0.00358845"
			m03="0" m13="0" m23="0" m33="1"/>
		<transform name="Bip01 L ForeTwist"
			m00="-0.0647926" m10="-0.959545" m20="0.274" m30="-0.437406"
			m01="0.616924" m11="0.177301" m21="0.766791" m31="0.361299"
			m02="-0.784351" m12="0.218719" m22="0.580479" m32="1.69328"
			m03="0" m13="0" m23="0" m33="1"/>
		<transform name="Bip01 L Hand"
			m00="0.12652" m10="-0.327724" m20="-0.936264" m30="-0.470045"
			m01="0.886665" m11="-0.385831" m21="0.254871" m31="0.672074"
			m02="-0.444767" m12="-0.862399" m22="0.241766" m32="1.29816"
			m03="0" m13="0" m23="0" m33="1"/>
		<transform name="Bip01 L Forearm"
			m00="-0.0647926" m10="-0.969658" m20="0.235723" m30="-0.437406"
			m01="0.616924" m11="0.146746" m21="0.77322" m31="0.361299"
			m02="-0.784351" m12="0.195522" m22="0.588697" m32="1.69328"
			m03="0" m13="0" m23="0" m33="1"/>
		<transform name="Bip01 Prop3"
			m00="-0.901749" m10="-0.355578" m20="0.245792" m30="-0.0866438"
			m01="-0.321223" m11="0.931727" m21="0.169411" m31="-0.199748"
			m02="-0.28925" m12="0.0738123" m22="-0.954404" m32="1.20566"
			m03="0" m13="0" m23="0" m33="1"/>
		<transform name="Bip01 R Calf"
			m00="-0.19214" m10="0.963373" m20="-0.187068" m30="0.246647"
			m01="-0.102124" m11="-0.209213" m21="-0.972523" m31="-0.470287"
			m02="-0.97604" m12="-0.167756" m22="0.138581" m32="0.858832"
			m03="0" m13="0" m23="0" m33="1"/>
		<transform name="Bip01 R Foot"
			m00="1.42087e-006" m10="0.995144" m20="-0.0984291" m30="0.123163"
			m01="2.13355e-007" m11="-0.0984291" m21="-0.995144" m31="-0.53592"
			m02="-1.0" m12="1.39207e-006" m22="-3.46937e-007" m32="0.231552"
			m03="0" m13="0" m23="0" m33="1"/>
		<transform name="Bip01 R UpperArm"
			m00="-0.227223" m10="-0.926627" m20="-0.299552" m30="0.0379011"
			m01="-0.894026" m11="0.0765273" m21="0.44143" m31="-0.315291"
			m02="-0.386117" m12="0.368111" m22="-0.845818" m32="2.0019"
			m03="0" m13="0" m23="0" m33="1"/>
		<transform name="Bip01 R Clavicle"
			m00="0.258205" m10="-0.966086" m20="0.00289539" m30="-0.00569915"
			m01="-0.903942" m11="-0.242652" m21="-0.35215" m31="-0.162653"
			m02="0.34091" m12="0.0883098" m22="-0.935939" m32="1.94433"
			m03="0" m13="0" m23="0" m33="1"/>
		<transform name="Bip01 R ForeTwist"
			m00="0.865625" m10="-0.420988" m20="-0.271041" m30="-0.0566035"
			m01="-0.247049" m11="-0.829966" m21="0.500124" m31="-0.687126"
			m02="-0.435501" m12="-0.365959" m22="-0.822443" m32="1.8413"
			m03="0" m13="0" m23="0" m33="1"/>
		<transform name="Bip01 R Hand"
			m00="0.762582" m10="-0.611655" m20="0.210588" m30="0.379454"
			m01="0.234363" m11="0.56465" m21="0.791356" m31="-0.811577"
			m02="-0.602945" m12="-0.55412" m22="0.573941" m32="1.62192"
			m03="0" m13="0" m23="0" m33="1"/>
		<transform name="Bip01 R Forearm"
			m00="0.865625" m10="-0.401201" m20="-0.299552" m30="-0.0566035"
			m01="-0.247049" m11="-0.862616" m21="0.44143" m31="-0.687126"
			m02="-0.435501" m12="-0.308109" m22="-0.845818" m32="1.8413"
			m03="0" m13="0" m23="0" m33="1"/>
		<transform name="Bip01 R Finger1"
			m00="-0.216656" m10="-0.876178" m20="0.430548" m30="0.711323"
			m01="0.658025" m11="0.194719" m21="0.727384" m31="-0.709584"
			m02="-0.721154" m12="0.440904" m22="0.53436" m32="1.35953"
			m03="0" m13="0" m23="0" m33="1"/>
		<transform name="Bip01 R Finger0"
			m00="-0.370514" m10="-0.285528" m20="-0.883851" m30="0.562591"
			m01="0.798728" m11="-0.583638" m21="-0.146286" m31="-0.553175"
			m02="-0.474081" m12="-0.760158" m22="0.444306" m32="1.6065"
			m03="0" m13="0" m23="0" m33="1"/>
		<transform name="Bip01 R Finger01"
			m00="-0.39904" m10="0.244078" m20="-0.883851" m30="0.48726"
			m01="-0.259824" m11="-0.954511" m21="-0.146286" m31="-0.390782"
			m02="-0.879351" m12="0.171272" m22="0.444306" m32="1.51012"
			m03="0" m13="0" m23="0" m33="1"/>
		<transform name="Bip01 R Finger11"
			m00="-0.901988" m10="0.0323309" m20="0.430548" m30="0.662841"
			m01="0.325551" m11="-0.604094" m21="0.727384" m31="-0.562336"
			m02="0.283608" m12="0.796257" m22="0.53436" m32="1.19815"
			m03="0" m13="0" m23="0" m33="1"/>
		<transform name="Bip01 L Finger1"
			m00="-0.0874063" m10="-0.0690268" m20="-0.993778" m30="-0.414985"
			m01="0.509335" m11="-0.860438" m21="0.0149674" m31="1.05794"
			m02="-0.856118" m12="-0.504858" m22="0.110366" m32="1.1046"
			m03="0" m13="0" m23="0" m33="1"/>
		<transform name="Bip01 L Finger0"
			m00="0.466109" m10="-0.875013" m20="0.130742" m30="-0.238165"
			m01="-0.114611" m11="0.0868127" m21="0.98961" m31="0.781777"
			m02="-0.877272" m12="-0.476251" m22="-0.0598221" m32="1.11176"
			m03="0" m13="0" m23="0" m33="1"/>
		<transform name="Bip01 L Finger01"
			m00="0.0700193" m10="-0.988941" m20="0.130742" m30="-0.143398"
			m01="-0.0694063" m11="0.125916" m21="0.98961" m31="0.758475"
			m02="-0.995128" m12="-0.0783663" m22="-0.0598221" m32="0.933397"
			m03="0" m13="0" m23="0" m33="1"/>
		<transform name="Bip01 L Finger11"
			m00="-0.11005" m10="0.0171363" m20="-0.993778" m30="-0.434544"
			m01="-0.284424" m11="-0.958581" m21="0.0149674" m31="1.17192"
			m02="-0.952361" m12="0.284302" m22="0.110366" m32="0.913026"
			m03="0" m13="0" m23="0" m33="1"/>
		<transform name="Bip01 Tail2"
			m00="-0.406276" m10="-0.888661" m20="0.212655" m30="-0.848979"
			m01="-0.0625985" m11="0.259249" m21="0.96378" m31="-0.0622107"
			m02="-0.911604" m12="0.378249" m22="-0.160956" m32="0.864061"
			m03="0" m13="0" m23="0" m33="1"/>
		<transform name="Bip01 Tail1"
			m00="-0.607686" m10="-0.767558" m20="0.203895" m30="-0.638965"
			m01="0.0513819" m11="0.218201" m21="0.97455" m31="-0.0799174"
			m02="-0.792513" m12="0.602697" m22="-0.0931589" m32="1.13837"
			m03="0" m13="0" m23="0" m33="1"/>
		<transform name="Bip01 Ponytail11"
			m00="-0.86437" m10="-0.472102" m20="-0.173157" m30="-0.243287"
			m01="-0.34205" m11="0.299589" m21="0.890645" m31="0.240028"
			m02="-0.3686" m12="0.829075" m22="-0.420438" m32="2.26786"
			m03="0" m13="0" m23="0" m33="1"/>
		<transform name="Bip01 Ponytail12"
			m00="-0.824401" m10="-0.358761" m20="-0.437782" m30="-0.554538"
			m01="-0.506401" m11="0.122022" m21="0.853621" m31="0.116784"
			m02="-0.252827" m12="0.925419" m22="-0.282272" m32="2.13482"
			m03="0" m13="0" m23="0" m33="1"/>
		<transform name="Bip01 Prop2"
			m00="-0.775076" m10="0.524084" m20="-0.352977" m30="0.909163"
			m01="0.540494" m11="0.260541" m21="-0.79999" m31="0.117804"
			m02="-0.327297" m12="-0.810836" m22="-0.485204" m32="1.77354"
			m03="0" m13="0" m23="0" m33="1"/>
		<transform name="Bip01 Prop1"
			m00="0.0" m10="0.0" m20="0.0" m30="-0.464471"
			m01="0.0" m11="0.0" m21="0.0" m31="0.909005"
			m02="0.0" m12="0.0" m22="0.0" m32="1.08881"
			m03="0" m13="0" m23="0" m33="1"/>
	</frame>
	<frame index="3">
		<transform name="Bip01 R Thigh"
			m00="0.747739" m10="0.619546" m20="-0.238849" m30="-0.394783"
			m01="-0.261538" m11="-0.0558258" m21="-0.963577" m31="-0.27815"
			m02="-0.610314" m12="0.782973" m22="0.120292" m32="1.26796"
			m03="0" m13="0" m23="0" m33="1"/>
		<transform name="Bip01 Pelvis"
			m00="0.447503" m10="0.820892" m20="0.354792" m30="-0.339698"
			m01="-0.0987102" m11="-0.348968" m21="0.931922" m31="-0.133461"
			m02="0.888818" m12="-0.45206" m22="-0.0751338" m32="1.25629"
			m03="0" m13="0" m23="0" m33="1"/>
		<transform name="Bip01 Tail"
			m00="-0.767391" m10="-0.552927" m20="0.324627" m30="-0.473514"
			m01="0.183033" m11="0.29632" m21="0.937387" m31="-0.0778658"
			m02="-0.6145" m12="0.778759" m22="-0.12619" m32="1.31404"
			m03="0" m13="0" m23="0" m33="1"/>
		<transform name="Bip01 L Thigh"
			m00="-0.10537" m10="0.490293" m20="0.865165" m30="-0.284614"
			m01="0.733809" m11="0.625497" m21="-0.2651" m31="0.0112283"
			m02="-0.671135" m12="0.606932" m22="-0.42569" m32="1.24462"
			m03="0" m13="0" m23="0" m33="1"/>
		<transform name="Bip01 Spine"
			m00="0.257253" m10="0.920002" m20="0.295663" m30="-0.271978"
			m01="0.0692153" m11="-0.322717" m21="0.943962" m31="-0.14838"
			m02="0.963862" m12="-0.222373" m22="-0.146698" m32="1.3911"
			m03="0" m13="0" m23="0" m33="1"/>
		<transform name="Bip01 L Calf"
			m00="-0.497365" m10="0.0641746" m20="0.865165" m30="-0.353699"
			m01="-0.344963" m11="0.900401" m21="-0.2651" m31="0.492343"
			m02="-0.796008" m12="-0.430301" m22="-0.42569" m32="0.804602"
			m03="0" m13="0" m23="0" m33="1"/>
		<transform name="Bip01 L Foot"
			m00="-0.061212" m10="0.586997" m20="0.807272" m30="-0.673345"
			m01="-0.132445" m11="0.796859" m21="-0.589469" m31="0.270643"
			m02="-0.989298" m12="-0.143002" m22="0.0289675" m32="0.293024"
			m03="0" m13="0" m23="0" m33="1"/>
		<transform name="Bip01 Spine2"
			m00="-0.178339" m10="0.95731" m20="0.22749" m30="-0.215587"
			m01="0.360077" m11="-0.151665" m21="0.920512" m31="-0.0926577"
			m02="0.915718" m12="0.246077" m22="-0.317657" m32="1.75632"
			m03="0" m13="0" m23="0" m33="1"/>
		<transform name="Bip01 L UpperArm"
			m00="-0.666414" m10="-0.611658" m20="0.426341" m30="-0.189285"
			m01="0.659352" m11="-0.216534" m21="0.719978" m31="0.21648"
			m02="-0.348063" m12="0.760912" m22="0.547599" m32="1.84453"
			m03="0" m13="0" m23="0" m33="1"/>
		<transform name="Bip01 L Clavicle"
			m00="0.22872" m10="-0.957169" m20="-0.177524" m30="-0.227907"
			m01="0.917999" m11="0.151376" m21="0.366556" m31="0.0614675"
			m02="-0.323983" m12="-0.246806" m22="0.913303" m32="1.89924"
			m03="0" m13="0" m23="0" m33="1"/>
		<transform name="Bip01 Neck"
			m00="0.453991" m10="0.861476" m20="0.227489" m30="-0.249346"
			m01="0.188334" m11="-0.342329" m21="0.920512" m31="-0.0247081"
			m02="0.870875" m12="-0.37506" m22="-0.317659" m32="1.92905"
			m03="0" m13="0" m23="0" m33="1"/>
		<transform name="Bip01 Head"
			m00="0.0216533" m10="0.842127" m20="0.538845" m30="-0.163652"
			m01="0.580721" m11="-0.44932" m21="0.678878" m31="0.0108411"
			m02="0.813815" m12="0.298218" m22="-0.49877" m32="2.09343"
			m03="0" m13="0" m23="0" m33="1"/>
		<transform name="Bip01 Spine1"
			m00="0.0433279" m10="0.966706" m20="0.252193" m30="-0.223614"
			m01="0.225968" m11="-0.255371" m21="0.940066" m31="-0.13529"
			m02="0.973171" m12="0.0162565" m22="-0.22951" m32="1.57285"
			m03="0" m13="0" m23="0" m33="1"/>
		<transform name="Bip01 Ponytail1"
			m00="-0.757434" m10="-0.586286" m20="0.287339" m30="-0.22519"
			m01="-0.131065" m11="0.56766" m21="0.812763" m31="0.340749"
			m02="-0.639622" m12="0.577954" m22="-0.506806" m32="2.47586"
			m03="0" m13="0" m23="0" m33="1"/>
		<transform name="Bip01 L Toe0"
			m00="0.533785" m10="0.0667276" m20="0.842983" m30="-0.434897"
			m01="0.841193" m11="0.0599703" m21="-0.537399" m31="0.583091"
			m02="-0.0864132" m12="0.995967" m22="-0.0241194" m32="0.00600986"
			m03="0" m13="0" m23="0" m33="1"/>
		<transform name="Bip01 R Toe0"
			m00="0.991089" m10="0.0897464" m20="-0.0984292" m30="0.551064"
			m01="-0.098028" m11="-0.00887713" m21="-0.995144" m31="-0.578243"
			m02="-0.0901844" m12="0.995925" m22="-3.71744e-007" m32="0.00358854"
			m03="0" m13="0" m23="0" m33="1"/>
		<transform name="Bip01 L ForeTwist"
			m00="0.198188" m10="-0.878201" m20="0.435299" m30="-0.466454"
			m01="0.516316" m11="0.471035" m21="0.715223" m31="0.490711"
			m02="-0.83315" m12="0.0830034" m22="0.546783" m32="1.69977"
			m03="0" m13="0" m23="0" m33="1"/>
		<transform name="Bip01 L Hand"
			m00="0.410788" m10="-0.313365" m20="-0.856187" m30="-0.366617"
			m01="0.731574" m11="-0.447138" m21="0.514653" m31="0.750805"
			m02="-0.544107" m12="-0.837777" m22="0.0455708" m32="1.28007"
			m03="0" m13="0" m23="0" m33="1"/>
		<transform name="Bip01 L Forearm"
			m00="0.198188" m10="-0.882584" m20="0.426341" m30="-0.466454"
			m01="0.516316" m11="0.463734" m21="0.719978" m31="0.490711"
			m02="-0.83315" m12="0.077436" m22="0.547599" m32="1.69977"
			m03="0" m13="0" m23="0" m33="1"/>
		<transform name="Bip01 Prop3"
			m00="-0.889946" m10="-0.292556" m20="0.349867" m30="-0.212852"
			m01="-0.265358" m11="0.95608" m21="0.124483" m31="-0.187463"
			m02="-0.370919" m12="0.0179431" m22="-0.928492" m32="1.22305"
			m03="0" m13="0" m23="0" m33="1"/>
		<transform name="Bip01 R Calf"
			m00="0.0430974" m10="0.9701" m20="-0.238849" m30="0.0954653"
			m01="-0.134274" m11="-0.231277" m21="-0.963577" m31="-0.449625"
			m02="-0.990007" m12="0.0735989" m22="0.120292" m32="0.867809"
			m03="0" m13="0" m23="0" m33="1"/>
		<transform name="Bip01 R Foot"
