<?xml version="1.0" encoding="ISO-8859-1" standalone="yes"?>

<!DOCTYPE animation [
	<!ELEMENT animation  (frame+)>
	<!ELEMENT frame      (transform+)>
	<!ELEMENT transform   EMPTY>
	<!ATTLIST frame index CDATA #REQUIRED>
	<!ATTLIST transform name CDATA #REQUIRED>
	<!ATTLIST transform m00 CDATA #REQUIRED>
	<!ATTLIST transform m01 CDATA #REQUIRED>
	<!ATTLIST transform m02 CDATA #REQUIRED>
	<!ATTLIST transform m03 CDATA #REQUIRED>
	<!ATTLIST transform m10 CDATA #REQUIRED>
	<!ATTLIST transform m11 CDATA #REQUIRED>
	<!ATTLIST transform m12 CDATA #REQUIRED>
	<!ATTLIST transform m13 CDATA #REQUIRED>
	<!ATTLIST transform m20 CDATA #REQUIRED>
	<!ATTLIST transform m21 CDATA #REQUIRED>
	<!ATTLIST transform m22 CDATA #REQUIRED>
	<!ATTLIST transform m23 CDATA #REQUIRED>
	<!ATTLIST transform m30 CDATA #REQUIRED>
	<!ATTLIST transform m31 CDATA #REQUIRED>
	<!ATTLIST transform m32 CDATA #REQUIRED>
	<!ATTLIST transform m33 CDATA #REQUIRED>
]>

<animation>
	<frame index="0">
		<transform name="Bip01 R Thigh"
			m00="0.761163" m10="0.634726" m20="-0.133245" m30="0.1958"
			m01="-0.0445869" m11="-0.153749" m21="-0.987103" m31="-0.221544"
			m02="-0.647026" m12="0.757288" m22="-0.0887278" m32="1.04233"
			m03="0" m13="0" m23="0" m33="1"/>
		<transform name="Bip01 Pelvis"
			m00="0.6977" m10="0.455873" m20="-0.552625" m30="0.11"
			m01="-0.00218015" m11="0.77275" m21="0.634707" m31="-0.123"
			m02="0.716387" m12="-0.44163" m22="0.540141" m32="1.12619"
			m03="0" m13="0" m23="0" m33="1"/>
		<transform name="Bip01 Tail"
			m00="-0.789244" m10="0.0985368" m20="-0.606122" m30="0.0293209"
			m01="-0.510726" m11="-0.653369" m21="0.55881" m31="-0.243035"
			m02="-0.340958" m12="0.7506" m22="0.565993" m32="1.18473"
			m03="0" m13="0" m23="0" m33="1"/>
		<transform name="Bip01 L Thigh"
			m00="-0.416958" m10="0.908222" m20="0.0357484" m30="0.0242001"
			m01="0.434218" m11="0.23359" m21="-0.869994" m31="-0.0244561"
			m02="-0.798499" m12="-0.347229" m22="-0.491764" m32="1.21005"
			m03="0" m13="0" m23="0" m33="1"/>
		<transform name="Bip01 Spine"
			m00="0.531282" m10="0.713456" m20="-0.456859" m30="0.215691"
			m01="-0.084633" m11="0.581259" m21="0.809305" m31="-0.123418"
			m02="0.842957" m12="-0.391304" m22="0.369195" m32="1.23488"
			m03="0" m13="0" m23="0" m33="1"/>
		<transform name="Bip01 L Calf"
			m00="-0.997337" m10="-0.0635725" m20="0.0357484" m30="-0.249175"
			m01="-0.0623605" m11="0.489102" m21="-0.869994" m31="0.260235"
			m02="0.037823" m12="-0.869907" m22="-0.491764" m32="0.686522"
			m03="0" m13="0" m23="0" m33="1"/>
		<transform name="Bip01 L Foot"
			m00="-0.981101" m10="0.0676594" m20="0.18128" m30="-0.890142"
			m01="-0.176886" m11="0.0661527" m21="-0.982006" m31="0.220157"
			m02="-0.0784342" m12="-0.995513" m22="-0.0529345" m32="0.710831"
			m03="0" m13="0" m23="0" m33="1"/>
		<transform name="Bip01 Spine2"
			m00="0.112228" m10="0.991619" m20="-0.064007" m30="0.37746"
			m01="-0.0684708" m11="0.0719779" m21="0.995053" m31="-0.159722"
			m02="0.991321" m12="-0.10729" m22="0.0759749" m32="1.57086"
			m03="0" m13="0" m23="0" m33="1"/>
		<transform name="Bip01 L UpperArm"
			m00="0.533381" m10="-0.588342" m20="0.607748" m30="0.381818"
			m01="0.559551" m11="0.784232" m21="0.268109" m31="0.0886003"
			m02="-0.634355" m12="0.197061" m22="0.747502" m32="1.77773"
			m03="0" m13="0" m23="0" m33="1"/>
		<transform name="Bip01 L Clavicle"
			m00="-0.0640097" m10="-0.991708" m20="0.111438" m30="0.392626"
			m01="0.995053" m11="-0.0719261" m21="-0.0685281" m31="-0.0794233"
			m02="0.0759752" m12="0.1065" m22="0.991406" m32="1.7649"
			m03="0" m13="0" m23="0" m33="1"/>
		<transform name="Bip01 Neck"
			m00="0.703173" m10="0.708132" m20="-0.0640078" m30="0.398516"
			m01="-0.00905034" m11="0.0989293" m21="0.995053" m31="-0.172648"
			m02="0.710962" m12="-0.699115" m22="0.0759733" m32="1.75789"
			m03="0" m13="0" m23="0" m33="1"/>
		<transform name="Bip01 Head"
			m00="0.307012" m10="0.944694" m20="-0.115314" m30="0.531244"
			m01="0.286677" m11="0.0237396" m21="0.957733" m31="-0.174356"
			m02="0.907502" m12="-0.327093" m22="-0.263533" m32="1.89209"
			m03="0" m13="0" m23="0" m33="1"/>
		<transform name="Bip01 Spine1"
			m00="0.328119" m10="0.899921" m20="-0.287195" m30="0.315737"
			m01="-0.107566" m11="0.337644" m21="0.935108" m31="-0.139427"
			m02="0.938492" m12="-0.275934" m22="0.207589" m32="1.39387"
			m03="0" m13="0" m23="0" m33="1"/>
		<transform name="Bip01 Ponytail1"
			m00="-0.91718" m10="-0.374421" m20="-0.136342" m30="0.603973"
			m01="-0.169103" m11="0.0559136" m21="0.984011" m31="-0.0325909"
			m02="-0.360811" m12="0.925572" m22="-0.114598" m32="2.37531"
			m03="0" m13="0" m23="0" m33="1"/>
		<transform name="Bip01 L Toe0"
			m00="0.188849" m10="0.965129" m20="0.181281" m30="-1.08471"
			m01="0.0875856" m11="0.167313" m21="-0.982006" m31="0.208279"
			m02="-0.978092" m12="0.201329" m22="-0.0529345" m32="0.264891"
			m03="0" m13="0" m23="0" m33="1"/>
		<transform name="Bip01 R Toe0"
			m00="0.994819" m10="0.0899649" m20="-0.0473392" m30="0.610881"
			m01="-0.0460708" m11="-0.0161239" m21="-0.998808" m31="-0.168275"
			m02="-0.090621" m12="0.995814" m22="-0.0118956" m32="0.0019072"
			m03="0" m13="0" m23="0" m33="1"/>
		<transform name="Bip01 L ForeTwist"
			m00="0.738756" m10="-0.280415" m20="0.612868" m30="0.603657"
			m01="0.154456" m11="0.955575" m21="0.251036" m31="0.321324"
			m02="-0.656036" m12="-0.090793" m22="0.749249" m32="1.5139"
			m03="0" m13="0" m23="0" m33="1"/>
		<transform name="Bip01 L Hand"
			m00="0.992362" m10="0.121131" m20="-0.0233438" m30="0.975805"
			m01="0.0537561" m11="-0.254301" m21="0.96563" m31="0.399131"
			m02="0.111032" m12="-0.959509" m22="-0.25887" m32="1.18342"
			m03="0" m13="0" m23="0" m33="1"/>
		<transform name="Bip01 L Forearm"
			m00="0.738756" m10="-0.291346" m20="0.607748" m30="0.603657"
			m01="0.154456" m11="0.950926" m21="0.268109" m31="0.321324"
			m02="-0.656036" m12="-0.104197" m22="0.747502" m32="1.5139"
			m03="0" m13="0" m23="0" m33="1"/>
		<transform name="Bip01 Prop3"
			m00="-0.494358" m10="-0.774728" m20="-0.394216" m30="0.201022"
			m01="-0.845094" m11="0.322163" m21="0.426647" m31="-0.00947965"
			m02="-0.203533" m12="0.544066" m22="-0.813982" m32="1.08592"
			m03="0" m13="0" m23="0" m33="1"/>
		<transform name="Bip01 R Calf"
			m00="-0.791348" m10="0.596669" m20="-0.133245" m30="0.694849"
			m01="0.159863" m11="-0.00841246" m21="-0.987103" m31="-0.250777"
			m02="-0.590095" m12="-0.802444" m22="-0.0887278" m32="0.618111"
			m03="0" m13="0" m23="0" m33="1"/>
		<transform name="Bip01 R Foot"
			m00="-0.0205422" m10="0.998392" m20="-0.0528435" m30="0.186266"
			m01="0.0105054" m11="-0.0526361" m21="-0.998559" m31="-0.148037"
			m02="-0.999734" m12="-0.0210677" m22="-0.00940721" m32="0.23887"
			m03="0" m13="0" m23="0" m33="1"/>
		<transform name="Bip01 R UpperArm"
			m00="-0.215985" m10="-0.41407" m20="0.884249" m30="0.415427"
			m01="-0.686813" m11="0.708128" m21="0.163837" m31="-0.433866"
			m02="-0.694001" m12="-0.571928" m22="-0.437334" m32="1.73784"
			m03="0" m13="0" m23="0" m33="1"/>
		<transform name="Bip01 R Clavicle"
			m00="0.0640097" m10="-0.991708" m20="-0.111438" m30="0.404618"
			m01="-0.995053" m11="-0.0719261" m21="0.0685282" m31="-0.265842"
			m02="-0.0759753" m12="0.1065" m22="-0.991406" m32="1.75067"
			m03="0" m13="0" m23="0" m33="1"/>
		<transform name="Bip01 R ForeTwist"
			m00="0.462633" m10="0.460592" m20="0.757513" m30="0.325597"
			m01="-0.179308" m11="-0.788179" m21="0.588746" m31="-0.719519"
			m02="0.868228" m12="-0.408202" m22="-0.282049" m32="1.4492"
			m03="0" m13="0" m23="0" m33="1"/>
		<transform name="Bip01 R Hand"
			m00="0.483777" m10="-0.123333" m20="-0.866458" m30="0.558647"
			m01="0.203848" m11="0.978671" m21="-0.0254896" m31="-0.809845"
			m02="0.851121" m12="-0.164294" m22="0.498599" m32="1.88657"
			m03="0" m13="0" m23="0" m33="1"/>
		<transform name="Bip01 R Forearm"
			m00="0.462633" m10="0.0638303" m20="0.884249" m30="0.325597"
			m01="-0.179308" m11="-0.970055" m21="0.163837" m31="-0.719519"
			m02="0.868228" m12="-0.23435" m22="-0.437334" m32="1.4492"
			m03="0" m13="0" m23="0" m33="1"/>
		<transform name="Bip01 R Finger1"
			m00="0.0405447" m10="-0.672196" m20="-0.739262" m30="0.769182"
			m01="0.969237" m11="0.206222" m21="-0.134356" m31="-0.721132"
			m02="0.242766" m12="-0.711073" m22="0.659878" m32="2.25697"
			m03="0" m13="0" m23="0" m33="1"/>
		<transform name="Bip01 R Finger0"
			m00="-0.268124" m10="0.847686" m20="-0.457753" m30="0.451841"
			m01="0.951913" m11="0.30622" m21="0.00949747" m31="-0.731579"
			m02="0.148224" m12="-0.433195" m22="-0.889028" m32="2.17469"
			m03="0" m13="0" m23="0" m33="1"/>
		<transform name="Bip01 R Finger01"
			m00="0.695986" m10="0.553232" m20="-0.457753" m30="0.397328"
			m01="0.626045" m11="-0.779729" m21="0.00949747" m31="-0.538041"
			m02="-0.351669" m12="-0.293184" m22="-0.889028" m32="2.20483"
			m03="0" m13="0" m23="0" m33="1"/>
		<transform name="Bip01 R Finger11"
			m00="-0.649587" m10="-0.177561" m20="-0.739262" m30="0.778255"
			m01="0.400645" m11="-0.906329" m21="-0.134356" m31="-0.504243"
			m02="-0.646158" m12="-0.383457" m22="0.659878" m32="2.31129"
			m03="0" m13="0" m23="0" m33="1"/>
		<transform name="Bip01 L Finger1"
			m00="0.88118" m10="-0.454079" m20="-0.131658" m30="1.40767"
			m01="-0.0704324" m11="-0.40145" m21="0.913169" m31="0.422525"
			m02="-0.467505" m12="-0.795393" m22="-0.385732" m32="1.23174"
			m03="0" m13="0" m23="0" m33="1"/>
		<transform name="Bip01 L Finger0"
			m00="0.563388" m10="0.327515" m20="0.758504" m30="1.19432"
			m01="-0.825138" m11="0.269422" m21="0.496547" m31="0.173446"
			m02="-0.0417309" m12="-0.905619" m22="0.422034" m32="1.2266"
			m03="0" m13="0" m23="0" m33="1"/>
		<transform name="Bip01 L Finger01"
			m00="0.602432" m10="0.24849" m20="0.758504" m30="1.30887"
			m01="-0.781231" m11="0.378309" m21="0.496547" m31="0.00568368"
			m02="-0.163562" m12="-0.891703" m22="0.422034" m32="1.21811"
			m03="0" m13="0" m23="0" m33="1"/>
		<transform name="Bip01 L Finger11"
			m00="0.264823" m10="-0.955267" m20="-0.131658" m30="1.60486"
			m01="-0.342576" m11="-0.220827" m21="0.913169" m31="0.406764"
			m02="-0.901393" m12="-0.196725" m22="-0.385732" m32="1.12712"
			m03="0" m13="0" m23="0" m33="1"/>
		<transform name="Bip01 Tail2"
			m00="-0.873463" m10="-0.0742624" m20="-0.481194" m30="-0.533318"
			m01="-0.331979" m11="-0.632111" m21="0.700162" m31="-0.555766"
			m02="-0.356163" m12="0.771312" m22="0.527472" m32="0.934985"
			m03="0" m13="0" m23="0" m33="1"/>
		<transform name="Bip01 Tail1"
			m00="-0.836966" m10="-0.0240055" m20="-0.546728" m30="-0.24375"
			m01="-0.394159" m11="-0.666608" m21="0.632672" m31="-0.419562"
			m02="-0.379641" m12="0.745022" m22="0.548466" m32="1.06655"
			m03="0" m13="0" m23="0" m33="1"/>
		<transform name="Bip01 Ponytail11"
			m00="-0.917752" m10="-0.364815" m20="-0.156977" m30="0.273701"
			m01="-0.132041" m11="-0.0924927" m21="0.98692" m31="-0.0934768"
			m02="-0.374562" m12="0.926475" m22="0.0367148" m32="2.24508"
			m03="0" m13="0" m23="0" m33="1"/>
		<transform name="Bip01 Ponytail12"
			m00="-0.91921" m10="-0.352281" m20="-0.175929" m30="-0.0567812"
			m01="-0.0933486" m11="-0.239095" m21="0.966499" m31="-0.140971"
			m02="-0.382543" m12="0.904838" m22="0.186894" m32="2.1099"
			m03="0" m13="0" m23="0" m33="1"/>
		<transform name="Bip01 Prop2"
			m00="-0.314084" m10="0.554326" m20="0.770762" m30="-0.00849407"
			m01="0.883751" m11="0.467341" m21="0.0240181" m31="-0.611274"
			m02="-0.346895" m12="0.688705" m22="-0.636671" m32="2.78448"
			m03="0" m13="0" m23="0" m33="1"/>
		<transform name="Bip01 Prop1"
			m00="0.0004553" m10="-0.000655303" m20="-0.000602727" m30="0.0152482"
			m01="0.000772711" m11="-4.54568e-005" m21="0.000633128" m31="-0.136561"
			m02="-0.000442289" m12="-0.000753997" m22="0.000485663" m32="1.00842"
			m03="0" m13="0" m23="0" m33="1"/>
	</frame>
	<frame index="1">
		<transform name="Bip01 R Thigh"
			m00="0.678943" m10="0.720788" m20="-0.139645" m30="0.208064"
			m01="-0.041245" m11="-0.152458" m21="-0.987449" m31="-0.220099"
			m02="-0.733031" m12="0.676181" m22="-0.0737811" m32="1.0516"
			m03="0" m13="0" m23="0" m33="1"/>
		<transform name="Bip01 Pelvis"
			m00="0.737958" m10="0.433488" m20="-0.51721" m30="0.127763"
			m01="-0.00696905" m11="0.771265" m21="0.636476" m31="-0.12128"
			m02="0.674811" m12="-0.466088" m22="0.572182" m32="1.14043"
			m03="0" m13="0" m23="0" m33="1"/>
		<transform name="Bip01 Tail"
			m00="-0.791417" m10="0.160559" m20="-0.589813" m30="0.0499891"
			m01="-0.542579" m11="-0.628924" m21="0.556832" m31="-0.241024"
			m02="-0.281543" m12="0.760707" m22="0.584857" m32="1.20335"
			m03="0" m13="0" m23="0" m33="1"/>
		<transform name="Bip01 L Thigh"
			m00="-0.372691" m10="0.926803" m20="0.0462345" m30="0.0474612"
			m01="0.478779" m11="0.234731" m21="-0.845974" m31="-0.0224616"
			m02="-0.794904" m12="-0.29315" m22="-0.531216" m32="1.22927"
			m03="0" m13="0" m23="0" m33="1"/>
		<transform name="Bip01 Spine"
			m00="0.581522" m10="0.686383" m20="-0.436705" m30="0.239562"
			m01="-0.0944616" m11="0.59014" m21="0.801755" m31="-0.122425"
			m02="0.808028" m12="-0.424986" m22="0.408016" m32="1.24282"
			m03="0" m13="0" m23="0" m33="1"/>
		<transform name="Bip01 L Calf"
			m00="-0.992003" m10="-0.117443" m20="0.0462345" m30="-0.19689"
			m01="-0.101405" m11="0.523493" m21="-0.845974" m31="0.291445"
			m02="0.0751503" m12="-0.843897" m22="-0.531216" m32="0.708098"
			m03="0" m13="0" m23="0" m33="1"/>
		<transform name="Bip01 L Foot"
			m00="-0.977181" m10="0.0789426" m20="0.197191" m30="-0.834429"
			m01="-0.189164" m11="0.0988144" m21="-0.976961" m31="0.226275"
			m02="-0.0966092" m12="-0.99197" m22="-0.0816266" m32="0.756395"
			m03="0" m13="0" m23="0" m33="1"/>
		<transform name="Bip01 Spine2"
			m00="0.17357" m10="0.981482" m20="-0.0810293" m30="0.421714"
			m01="-0.0941027" m11="0.0984307" m21="0.990685" m31="-0.163736"
			m02="0.980315" m12="-0.164328" m22="0.109445" m32="1.56763"
			m03="0" m13="0" m23="0" m33="1"/>
		<transform name="Bip01 L UpperArm"
			m00="0.468819" m10="-0.638589" m20="0.610256" m30="0.433169"
			m01="0.626139" m11="0.727574" m21="0.280333" m31="0.0786058"
			m02="-0.623024" m12="0.250679" m22="0.740946" m32="1.78122"
			m03="0" m13="0" m23="0" m33="1"/>
		<transform name="Bip01 L Clavicle"
			m00="-0.081032" m10="-0.98162" m20="0.172788" m30="0.446852"
			m01="0.990684" m11="-0.0983584" m21="-0.094181" m31="-0.0886801"
			m02="0.109445" m12="0.163547" m22="0.980446" m32="1.76274"
			m03="0" m13="0" m23="0" m33="1"/>
		<transform name="Bip01 Neck"
			m00="0.744997" m10="0.662128" m20="-0.0810302" m30="0.454343"
			m01="-0.0127441" m11="0.135578" m21="0.990685" m31="-0.181501"
			m02="0.666946" m12="-0.737024" m22="0.109443" m32="1.7526"
			m03="0" m13="0" m23="0" m33="1"/>
		<transform name="Bip01 Head"
			m00="0.32532" m10="0.934076" m20="-0.147199" m30="0.594966"
			m01="0.299645" m11="0.0458134" m21="0.95295" m31="-0.183906"
			m02="0.896872" m12="-0.354122" m22="-0.264987" m32="1.87849"
			m03="0" m13="0" m23="0" m33="1"/>
		<transform name="Bip01 Spine1"
			m00="0.385943" m10="0.87732" m20="-0.285234" m30="0.349085"
			m01="-0.124254" m11="0.355807" m21="0.926263" m31="-0.140291"
			m02="0.914117" m12="-0.322043" m22="0.246331" m32="1.39524"
			m03="0" m13="0" m23="0" m33="1"/>
		<transform name="Bip01 Ponytail1"
			m00="-0.923113" m10="-0.353429" m20="-0.151493" m30="0.677789"
			m01="-0.181973" m11="0.054457" m21="0.981794" m31="-0.0375367"
			m02="-0.338745" m12="0.933875" m22="-0.114585" m32="2.3587"
			m03="0" m13="0" m23="0" m33="1"/>
		<transform name="Bip01 L Toe0"
			m00="0.161646" m10="0.966947" m20="0.197191" m30="-1.02325"
			m01="0.114522" m11="0.180089" m21="-0.976961" m31="0.225641"
			m02="-0.980181" m12="0.180505" m22="-0.0816265" m32="0.307836"
			m03="0" m13="0" m23="0" m33="1"/>
		<transform name="Bip01 R Toe0"
			m00="0.99467" m10="0.0899416" m20="-0.0504116" m30="0.530877"
			m01="-0.0491955" m11="-0.0156892" m21="-0.998666" m31="-0.168274"
			m02="-0.0906125" m12="0.995823" m22="-0.0111809" m32="0.00190052"
			m03="0" m13="0" m23="0" m33="1"/>
		<transform name="Bip01 L ForeTwist"
			m00="0.692768" m10="-0.373278" m20="0.617038" m30="0.628156"
			m01="0.26483" m11="0.927518" m21="0.263771" m31="0.339024"
			m02="-0.670774" m12="-0.0193217" m22="0.74141" m32="1.5221"
			m03="0" m13="0" m23="0" m33="1"/>
		<transform name="Bip01 L Hand"
			m00="0.986896" m10="0.0998818" m20="-0.126728" m30="0.977137"
			m01="0.143382" m11="-0.182594" m21="0.972677" m31="0.472432"
			m02="0.0740131" m12="-0.978102" m22="-0.194522" m32="1.1842"
			m03="0" m13="0" m23="0" m33="1"/>
		<transform name="Bip01 L Forearm"
			m00="0.692768" m10="-0.384265" m20="0.610256" m30="0.628156"
			m01="0.26483" m11="0.922647" m21="0.280333" m31="0.339024"
			m02="-0.670774" m12="-0.0325918" m22="0.740946" m32="1.5221"
			m03="0" m13="0" m23="0" m33="1"/>
		<transform name="Bip01 Prop3"
			m00="-0.656359" m10="-0.682044" m20="-0.322504" m30="0.216879"
			m01="-0.744852" m11="0.517856" m21="0.420739" m31="-0.00814285"
			m02="-0.119952" m12="0.516374" m22="-0.847921" m32="1.09514"
			m03="0" m13="0" m23="0" m33="1"/>
		<transform name="Bip01 R Calf"
			m00="-0.846328" m10="0.514031" m20="-0.139645" m30="0.653207"
			m01="0.157704" m11="-0.00860584" m21="-0.987449" m31="-0.247141"
			m02="-0.508781" m12="-0.857728" m22="-0.0737811" m32="0.570992"
			m03="0" m13="0" m23="0" m33="1"/>
		<transform name="Bip01 R Foot"
			m00="-0.0326756" m10="0.997785" m20="-0.0579403" m30="0.109289"
			m01="0.0100829" m11="-0.0576393" m21="-0.998287" m31="-0.145788"
			m02="-0.999415" m12="-0.0332038" m22="-0.0081772" m32="0.244009"
			m03="0" m13="0" m23="0" m33="1"/>
		<transform name="Bip01 R UpperArm"
			m00="-0.157789" m10="-0.453374" m20="0.877243" m30="0.475716"
			m01="-0.703452" m11="0.675065" m21="0.222357" m31="-0.441566"
			m02="-0.693007" m12="-0.582012" m22="-0.425444" m32="1.72376"
			m03="0" m13="0" m23="0" m33="1"/>
		<transform name="Bip01 R Clavicle"
			m00="0.081032" m10="-0.98162" m20="-0.172788" m30="0.462033"
			m01="-0.990684" m11="-0.0983584" m21="0.0941811" m31="-0.274281"
			m02="-0.109445" m12="0.163547" m22="-0.980446" m32="1.74224"
			m03="0" m13="0" m23="0" m33="1"/>
		<transform name="Bip01 R ForeTwist"
			m00="0.463668" m10="0.508009" m20="0.725906" m30="0.41009"
			m01="-0.162941" m11="-0.756433" m21="0.63345" m31="-0.734139"
			m02="0.870897" m12="-0.41199" m22="-0.267959" m32="1.43553"
			m03="0" m13="0" m23="0" m33="1"/>
		<transform name="Bip01 R Hand"
			m00="0.479785" m10="-0.174946" m20="-0.859768" m30="0.643663"
			m01="0.222446" m11="0.972157" m21="-0.0736813" m31="-0.816221"
			m02="0.848719" m12="-0.155901" m22="0.505342" m32="1.87424"
			m03="0" m13="0" m23="0" m33="1"/>
		<transform name="Bip01 R Forearm"
			m00="0.463668" m10="0.124328" m20="0.877243" m30="0.41009"
			m01="-0.162941" m11="-0.961253" m21="0.222357" m31="-0.734139"
			m02="0.870897" m12="-0.246038" m22="-0.425444" m32="1.43553"
			m03="0" m13="0" m23="0" m33="1"/>
		<transform name="Bip01 R Finger1"
			m00="-0.00737895" m10="-0.687885" m20="-0.725782" m30="0.852461"
			m01="0.968283" m11="0.176356" m21="-0.176992" m31="-0.719414"
			m02="0.249747" m12="-0.704068" m22="0.664766" m32="2.2436"
			m03="0" m13="0" m23="0" m33="1"/>
		<transform name="Bip01 R Finger0"
			m00="-0.315531" m10="0.827116" m20="-0.465102" m30="0.535397"
			m01="0.935743" m11="0.352597" m21="-0.00777743" m31="-0.745621"
			m02="0.15756" m12="-0.43767" m22="-0.885223" m32="2.1638"
			m03="0" m13="0" m23="0" m33="1"/>
		<transform name="Bip01 R Finger01"
			m00="0.659839" m10="0.590163" m20="-0.465102" m30="0.471245"
			m01="0.663586" m11="-0.748059" m21="-0.00777743" m31="-0.555371"
			m02="-0.352514" m12="-0.303503" m22="-0.885223" m32="2.19583"
			m03="0" m13="0" m23="0" m33="1"/>
		<transform name="Bip01 R Finger11"
			m00="-0.674773" m10="-0.133875" m20="-0.725782" m30="0.85081"
			m01="0.371218" m11="-0.911521" m21="-0.176992" m31="-0.502739"
			m02="-0.637871" m12="-0.388853" m22="0.664766" m32="2.29948"
			m03="0" m13="0" m23="0" m33="1"/>
		<transform name="Bip01 L Finger1"
			m00="0.861281" m10="-0.450328" m20="-0.235373" m30="1.40663"
			m01="0.0443796" m11="-0.394779" m21="0.917704" m31="0.53483"
			m02="-0.506188" m12="-0.800846" m22="-0.32003" m32="1.21641"
			m03="0" m13="0" m23="0" m33="1"/>
		<transform name="Bip01 L Finger0"
			m00="0.636394" m10="0.25817" m20="0.726878" m30="1.21782"
			m01="-0.762327" m11="0.354324" m21="0.541582" m31="0.266917"
			m02="-0.11773" m12="-0.898778" m22="0.4223" m32="1.20376"
			m03="0" m13="0" m23="0" m33="1"/>
		<transform name="Bip01 L Finger01"
			m00="0.66537" m10="0.170091" m20="0.726878" m30="1.34721"
			m01="-0.707649" m11="0.453785" m21="0.541582" m31="0.111925"
			m02="-0.237728" m12="-0.874727" m22="0.4223" m32="1.17982"
			m03="0" m13="0" m23="0" m33="1"/>
		<transform name="Bip01 L Finger11"
			m00="0.254298" m10="-0.938047" m20="-0.235373" m30="1.59936"
			m01="-0.259659" m11="-0.300661" m21="0.917704" m31="0.544761"
			m02="-0.931616" m12="-0.172254" m22="-0.32003" m32="1.10314"
			m03="0" m13="0" m23="0" m33="1"/>
		<transform name="Bip01 Tail2"
			m00="-0.85546" m10="-0.00409982" m20="-0.517853" m30="-0.510984"
			m01="-0.421283" m11="-0.576048" m21="0.700493" m31="-0.585891"
			m02="-0.30118" m12="0.817406" m22="0.491058" m32="0.993818"
			m03="0" m13="0" m23="0" m33="1"/>
		<transform name="Bip01 Tail1"
			m00="-0.82987" m10="0.0420411" m20="-0.55637" m30="-0.223852"
			m01="-0.45511" m11="-0.627873" m21="0.631388" m31="-0.428583"
			m02="-0.322785" m12="0.77718" m22="0.540186" m32="1.10573"
			m03="0" m13="0" m23="0" m33="1"/>
		<transform name="Bip01 Ponytail11"
			m00="-0.923369" m10="-0.35085" m20="-0.155864" m30="0.345376"
			m01="-0.131749" m11="-0.091747" m21="0.987028" m31="-0.103059"
			m02="-0.360599" m12="0.931926" m22="0.0384922" m32="2.23642"
			m03="0" m13="0" m23="0" m33="1"/>
		<transform name="Bip01 Ponytail12"
			m00="-0.923897" m10="-0.347676" m20="-0.159798" m30="0.0128693"
			m01="-0.0787583" m11="-0.23589" m21="0.968583" m31="-0.150449"
			m02="-0.374448" m12="0.907456" m22="0.190556" m32="2.10627"
			m03="0" m13="0" m23="0" m33="1"/>
		<transform name="Bip01 Prop2"
			m00="-0.362086" m10="0.535302" m20="0.763116" m30="0.0746267"
			m01="0.868833" m11="0.490377" m21="0.0682624" m31="-0.65356"
			m02="-0.337674" m12="0.687737" m22="-0.642647" m32="2.77816"
			m03="0" m13="0" m23="0" m33="1"/>
		<transform name="Bip01 Prop1"
			m00="0.000432878" m10="-0.000698051" m20="-0.000570387" m30="0.0262878"
			m01="0.000771231" m11="-4.08106e-005" m21="0.000635246" m31="-0.134153"
			m02="-0.000466712" m12="-0.000714884" m22="0.000520693" m32="1.02832"
			m03="0" m13="0" m23="0" m33="1"/>
	</frame>
	<frame index="2">
		<transform name="Bip01 R Thigh"
			m00="0.58071" m10="0.799212" m20="-0.155037" m30="0.218439"
			m01="-0.0463005" m11="-0.157706" m21="-0.9864" m31="-0.217664"
			m02="-0.812793" m12="0.57999" m22="-0.0545777" m32="1.06373"
			m03="0" m13="0" m23="0" m33="1"/>
		<transform name="Bip01 Pelvis"
			m00="0.777989" m10="0.417347" m20="-0.469633" m30="0.145525"
			m01="-0.0126846" m11="0.757774" m21="0.652394" m31="-0.116374"
			m02="0.62815" m12="-0.501598" m22="0.594833" m32="1.15608"
			m03="0" m13="0" m23="0" m33="1"/>
		<transform name="Bip01 Tail"
			m00="-0.793845" m10="0.220427" m20="-0.566765" m30="0.0696892"
			m01="-0.570495" m11="-0.592683" m21="0.568562" m31="-0.233949"
			m02="-0.210585" m12="0.774687" m22="0.59625" m32="1.22518"
			m03="0" m13="0" m23="0" m33="1"/>
		<transform name="Bip01 L Thigh"
			m00="-0.322967" m10="0.945379" m20="0.0441638" m30="0.07261"
			m01="0.515279" m11="0.214791" m21="-0.82967" m31="-0.0150843"
			m02="-0.793839" m12="-0.245199" m22="-0.556504" m32="1.24844"
			m03="0" m13="0" m23="0" m33="1"/>
		<transform name="Bip01 Spine"
			m00="0.632012" m10="0.661465" m20="-0.403763" m30="0.263398"
			m01="-0.103323" m11="0.588284" m21="0.802026" m31="-0.118386"
			m02="0.768039" m12="-0.465173" m22="0.440147" m32="1.2514"
			m03="0" m13="0" m23="0" m33="1"/>
		<transform name="Bip01 L Calf"
			m00="-0.985136" m10="-0.166001" m20="0.0441638" m30="-0.13914"
			m01="-0.128728" m11="0.543209" m21="-0.82967" m31="0.322753"
			m02="0.113736" m12="-0.823023" m22="-0.556504" m32="0.727963"
			m03="0" m13="0" m23="0" m33="1"/>
		<transform name="Bip01 L Foot"
			m00="-0.976051" m10="0.0878228" m20="0.199027" m30="-0.772267"
			m01="-0.188304" m11="0.117045" m21="-0.975111" m31="0.240022"
			m02="-0.108932" m12="-0.989236" m22="-0.0977048" m32="0.801059"
			m03="0" m13="0" m23="0" m33="1"/>
		<transform name="Bip01 Spine2"
			m00="0.238068" m10="0.967101" m20="-0.089658" m30="0.466259"
			m01="-0.117009" m11="0.120198" m21="0.98583" m31="-0.164067"
			m02="0.964174" m12="-0.224204" m22="0.141775" m32="1.56313"
			m03="0" m13="0" m23="0" m33="1"/>
		<transform name="Bip01 L UpperArm"
			m00="0.408972" m10="-0.67177" m20="0.617631" m30="0.487611"
			m01="0.673879" m11="0.678702" m21="0.291977" m31="0.0726805"
			m02="-0.615328" m12="0.296798" m22="0.730262" m32="1.78216"
			m03="0" m13="0" m23="0" m33="1"/>
		<transform name="Bip01 L Clavicle"
			m00="-0.0896606" m10="-0.96729" m20="0.237298" m30="0.502751"
			m01="0.98583" m11="-0.120108" m21="-0.117105" m31="-0.0937857"
			m02="0.141776" m12="0.223435" m22="0.964353" m32="1.75822"
			m03="0" m13="0" m23="0" m33="1"/>
		<transform name="Bip01 Neck"
			m00="0.786663" m10="0.610838" m20="-0.0896589" m30="0.511058"
			m01="-0.0172071" m11="0.166861" m21="0.98583" m31="-0.186156"
			m02="0.617143" m12="-0.773974" m22="0.141774" m32="1.74506"
			m03="0" m13="0" m23="0" m33="1"/>
		<transform name="Bip01 Head"
			m00="0.34246" m10="0.923126" m20="-0.174811" m30="0.659546"
			m01="0.317638" m11="0.0613485" m21="0.946226" m31="-0.189404"
			m02="0.88421" m12="-0.379571" m22="-0.27221" m32="1.86155"
			m03="0" m13="0" m23="0" m33="1"/>
		<transform name="Bip01 Spine1"
			m00="0.445246" m10="0.853174" m20="-0.271753" m30="0.382446"
			m01="-0.138547" m11="0.365485" m21="0.920449" m31="-0.137924"
			m02="0.884625" m12="-0.372175" m22="0.280935" m32="1.39629"
			m03="0" m13="0" m23="0" m33="1"/>
		<transform name="Bip01 Ponytail1"
			m00="-0.928913" m10="-0.332092" m20="-0.163813" m30="0.751905"
			m01="-0.195514" m11="0.0641657" m21="0.978599" m31="-0.0353493"
			m02="-0.314474" m12="0.941062" m22="-0.124533" m32="2.3376"
			m03="0" m13="0" m23="0" m33="1"/>
		<transform name="Bip01 L Toe0"
			m00="0.118304" m10="0.972827" m20="0.199027" m30="-0.957009"
			m01="0.122877" m11="0.184552" m21="-0.975111" m31="0.247424"
			m02="-0.985345" m12="0.139816" m22="-0.0977048" m32="0.350866"
			m03="0" m13="0" m23="0" m33="1"/>
		<transform name="Bip01 R Toe0"
			m00="0.994364" m10="0.0899008" m20="-0.0561979" m30="0.450874"
			m01="-0.0550799" m11="-0.0148702" m21="-0.998371" m31="-0.168273"
			m02="-0.0905901" m12="0.99584" m22="-0.00983466" m32="0.00189619"
			m03="0" m13="0" m23="0" m33="1"/>
		<transform name="Bip01 L ForeTwist"
			m00="0.642578" m10="-0.442087" m20="0.625822" m30="0.657707"
			m01="0.348027" m11="0.896049" m21="0.275633" m31="0.352954"
			m02="-0.682621" m12="0.0406868" m22="0.729639" m32="1.52624"
			m03="0" m13="0" m23="0" m33="1"/>
		<transform name="Bip01 L Hand"
			m00="0.975557" m10="0.0662437" m20="-0.209522" m30="0.981405"
			m01="0.216513" m11="-0.126855" m21="0.968003" m31="0.528272"
			m02="0.0375453" m12="-0.989707" m22="-0.138097" m32="1.18237"
			m03="0" m13="0" m23="0" m33="1"/>
		<transform name="Bip01 L Forearm"
			m00="0.642578" m10="-0.45346" m20="0.617631" m30="0.657707"
			m01="0.348027" m11="0.890857" m21="0.291977" m31="0.352954"
			m02="-0.682621" m12="0.0273339" m22="0.730262" m32="1.52624"
			m03="0" m13="0" m23="0" m33="1"/>
		<transform name="Bip01 Prop3"
			m00="-0.809622" m10="-0.530517" m20="-0.251126" m30="0.233646"
			m01="-0.586637" m11="0.717358" m21="0.37584" m31="-0.00541696"
			m02="-0.0192422" m12="0.451608" m22="-0.892009" m32="1.10396"
			m03="0" m13="0" m23="0" m33="1"/>
		<transform name="Bip01 R Calf"
			m00="-0.882963" m10="0.443103" m20="-0.155037" m30="0.599176"
			m01="0.163135" m11="-0.0200548" m21="-0.9864" m31="-0.248021"
			m02="-0.440186" m12="-0.896246" m22="-0.0545777" m32="0.53083"
			m03="0" m13="0" m23="0" m33="1"/>
		<transform name="Bip01 R Foot"
			m00="-0.0419577" m10="0.99706" m20="-0.0641195" m30="0.0317145"
			m01="0.0101558" m11="-0.0637471" m21="-0.997914" m31="-0.143178"
			m02="-0.999068" m12="-0.0425214" m22="-0.00745134" m32="0.247932"
			m03="0" m13="0" m23="0" m33="1"/>
		<transform name="Bip01 R UpperArm"
			m00="-0.104808" m10="-0.483994" m20="0.868772" m30="0.534689"
			m01="-0.725822" m11="0.634423" m21="0.265875" m31="-0.444943"
			m02="-0.679851" m12="-0.602708" m22="-0.417786" m32="1.70772"
			m03="0" m13="0" m23="0" m33="1"/>
		<transform name="Bip01 R Clavicle"
			m00="0.0896606" m10="-0.96729" m20="-0.237298" m30="0.519549"
			m01="-0.98583" m11="-0.120108" m21="0.117105" m31="-0.278477"
			m02="-0.141776" m12="0.223435" m22="-0.964353" m32="1.73166"
			m03="0" m13="0" m23="0" m33="1"/>
		<transform name="Bip01 R ForeTwist"
			m00="0.46323" m10="0.545891" m20="0.698156" m30="0.491098"
			m01="-0.138043" m11="-0.733715" m21="0.665287" m31="-0.74682"
			m02="0.875421" m12="-0.404557" m22="-0.264522" m32="1.42496"
			m03="0" m13="0" m23="0" m33="1"/>
		<transform name="Bip01 R Hand"
			m00="0.477778" m10="-0.215678" m20="-0.851593" m30="0.72445"
			m01="0.249998" m11="0.962692" m21="-0.103557" m31="-0.816359"
			m02="0.842157" m12="-0.16342" m22="0.513872" m32="1.86595"
			m03="0" m13="0" m23="0" m33="1"/>
		<transform name="Bip01 R Forearm"
			m00="0.46323" m10="0.17508" m20="0.868772" m30="0.491098"
			m01="-0.138043" m11="-0.954073" m21="0.265875" m31="-0.74682"
			m02="0.875421" m12="-0.243089" m22="-0.417786" m32="1.42496"
			m03="0" m13="0" m23="0" m33="1"/>
		<transform name="Bip01 R Finger1"
			m00="-0.0445383" m10="-0.700639" m20="-0.712125" m30="0.932374"
			m01="0.969579" m11="0.141428" m21="-0.199787" m31="-0.707562"
			m02="0.240693" m12="-0.699359" m22="0.673026" m32="2.23245"
			m03="0" m13="0" m23="0" m33="1"/>
		<transform name="Bip01 R Finger0"
			m00="-0.35191" m10="0.808226" m20="-0.472154" m30="0.61595"
			m01="0.923668" m11="0.381566" m21="-0.0352777" m31="-0.747386"
			m02="0.151645" m12="-0.448528" m22="-0.88081" m32="2.15581"
			m03="0" m13="0" m23="0" m33="1"/>
		<transform name="Bip01 R Finger01"
			m00="0.629201" m10="0.617395" m20="-0.472154" m30="0.544401"
			m01="0.686331" m11="-0.726433" m21="-0.0352777" m31="-0.55959"
			m02="-0.364769" m12="-0.301857" m22="-0.88081" m32="2.18665"
			m03="0" m13="0" m23="0" m33="1"/>
		<transform name="Bip01 R Finger11"
			m00="-0.694877" m10="-0.100122" m20="-0.712125" m30="0.922408"
			m01="0.337298" m11="-0.919954" m21="-0.199787" m31="-0.490597"
			m02="-0.635119" m12="-0.379026" m22="0.673026" m32="2.28631"
			m03="0" m13="0" m23="0" m33="1"/>
		<transform name="Bip01 L Finger1"
			m00="0.829522" m10="-0.457989" m20="-0.319593" m30="1.40596"
			m01="0.13562" m11="-0.389934" m21="0.910801" m31="0.622497"
			m02="-0.541757" m12="-0.798873" m22="-0.261346" m32="1.19871"
			m03="0" m13="0" m23="0" m33="1"/>
		<transform name="Bip01 L Finger0"
			m00="0.686296" m10="0.186133" m20="0.703101" m30="1.23768"
			m01="-0.703108" m11="0.417146" m21="0.575871" m31="0.341539"
			m02="-0.186107" m12="-0.889575" m22="0.417158" m32="1.18058"
			m03="0" m13="0" m23="0" m33="1"/>
		<transform name="Bip01 L Finger01"
			m00="0.705216" m10="0.0912035" m20="0.703101" m30="1.37721"
			m01="-0.639942" m11="0.50877" m21="0.575871" m31="0.198587"
			m02="-0.305195" m12="-0.856058" m22="0.417158" m32="1.14274"
			m03="0" m13="0" m23="0" m33="1"/>
		<transform name="Bip01 L Finger11"
			m00="0.226084" m10="-0.920188" m20="-0.319593" m30="1.59158"
			m01="-0.194549" m11="-0.364132" m21="0.910801" m31="0.652845"
			m02="-0.954482" m12="-0.143741" m22="-0.261346" m32="1.07748"
			m03="0" m13="0" m23="0" m33="1"/>
		<transform name="Bip01 Tail2"
			m00="-0.82775" m10="0.0681543" m20="-0.556943" m30="-0.488253"
			m01="-0.512573" m11="-0.495632" m21="0.701154" m31="-0.609547"
			m02="-0.228252" m12="0.865854" m22="0.445194" m32="1.06447"
			m03="0" m13="0" m23="0" m33="1"/>
		<transform name="Bip01 Tail1"
			m00="-0.818572" m10="0.108955" m20="-0.563975" m30="-0.20501"
			m01="-0.515903" m11="-0.571156" m21="0.638456" m31="-0.431182"
			m02="-0.252555" m12="0.813579" m22="0.523742" m32="1.15209"
			m03="0" m13="0" m23="0" m33="1"/>
		<transform name="Bip01 Ponytail11"
			m00="-0.930053" m10="-0.334055" m20="-0.152999" m30="0.417398"
			m01="-0.134917" m11="-0.0768273" m21="0.987874" m31="-0.105753"
			m02="-0.341759" m12="0.939417" m22="0.0263838" m32="2.22405"
			m03="0" m13="0" m23="0" m33="1"/>
		<transform name="Bip01 Ponytail12"
			m00="-0.930468" m10="-0.337519" m20="-0.142516" m30="0.082481"
			m01="-0.0708506" m11="-0.215881" m21="0.973846" m31="-0.15429"
			m02="-0.359458" m12="0.916229" m22="0.176957" m32="2.10068"
			m03="0" m13="0" m23="0" m33="1"/>
		<transform name="Bip01 Prop2"
			m00="-0.400052" m10="0.520944" m20="0.75404" m30="0.157229"
			m01="0.850093" m11="0.518377" m21="0.092882" m31="-0.668096"
			m02="-0.34249" m12="0.678162" m22="-0.650228" m32="2.77348"
			m03="0" m13="0" m23="0" m33="1"/>
		<transform name="Bip01 Prop1"
			m00="0.000416698" m10="-0.000741478" m20="-0.000525902" m30="0.0371094"
			m01="0.000757743" m11="-3.62765e-005" m21="0.000651544" m31="-0.128681"
			m02="-0.000502184" m12="-0.000669995" m22="0.000546734" m32="1.0506"
			m03="0" m13="0" m23="0" m33="1"/>
	</frame>
	<frame index="3">
		<transform name="Bip01 R Thigh"
			m00="0.468259" m10="0.866072" m20="-0.175079" m30="0.227819"
			m01="-0.056753" m11="-0.168256" m21="-0.984108" m31="-0.214133"
			m02="-0.881767" m12="0.470754" m22="-0.0296349" m32="1.07823"
			m03="0" m13="0" m23="0" m33="1"/>
		<transform name="Bip01 Pelvis"
			m00="0.812301" m10="0.409158" m20="-0.415641" m30="0.163287"
			m01="-0.0216637" m11="0.733317" m21="0.679542" m31="-0.108628"
			m02="0.582836" m12="-0.542988" m22="0.604538" m32="1.17209"
			m03="0" m13="0" m23="0" m33="1"/>
		<transform name="Bip01 Tail"
			m00="-0.797753" m10="0.271735" m20="-0.538284" m30="0.088234"
			m01="-0.587487" m11="-0.551353" m21="0.592342" m31="-0.222283"
			m02="-0.135824" m12="0.788778" m22="0.599484" m32="1.24825"
			m03="0" m13="0" m23="0" m33="1"/>
		<transform name="Bip01 L Thigh"
			m00="-0.255539" m10="0.966024" m20="0.0386947" m30="0.0987554"
			m01="0.542949" m11="0.17651" m21="-0.821006" m31="-0.00312283"
			m02="-0.799941" m12="-0.18879" m22="-0.569607" m32="1.26594"
			m03="0" m13="0" m23="0" m33="1"/>
		<transform name="Bip01 Spine"
			m00="0.675885" m10="0.641707" m20="-0.36248" m30="0.286367"
			m01="-0.114043" m11="0.576964" m21="0.808769" m31="-0.111999"
			m02="0.72813" m12="-0.505297" m22="0.463143" m32="1.26054"
			m03="0" m13="0" m23="0" m33="1"/>
		<transform name="Bip01 L Calf"
			m00="-0.980558" m10="-0.192379" m20="0.0386947" m30="-0.0687865"
			m01="-0.140942" m11="0.553249" m21="-0.821006" m31="0.352857"
			m02="0.136536" m12="-0.810497" m22="-0.569607" m32="0.74147"
			m03="0" m13="0" m23="0" m33="1"/>
		<transform name="Bip01 L Foot"
			m00="-0.975479" m10="0.113835" m20="0.188368" m30="-0.69897"
			m01="-0.173467" m11="0.129117" m21="-0.976339" m31="0.262276"
			m02="-0.135463" m12="-0.985074" m22="-0.106205" m32="0.829219"
			m03="0" m13="0" m23="0" m33="1"/>
		<transform name="Bip01 Spine2"
			m00="0.296787" m10="0.950662" m20="-0.0903305" m30="0.507443"
			m01="-0.140139" m11="0.136927" m21="0.980618" m31="-0.162522"
			m02="0.944605" m12="-0.278376" m22="0.173862" m32="1.55889"
			m03="0" m13="0" m23="0" m33="1"/>
		<transform name="Bip01 L UpperArm"
			m00="0.359747" m10="-0.693517" m20="0.624192" m30="0.539692"
			m01="0.707054" m11="0.639137" m21="0.302618" m31="0.068496"
			m02="-0.608815" m12="0.332472" m22="0.720282" m32="1.78265"
			m03="0" m13="0" m23="0" m33="1"/>
		<transform name="Bip01 L Clavicle"
			m00="-0.0903331" m10="-0.950898" m20="0.296029" m30="0.554945"
			m01="0.980618" m11="-0.136818" m21="-0.140248" m31="-0.0970901"
			m02="0.173863" m12="0.277623" m22="0.944827" m32="1.7533"
			m03="0" m13="0" m23="0" m33="1"/>
		<transform name="Bip01 Neck"
			m00="0.82252" m10="0.561518" m20="-0.0903315" m30="0.563323"
			m01="-0.0249704" m11="0.194329" m21="0.980619" m31="-0.188977"
			m02="0.568189" m12="-0.804322" m22="0.173861" m32="1.73713"
			m03="0" m13="0" m23="0" m33="1"/>
		<transform name="Bip01 Head"
			m00="0.358023" m10="0.912631" m20="-0.197294" m30="0.718579"
			m01="0.334695" m11="0.0718217" m21="0.939586" m31="-0.19369"
			m02="0.871665" m12="-0.402426" m22="-0.279739" m32="1.84438"
			m03="0" m13="0" m23="0" m33="1"/>
		<transform name="Bip01 Spine1"
			m00="0.497946" m10="0.830601" m20="-0.249304" m30="0.413691"
			m01="-0.153488" m11="0.367351" m21="0.91733" m31="-0.133559"
			m02="0.853517" m12="-0.418516" m22="0.310408" m32="1.3979"
			m03="0" m13="0" m23="0" m33="1"/>
		<transform name="Bip01 Ponytail1"
			m00="-0.934381" m10="-0.311174" m20="-0.173502" m30="0.819644"
			m01="-0.207658" m11="0.0799538" m21="0.974928" m31="-0.0319845"
			m02="-0.2895" m12="0.946984" m22="-0.139325" m32="2.31611"
			m03="0" m13="0" m23="0" m33="1"/>
		<transform name="Bip01 L Toe0"
			m00="0.0918873" m10="0.97779" m20="0.188369" m30="-0.872397"
			m01="0.125187" m11="0.176325" m21="-0.976339" m31="0.278251"
			m02="-0.987869" m12="0.113294" m22="-0.106204" m32="0.374768"
			m03="0" m13="0" m23="0" m33="1"/>
		<transform name="Bip01 R Toe0"
			m00="0.993834" m10="0.0898481" m20="-0.0649773" m30="0.370875"
			m01="-0.0640083" m11="-0.0136267" m21="-0.997856" m31="-0.168273"
			m02="-0.0905409" m12="0.995862" m22="-0.00779157" m32="0.00189647"
			m03="0" m13="0" m23="0" m33="1"/>
		<transform name="Bip01 L ForeTwist"
			m00="0.598044" m10="-0.49074" m20="0.633654" m30="0.689314"
			m01="0.408161" m11="0.866901" m21="0.286159" m31="0.362568"
			m02="-0.689745" m12="0.0874971" m22="0.718746" m32="1.52944"
			m03="0" m13="0" m23="0" m33="1"/>
		<transform name="Bip01 L Hand"
			m00="0.961694" m10="0.0314864" m20="-0.272311" m30="0.990578"
			m01="0.274038" m11="-0.0852512" m21="0.957933" m31="0.568178"
			m02="0.00694698" m12="-0.995862" m22="-0.090614" m32="1.18198"
			m03="0" m13="0" m23="0" m33="1"/>
		<transform name="Bip01 L Forearm"
			m00="0.598044" m10="-0.50272" m20="0.624192" m30="0.689314"
			m01="0.408161" m11="0.861294" m21="0.302618" m31="0.362568"
			m02="-0.689745" m12="0.0737916" m22="0.720282" m32="1.52944"
			m03="0" m13="0" m23="0" m33="1"/>
		<transform name="Bip01 Prop3"
			m00="-0.91751" m10="-0.348072" m20="-0.192407" m30="0.251385"
			m01="-0.392" m11="0.873159" m21="0.289706" m31="-0.00157453"
			m02="0.0671633" m12="0.341232" m22="-0.937576" m32="1.11232"
			m03="0" m13="0" m23="0" m33="1"/>
		<transform name="Bip01 R Calf"
			m00="-0.904963" m10="0.387801" m20="-0.175079" m30="0.534829"
