<?xml version="1.0" encoding="ISO-8859-1" standalone="yes"?>

<!DOCTYPE animation [
	<!ELEMENT animation  (frame+)>
	<!ELEMENT frame      (transform+)>
	<!ELEMENT transform   EMPTY>
	<!ATTLIST frame index CDATA #REQUIRED>
	<!ATTLIST transform name CDATA #REQUIRED>
	<!ATTLIST transform m00 CDATA #REQUIRED>
	<!ATTLIST transform m01 CDATA #REQUIRED>
	<!ATTLIST transform m02 CDATA #REQUIRED>
	<!ATTLIST transform m03 CDATA #REQUIRED>
	<!ATTLIST transform m10 CDATA #REQUIRED>
	<!ATTLIST transform m11 CDATA #REQUIRED>
	<!ATTLIST transform m12 CDATA #REQUIRED>
	<!ATTLIST transform m13 CDATA #REQUIRED>
	<!ATTLIST transform m20 CDATA #REQUIRED>
	<!ATTLIST transform m21 CDATA #REQUIRED>
	<!ATTLIST transform m22 CDATA #REQUIRED>
	<!ATTLIST transform m23 CDATA #REQUIRED>
	<!ATTLIST transform m30 CDATA #REQUIRED>
	<!ATTLIST transform m31 CDATA #REQUIRED>
	<!ATTLIST transform m32 CDATA #REQUIRED>
	<!ATTLIST transform m33 CDATA #REQUIRED>
]>

<animation>
	<frame index="0">
		<transform name="Bip01 R Thigh"
			m00="0.71825" m10="0.69541" m20="-0.0228268" m30="0.0136534"
			m01="-0.122373" m11="0.0939602" m21="-0.988026" m31="-0.382742"
			m02="-0.684939" m12="0.712444" m22="0.152586" m32="1.20703"
			m03="0" m13="0" m23="0" m33="1"/>
		<transform name="Bip01 Pelvis"
			m00="0.670518" m10="0.741285" m20="0.0300455" m30="0.0183182"
			m01="-0.235885" m11="0.17462" m21="0.955963" m31="-0.23432"
			m02="0.703394" m12="-0.648078" m22="0.291943" m32="1.25236"
			m03="0" m13="0" m23="0" m33="1"/>
		<transform name="Bip01 Tail"
			m00="-0.905613" m10="-0.424097" m20="-0.00259981" m30="-0.10625"
			m01="0.0867162" m11="-0.191167" m21="0.97772" m31="-0.258154"
			m02="-0.415145" m12="0.88521" m22="0.209899" m32="1.34316"
			m03="0" m13="0" m23="0" m33="1"/>
		<transform name="Bip01 L Thigh"
			m00="-0.37081" m10="0.501042" m20="0.781957" m30="0.0229831"
			m01="0.631492" m11="0.753407" m21="-0.18329" m31="-0.085898"
			m02="-0.680968" m12="0.425834" m22="-0.595775" m32="1.29768"
			m03="0" m13="0" m23="0" m33="1"/>
		<transform name="Bip01 Spine"
			m00="0.54686" m10="0.78567" m20="-0.289253" m30="0.119876"
			m01="-0.0194568" m11="0.357324" m21="0.933778" m31="-0.270142"
			m02="0.836998" m12="-0.505018" m22="0.210693" m32="1.35909"
			m03="0" m13="0" m23="0" m33="1"/>
		<transform name="Bip01 L Calf"
			m00="-0.614555" m10="0.104237" m20="0.781957" m30="-0.220135"
			m01="-0.0668636" m11="0.980782" m21="-0.18329" m31="0.328134"
			m02="-0.786035" m12="-0.164926" m22="-0.595775" m32="0.851213"
			m03="0" m13="0" m23="0" m33="1"/>
		<transform name="Bip01 L Foot"
			m00="-0.171345" m10="0.509922" m20="0.842983" m30="-0.615097"
			m01="-0.225736" m11="0.812555" m21="-0.537399" m31="0.285162"
			m02="-0.959002" m12="-0.282373" m22="-0.0241193" m32="0.346045"
			m03="0" m13="0" m23="0" m33="1"/>
		<transform name="Bip01 Spine2"
			m00="0.0871723" m10="0.63483" m20="-0.767718" m30="0.287639"
			m01="0.272013" m11="0.726198" m21="0.631383" m31="-0.244397"
			m02="0.958337" m12="-0.263869" m22="-0.109378" m32="1.69159"
			m03="0" m13="0" m23="0" m33="1"/>
		<transform name="Bip01 L UpperArm"
			m00="-0.954859" m10="-0.296519" m20="0.0179042" m30="0.102526"
			m01="0.234296" m11="-0.714693" m21="0.659029" m31="-0.0273466"
			m02="-0.182618" m12="0.633475" m22="0.751904" m32="1.84358"
			m03="0" m13="0" m23="0" m33="1"/>
		<transform name="Bip01 L Clavicle"
			m00="-0.76772" m10="-0.634897" m20="0.0866667" m30="0.232162"
			m01="0.631381" m11="-0.726416" m21="0.271435" m31="-0.133961"
			m02="-0.109377" m12="0.263106" m22="0.958547" m32="1.86205"
			m03="0" m13="0" m23="0" m33="1"/>
		<transform name="Bip01 Neck"
			m00="0.462186" m10="0.443837" m20="-0.767719" m30="0.30401"
			m01="0.663844" m11="0.400833" m21="0.631382" m31="-0.193165"
			m02="0.587958" m12="-0.801462" m22="-0.109379" m32="1.87242"
			m03="0" m13="0" m23="0" m33="1"/>
		<transform name="Bip01 Head"
			m00="0.188551" m10="0.977617" m20="0.0933499" m30="0.391251"
			m01="0.417688" m11="-0.16586" m21="0.893324" m31="-0.0678596"
			m02="0.888811" m12="-0.129446" m22="-0.439612" m32="1.9834"
			m03="0" m13="0" m23="0" m33="1"/>
		<transform name="Bip01 Spine1"
			m00="0.343921" m10="0.748858" m20="-0.566506" m30="0.222883"
			m01="0.157008" m11="0.548954" m21="0.820974" m31="-0.273894"
			m02="0.925779" m12="-0.371296" m22="0.0712203" m32="1.51698"
			m03="0" m13="0" m23="0" m33="1"/>
		<transform name="Bip01 Ponytail1"
			m00="-0.873448" m10="-0.431582" m20="-0.225444" m30="0.401726"
			m01="-0.348438" m11="0.230597" m21="0.908524" m31="0.155923"
			m02="-0.340116" m12="0.872102" m22="-0.351795" m32="2.44023"
			m03="0" m13="0" m23="0" m33="1"/>
		<transform name="Bip01 L Toe0"
			m00="0.533785" m10="0.0667273" m20="0.842983" m30="-0.434896"
			m01="0.841193" m11="0.0599705" m21="-0.537399" m31="0.583092"
			m02="-0.0864134" m12="0.995967" m22="-0.0241192" m32="0.00600929"
			m03="0" m13="0" m23="0" m33="1"/>
		<transform name="Bip01 R Toe0"
			m00="0.991089" m10="0.0897467" m20="-0.0984291" m30="0.551064"
			m01="-0.098028" m11="-0.0088772" m21="-0.995144" m31="-0.578243"
			m02="-0.0901846" m12="0.995925" m22="-3.98541e-007" m32="0.00358776"
			m03="0" m13="0" m23="0" m33="1"/>
		<transform name="Bip01 L ForeTwist"
			m00="-0.421649" m10="-0.903606" m20="0.0755476" m30="-0.29461"
			m01="0.686858" m11="-0.263891" m21="0.67719" m31="0.0700995"
			m02="-0.591977" m12="0.337427" m22="0.731919" m32="1.76763"
			m03="0" m13="0" m23="0" m33="1"/>
		<transform name="Bip01 L Hand"
			m00="-0.269936" m10="-0.375768" m20="-0.886529" m30="-0.507016"
			m01="0.947874" m11="-0.265607" m21="-0.176033" m31="0.416104"
			m02="-0.169321" m12="-0.887835" m22="0.427878" m32="1.46942"
			m03="0" m13="0" m23="0" m33="1"/>
		<transform name="Bip01 L Forearm"
			m00="-0.421649" m10="-0.906582" m20="0.0179042" m30="-0.29461"
			m01="0.686858" m11="-0.306441" m21="0.659029" m31="0.0700995"
			m02="-0.591977" m12="0.290177" m22="0.751904" m32="1.76763"
			m03="0" m13="0" m23="0" m33="1"/>
		<transform name="Bip01 Prop3"
			m00="-0.866391" m10="-0.496837" m20="0.0501888" m30="0.150361"
			m01="-0.470608" m11="0.845978" m21="0.250699" m31="-0.216767"
			m02="-0.167015" m12="0.193584" m22="-0.966763" m32="1.18129"
			m03="0" m13="0" m23="0" m33="1"/>
		<transform name="Bip01 R Calf"
			m00="-0.56234" m10="0.826591" m20="-0.0228268" m30="0.484567"
			m01="-0.113503" m11="-0.104502" m21="-0.988026" m31="-0.462974"
			m02="-0.819079" m12="-0.553016" m22="0.152586" m32="0.757957"
			m03="0" m13="0" m23="0" m33="1"/>
		<transform name="Bip01 R Foot"
			m00="1.32436e-006" m10="0.995144" m20="-0.0984291" m30="0.123163"
			m01="2.39666e-007" m11="-0.0984291" m21="-0.995144" m31="-0.53592"
			m02="-1.0" m12="1.29554e-006" m22="-3.5483e-007" m32="0.231552"
			m03="0" m13="0" m23="0" m33="1"/>
		<transform name="Bip01 R UpperArm"
			m00="0.145336" m10="-0.852496" m20="-0.502123" m30="0.505628"
			m01="-0.790855" m11="-0.405051" m21="0.458783" m31="-0.358862"
			m02="-0.594496" m12="0.330429" m22="-0.733069" m32="1.90101"
			m03="0" m13="0" m23="0" m33="1"/>
		<transform name="Bip01 R Clavicle"
			m00="0.76772" m10="-0.634897" m20="-0.0866668" m30="0.375992"
			m01="-0.631381" m11="-0.726416" m21="-0.271435" m31="-0.252248"
			m02="0.109377" m12="0.263106" m22="-0.958547" m32="1.88254"
			m03="0" m13="0" m23="0" m33="1"/>
		<transform name="Bip01 R ForeTwist"
			m00="0.852899" m10="0.107988" m20="-0.510785" m30="0.566075"
			m01="0.402839" m11="-0.758464" m21="0.512302" m31="-0.687787"
			m02="-0.33209" m12="-0.642706" m22="-0.690395" m32="1.65376"
			m03="0" m13="0" m23="0" m33="1"/>
		<transform name="Bip01 R Hand"
			m00="0.391588" m10="-0.882595" m20="-0.260164" m30="0.995722"
			m01="0.811093" m11="0.197581" m21="0.550536" m31="-0.484857"
			m02="-0.434497" m12="-0.4266" m22="0.793236" m32="1.48647"
			m03="0" m13="0" m23="0" m33="1"/>
		<transform name="Bip01 R Forearm"
			m00="0.852899" m10="0.142952" m20="-0.502123" m30="0.566075"
			m01="0.402839" m11="-0.791984" m21="0.458783" m31="-0.687787"
			m02="-0.33209" m12="-0.59357" m22="-0.733069" m32="1.65376"
			m03="0" m13="0" m23="0" m33="1"/>
		<transform name="Bip01 R Finger1"
			m00="-0.647545" m10="-0.760202" m20="-0.0527083" m30="1.16614"
			m01="0.556" m11="-0.518638" m21="0.649521" m31="-0.131877"
			m02="-0.521104" m12="0.391289" m22="0.758514" m32="1.29738"
			m03="0" m13="0" m23="0" m33="1"/>
		<transform name="Bip01 R Finger0"
			m00="-0.828689" m10="0.054916" m20="-0.557009" m30="0.979382"
			m01="0.495524" m11="-0.390749" m21="-0.775739" m31="-0.1776"
			m02="-0.260251" m12="-0.918858" m22="0.296597" m32="1.56311"
			m03="0" m13="0" m23="0" m33="1"/>
		<transform name="Bip01 R Finger01"
			m00="-0.244718" m10="0.793633" m20="-0.557009" m30="0.810897"
			m01="-0.187966" m11="-0.60241" m21="-0.775739" m31="-0.076853"
			m02="-0.9512" m12="-0.0851384" m22="0.296597" m32="1.5102"
			m03="0" m13="0" m23="0" m33="1"/>
		<transform name="Bip01 R Finger11"
			m00="-0.876861" m10="0.477846" m20="-0.0527083" m30="1.02123"
			m01="-0.393566" m11="-0.650559" m21="0.649521" m31="-0.00745933"
			m02="0.276082" m12="0.590284" m22="0.758514" m32="1.18077"
			m03="0" m13="0" m23="0" m33="1"/>
		<transform name="Bip01 L Finger1"
			m00="-0.438338" m10="0.104311" m20="-0.892737" m30="-0.624489"
			m01="0.613457" m11="-0.691206" m21="-0.381974" m31="0.82861"
			m02="-0.656909" m12="-0.715089" m22="0.238992" m32="1.39574"
			m03="0" m13="0" m23="0" m33="1"/>
		<transform name="Bip01 L Finger0"
			m00="0.245977" m10="-0.946126" m20="-0.210574" m30="-0.371885"
			m01="0.274036" m11="-0.140503" m21="0.9514" m31="0.644653"
			m02="-0.929731" m12="-0.291728" m22="0.224712" m32="1.29606"
			m03="0" m13="0" m23="0" m33="1"/>
		<transform name="Bip01 L Finger01"
			m00="-0.177874" m10="-0.961259" m20="-0.210574" m30="-0.321874"
			m01="0.18874" m11="-0.243339" m21="0.9514" m31="0.700369"
			m02="-0.965783" m12="0.129486" m22="0.224712" m32="1.10703"
			m03="0" m13="0" m23="0" m33="1"/>
		<transform name="Bip01 L Finger11"
			m00="-0.214317" m10="0.396345" m20="-0.892737" m30="-0.722577"
			m01="-0.106594" m11="-0.918005" m21="-0.381974" m31="0.965885"
			m02="-0.97093" m12="0.013297" m22="0.238992" m32="1.24874"
			m03="0" m13="0" m23="0" m33="1"/>
		<transform name="Bip01 Tail2"
			m00="-0.472156" m10="-0.881246" m20="0.0217614" m30="-0.659557"
			m01="0.039281" m11="0.00362868" m21="0.999222" m31="-0.1989"
			m02="-0.880639" m12="0.472644" m22="0.0329029" m32="0.952091"
			m03="0" m13="0" m23="0" m33="1"/>
		<transform name="Bip01 Tail1"
			m00="-0.694821" m10="-0.719178" m20="-0.00286416" m30="-0.419393"
			m01="0.0844754" m11="-0.0855681" m21="0.992745" m31="-0.228127"
			m02="-0.714205" m12="0.689538" m22="0.120207" m32="1.19934"
			m03="0" m13="0" m23="0" m33="1"/>
		<transform name="Bip01 Ponytail11"
			m00="-0.799589" m10="-0.308375" m20="-0.515327" m30="0.08719"
			m01="-0.555013" m11="0.0516907" m21="0.830234" m31="0.0303976"
			m02="-0.229386" m12="0.949859" m22="-0.212484" m32="2.31744"
			m03="0" m13="0" m23="0" m33="1"/>
		<transform name="Bip01 Ponytail12"
			m00="-0.656278" m10="-0.127988" m20="-0.743585" m30="-0.200793"
			m01="-0.739154" m11="-0.0888162" m21="0.667655" m31="-0.169498"
			m02="-0.151494" m12="0.987791" m22="-0.0363148" m32="2.23453"
			m03="0" m13="0" m23="0" m33="1"/>
		<transform name="Bip01 Prop2"
			m00="-0.972362" m10="0.167104" m20="0.163062" m30="0.85734"
			m01="0.0154041" m11="0.74279" m21="-0.669347" m31="0.482592"
			m02="-0.232972" m12="-0.648336" m22="-0.724835" m32="1.94714"
			m03="0" m13="0" m23="0" m33="1"/>
		<transform name="Bip01 Prop1"
			m00="0.0" m10="0.0" m20="0.0" m30="0.607593"
			m01="0.0" m11="0.0" m21="0.0" m31="-0.50202"
			m02="0.0" m12="0.0" m22="0.0" m32="1.33275"
			m03="0" m13="0" m23="0" m33="1"/>
	</frame>
	<frame index="1">
		<transform name="Bip01 R Thigh"
			m00="0.747148" m10="0.661499" m20="-0.0647211" m30="-0.0212702"
			m01="-0.164466" m11="0.0896525" m21="-0.9823" m31="-0.35476"
			m02="-0.643988" m12="0.744568" m22="0.175778" m32="1.19075"
			m03="0" m13="0" m23="0" m33="1"/>
		<transform name="Bip01 Pelvis"
			m00="0.668793" m10="0.743317" m20="0.014002" m30="-0.0190963"
			m01="-0.221826" m11="0.181539" m21="0.958038" m31="-0.206016"
			m02="0.709584" m12="-0.643835" m22="0.286299" m32="1.2352"
			m03="0" m13="0" m23="0" m33="1"/>
		<transform name="Bip01 Tail"
			m00="-0.904317" m10="-0.42636" m20="-0.0206954" m30="-0.143956"
			m01="0.0753214" m11="-0.207104" m21="0.975415" m31="-0.231119"
			m02="-0.420164" m12="0.880525" m22="0.219402" m32="1.32526"
			m03="0" m13="0" m23="0" m33="1"/>
		<transform name="Bip01 L Thigh"
			m00="-0.355939" m10="0.4978" m20="0.790887" m30="-0.0169223"
			m01="0.641554" m11="0.745534" m21="-0.180522" m31="-0.0572724"
			m02="-0.679497" m12="0.443141" m22="-0.58473" m32="1.27965"
			m03="0" m13="0" m23="0" m33="1"/>
		<transform name="Bip01 Spine"
			m00="0.570269" m10="0.775916" m20="-0.269719" m30="0.0822018"
			m01="-0.0229716" m11="0.343277" m21="0.938953" m31="-0.239705"
			m02="0.821137" m12="-0.52926" m22="0.213584" m32="1.34288"
			m03="0" m13="0" m23="0" m33="1"/>
		<transform name="Bip01 L Calf"
			m00="-0.607997" m10="0.0695558" m20="0.790887" m30="-0.250291"
			m01="-0.123189" m11="0.975826" m21="-0.180522" m31="0.363356"
			m02="-0.784324" m12="-0.207185" m22="-0.58473" m32="0.834143"
			m03="0" m13="0" m23="0" m33="1"/>
		<transform name="Bip01 L Foot"
			m00="-0.130431" m10="0.548561" m20="0.825874" m30="-0.641037"
			m01="-0.20016" m11="0.801269" m21="-0.563829" m31="0.284185"
			m02="-0.971043" m12="-0.238848" m22="0.00528977" m32="0.330074"
			m03="0" m13="0" m23="0" m33="1"/>
		<transform name="Bip01 Spine2"
			m00="0.197468" m10="0.662354" m20="-0.722699" m30="0.266432"
			m01="0.274083" m11="0.670512" m21="0.689414" m31="-0.216374"
			m02="0.941215" m12="-0.334217" m22="-0.049135" m32="1.66773"
			m03="0" m13="0" m23="0" m33="1"/>
		<transform name="Bip01 L UpperArm"
			m00="-0.916042" m10="-0.39735" m20="0.0546002" m30="0.113936"
			m01="0.314801" m11="-0.627933" m21="0.711759" m31="0.0163015"
			m02="-0.248532" m12="0.669189" m22="0.700298" m32="1.83231"
			m03="0" m13="0" m23="0" m33="1"/>
		<transform name="Bip01 L Clavicle"
			m00="-0.722701" m10="-0.662509" m20="0.196941" m30="0.23597"
			m01="0.689412" m11="-0.670732" m21="0.273549" m31="-0.100112"
			m02="-0.0491342" m12="0.333467" m22="0.94148" m32="1.84061"
			m03="0" m13="0" m23="0" m33="1"/>
		<transform name="Bip01 Neck"
			m00="0.565769" m10="0.397003" m20="-0.7227" m30="0.303608"
			m01="0.630923" m11="0.355873" m21="0.689413" m31="-0.164745"
			m02="0.530888" m12="-0.846017" m22="-0.0491365" m32="1.84534"
			m03="0" m13="0" m23="0" m33="1"/>
		<transform name="Bip01 Head"
			m00="0.178252" m10="0.980327" m20="0.0847677" m30="0.4104"
			m01="0.420098" m11="-0.153721" m21="0.894364" m31="-0.0456538"
			m02="0.8898" m12="-0.123811" m22="-0.439235" m32="1.94555"
			m03="0" m13="0" m23="0" m33="1"/>
		<transform name="Bip01 Spine1"
			m00="0.407862" m10="0.748236" m20="-0.523251" m30="0.189623"
			m01="0.147642" m11="0.511494" m21="0.846508" m31="-0.244113"
			m02="0.901028" m12="-0.422512" m22="0.0981477" m32="1.49778"
			m03="0" m13="0" m23="0" m33="1"/>
		<transform name="Bip01 Ponytail1"
			m00="-0.928273" m10="-0.349542" m20="-0.127002" m30="0.415451"
			m01="-0.22833" m11="0.266102" m21="0.936512" m31="0.178282"
			m02="-0.293555" m12="0.898338" m22="-0.326826" m32="2.40238"
			m03="0" m13="0" m23="0" m33="1"/>
		<transform name="Bip01 L Toe0"
			m00="0.533785" m10="0.0667272" m20="0.842983" m30="-0.434896"
			m01="0.841193" m11="0.0599704" m21="-0.537399" m31="0.583093"
			m02="-0.0864132" m12="0.995967" m22="-0.0241191" m32="0.00600894"
			m03="0" m13="0" m23="0" m33="1"/>
		<transform name="Bip01 R Toe0"
			m00="0.991089" m10="0.0897467" m20="-0.0984291" m30="0.551065"
			m01="-0.098028" m11="-0.00887714" m21="-0.995144" m31="-0.578244"
			m02="-0.0901846" m12="0.995925" m22="-3.82168e-007" m32="0.00358777"
			m03="0" m13="0" m23="0" m33="1"/>
		<transform name="Bip01 L ForeTwist"
			m00="-0.367401" m10="-0.922827" m20="0.115787" m30="-0.267056"
			m01="0.666463" m11="-0.174388" m21="0.724856" m31="0.147231"
			m02="-0.648725" m12="0.343481" m22="0.6791" m32="1.72895"
			m03="0" m13="0" m23="0" m33="1"/>
		<transform name="Bip01 L Hand"
			m00="-0.201324" m10="-0.399259" m20="-0.894461" m30="-0.452134"
			m01="0.953883" m11="-0.287482" m21="-0.0863759" m31="0.482961"
			m02="-0.222655" m12="-0.870601" m22="0.438723" m32="1.40215"
			m03="0" m13="0" m23="0" m33="1"/>
		<transform name="Bip01 L Forearm"
			m00="-0.367401" m10="-0.928459" m20="0.0546002" m30="-0.267056"
			m01="0.666463" m11="-0.22187" m21="0.711759" m31="0.147231"
			m02="-0.648725" m12="0.29789" m22="0.700298" m32="1.72895"
			m03="0" m13="0" m23="0" m33="1"/>
		<transform name="Bip01 Prop3"
			m00="-0.860854" m10="-0.508089" m20="0.0278686" m30="0.113185"
			m01="-0.491373" m11="0.844266" m21="0.213935" m31="-0.186963"
			m02="-0.132226" m12="0.170472" m22="-0.97645" m32="1.16497"
			m03="0" m13="0" m23="0" m33="1"/>
		<transform name="Bip01 R Calf"
			m00="-0.53748" m10="0.840789" m20="-0.0647211" m30="0.468591"
			m01="-0.114099" m11="-0.148553" m21="-0.9823" m31="-0.462591"
			m02="-0.835522" m12="-0.520582" m22="0.175778" m32="0.768524"
			m03="0" m13="0" m23="0" m33="1"/>
		<transform name="Bip01 R Foot"
			m00="1.25757e-006" m10="0.995144" m20="-0.0984291" m30="0.123163"
			m01="1.76599e-007" m11="-0.0984291" m21="-0.995144" m31="-0.53592"
			m02="-1.0" m12="1.31487e-006" m22="-3.38456e-007" m32="0.231552"
			m03="0" m13="0" m23="0" m33="1"/>
		<transform name="Bip01 R UpperArm"
			m00="0.166493" m10="-0.902383" m20="-0.397473" m30="0.4934"
			m01="-0.839876" m11="-0.340974" m21="0.422309" m31="-0.345684"
			m02="-0.516612" m12="0.263517" m22="-0.81466" m32="1.85811"
			m03="0" m13="0" m23="0" m33="1"/>
		<transform name="Bip01 R Clavicle"
			m00="0.722701" m10="-0.662509" m20="-0.196941" m30="0.371365"
			m01="-0.689412" m11="-0.670732" m21="-0.273549" m31="-0.22927"
			m02="0.0491341" m12="0.333467" m22="-0.94148" m32="1.84982"
			m03="0" m13="0" m23="0" m33="1"/>
		<transform name="Bip01 R ForeTwist"
			m00="0.90503" m10="0.114852" m20="-0.409548" m30="0.562646"
			m01="0.326943" m11="-0.803748" m21="0.497089" m31="-0.694997"
			m02="-0.272081" m12="-0.583779" m22="-0.764966" m32="1.64325"
			m03="0" m13="0" m23="0" m33="1"/>
		<transform name="Bip01 R Hand"
			m00="0.474596" m10="-0.837303" m20="-0.271445" m30="1.01855"
			m01="0.767794" m11="0.243011" m21="0.592821" m31="-0.5303"
			m02="-0.430407" m12="-0.489765" m22="0.758209" m32="1.50619"
			m03="0" m13="0" m23="0" m33="1"/>
		<transform name="Bip01 R Forearm"
			m00="0.90503" m10="0.151445" m20="-0.397473" m30="0.562646"
			m01="0.326943" m11="-0.845437" m21="0.422309" m31="-0.694997"
			m02="-0.272081" m12="-0.512153" m22="-0.81466" m32="1.64325"
			m03="0" m13="0" m23="0" m33="1"/>
		<transform name="Bip01 R Finger1"
			m00="-0.572126" m10="-0.818268" m20="-0.05576" m30="1.22509"
			m01="0.581292" m11="-0.452517" m21="0.67626" m31="-0.196163"
			m02="-0.578595" m12="0.354493" m22="0.734549" m32="1.31888"
			m03="0" m13="0" m23="0" m33="1"/>
		<transform name="Bip01 R Finger0"
			m00="-0.773468" m10="0.0864049" m20="-0.627918" m30="1.01888"
			m01="0.541918" m11="-0.423666" m21="-0.725832" m31="-0.220283"
			m02="-0.328743" m12="-0.901688" m22="0.280868" m32="1.57281"
			m03="0" m13="0" m23="0" m33="1"/>
		<transform name="Bip01 R Finger01"
			m00="-0.195581" m10="0.753303" m20="-0.627918" m30="0.861627"
			m01="-0.20214" m11="-0.657501" m21="-0.725832" m31="-0.110103"
			m02="-0.959629" m12="-0.0150319" m22="0.280868" m32="1.50597"
			m03="0" m13="0" m23="0" m33="1"/>
		<transform name="Bip01 R Finger11"
			m00="-0.918222" m10="0.39212" m20="-0.05576" m30="1.09707"
			m01="-0.323663" m11="-0.661751" m21="0.67626" m31="-0.0660853"
			m02="0.228276" m12="0.639005" m22="0.734549" m32="1.1894"
			m03="0" m13="0" m23="0" m33="1"/>
		<transform name="Bip01 L Finger1"
			m00="-0.397473" m10="0.0404332" m20="-0.916722" m30="-0.539748"
			m01="0.622378" m11="-0.722232" m21="-0.301706" m31="0.898082"
			m02="-0.674285" m12="-0.690468" m22="0.261903" m32="1.30526"
			m03="0" m13="0" m23="0" m33="1"/>
		<transform name="Bip01 L Finger0"
			m00="0.281853" m10="-0.949253" m20="-0.139561" m30="-0.301767"
			m01="0.20413" m11="-0.0827998" m21="0.975436" m31="0.690842"
			m02="-0.937491" m12="-0.303418" m22="0.170434" m32="1.21581"
			m03="0" m13="0" m23="0" m33="1"/>
		<transform name="Bip01 L Finger01"
			m00="-0.12399" m10="-0.98242" m20="-0.139561" m30="-0.244462"
			m01="0.153549" m11="-0.157948" m21="0.975436" m31="0.732345"
			m02="-0.980331" m12="0.0995145" m22="0.170434" m32="1.0252"
			m03="0" m13="0" m23="0" m33="1"/>
		<transform name="Bip01 L Finger11"
			m00="-0.242136" m10="0.317789" m20="-0.916722" m30="-0.628692"
			m01="-0.101866" m11="-0.947943" m21="-0.301706" m31="1.03735"
			m02="-0.96488" m12="0.0203288" m22="0.261903" m32="1.15437"
			m03="0" m13="0" m23="0" m33="1"/>
		<transform name="Bip01 Tail2"
			m00="-0.468824" m10="-0.883166" m20="-0.0149003" m30="-0.696019"
			m01="0.0531252" m11="-0.0450317" m21="0.997572" m31="-0.175901"
			m02="-0.881693" m12="0.466893" m22="0.0680303" m32="0.93167"
			m03="0" m13="0" m23="0" m33="1"/>
		<transform name="Bip01 Tail1"
			m00="-0.692523" m10="-0.720833" m20="-0.0284906" m30="-0.45665"
			m01="0.0841376" m11="-0.119931" m21="0.98921" m31="-0.205025"
			m02="-0.716473" m12="0.682654" m22="0.143704" m32="1.1797"
			m03="0" m13="0" m23="0" m33="1"/>
		<transform name="Bip01 Ponytail11"
			m00="-0.900256" m10="-0.229343" m20="-0.370054" m30="0.0811443"
			m01="-0.405686" m11="0.133485" m21="0.904213" m31="0.0959968"
			m02="-0.157978" m12="0.964149" m22="-0.213213" m32="2.29636"
			m03="0" m13="0" m23="0" m33="1"/>
		<transform name="Bip01 Ponytail12"
			m00="-0.754585" m10="-0.262595" m20="-0.60137" m30="-0.243061"
			m01="-0.598824" m11="-0.0992111" m21="0.794712" m31="-0.0501067"
			m02="-0.26835" m12="0.959792" m22="-0.0823852" m32="2.23918"
			m03="0" m13="0" m23="0" m33="1"/>
		<transform name="Bip01 Prop2"
			m00="-0.951884" m10="0.260103" m20="0.162057" m30="0.918947"
			m01="0.0738498" m11="0.707913" m21="-0.702428" m31="0.458987"
			m02="-0.297426" m12="-0.656663" m22="-0.69306" m32="1.92894"
			m03="0" m13="0" m23="0" m33="1"/>
		<transform name="Bip01 Prop1"
			m00="0.0" m10="0.0" m20="0.0" m30="0.631835"
			m01="0.0" m11="0.0" m21="0.0" m31="-0.554058"
			m02="0.0" m12="0.0" m22="0.0" m32="1.34982"
			m03="0" m13="0" m23="0" m33="1"/>
	</frame>
	<frame index="2">
		<transform name="Bip01 R Thigh"
			m00="0.771702" m10="0.626828" m20="-0.107531" m30="-0.0561"
			m01="-0.205944" m11="0.0863256" m21="-0.974749" m31="-0.326814"
			m02="-0.601717" m12="0.774361" m22="0.195709" m32="1.17453"
			m03="0" m13="0" m23="0" m33="1"/>
		<transform name="Bip01 Pelvis"
			m00="0.666825" m10="0.745212" m20="-0.00198506" m30="-0.0564082"
			m01="-0.207795" m11="0.188494" m21="0.959839" m31="-0.17779"
			m02="0.715658" m12="-0.639632" m22="0.280544" m32="1.21809"
			m03="0" m13="0" m23="0" m33="1"/>
		<transform name="Bip01 Tail"
			m00="-0.902891" m10="-0.428101" m20="-0.0389522" m30="-0.181535"
			m01="0.0641539" m11="-0.223793" m21="0.972523" m31="-0.204166"
			m02="-0.425056" m12="0.875583" m22="0.229525" m32="1.30741"
			m03="0" m13="0" m23="0" m33="1"/>
		<transform name="Bip01 L Thigh"
			m00="-0.33868" m10="0.49368" m20="0.800984" m30="-0.0567164"
			m01="0.651132" m11="0.737498" m21="-0.179233" m31="-0.0287669"
			m02="-0.679208" m12="0.460844" m22="-0.571227" m32="1.26164"
			m03="0" m13="0" m23="0" m33="1"/>
		<transform name="Bip01 Spine"
			m00="0.593496" m10="0.76527" m20="-0.249248" m30="0.0445929"
			m01="-0.0271047" m11="0.328517" m21="0.944109" m31="-0.209349"
			m02="0.804381" m12="-0.553569" m22="0.215716" m32="1.32669"
			m03="0" m13="0" m23="0" m33="1"/>
		<transform name="Bip01 L Calf"
			m00="-0.597496" m10="0.0377293" m20="0.800984" m30="-0.278769"
			m01="-0.17919" m11="0.96735" m21="-0.179233" m31="0.398142"
			m02="-0.781594" m12="-0.250619" m22="-0.571227" m32="0.816328"
			m03="0" m13="0" m23="0" m33="1"/>
		<transform name="Bip01 L Foot"
			m00="-0.0927977" m10="0.579144" m20="0.809927" m30="-0.662767"
			m01="-0.175762" m11="0.791135" m21="-0.585844" m31="0.28298"
			m02="-0.980049" m12="-0.19672" m22="0.028376" m32="0.314013"
			m03="0" m13="0" m23="0" m33="1"/>
		<transform name="Bip01 Spine2"
			m00="0.307255" m10="0.679226" m20="-0.666519" m30="0.24503"
			m01="0.268076" m11="0.610256" m21="0.745468" m31="-0.189123"
			m02="0.913088" m12="-0.407727" m22="0.00541963" m32="1.64292"
			m03="0" m13="0" m23="0" m33="1"/>
		<transform name="Bip01 L UpperArm"
			m00="-0.861468" m10="-0.497577" m20="0.101438" m30="0.127984"
			m01="0.39091" m11="-0.522285" m21="0.757897" m31="0.0571361"
			m02="-0.324133" m12="0.692557" m22="0.644439" m32="1.81652"
			m03="0" m13="0" m23="0" m33="1"/>
		<transform name="Bip01 L Clavicle"
			m00="-0.666521" m10="-0.679468" m20="0.306714" m30="0.240532"
			m01="0.745467" m11="-0.610471" m21="0.26759" m31="-0.0687426"
			m02="0.00542072" m12="0.406999" m22="0.913412" m32="1.8156"
			m03="0" m13="0" m23="0" m33="1"/>
		<transform name="Bip01 Neck"
			m00="0.662343" m10="0.34213" m20="-0.66652" m30="0.302916"
			m01="0.588832" m11="0.312338" m21="0.745468" m31="-0.13862"
			m02="0.463226" m12="-0.886224" m22="0.0054183" m32="1.81523"
			m03="0" m13="0" m23="0" m33="1"/>
		<transform name="Bip01 Head"
			m00="0.168052" m10="0.982843" m20="0.07602" m30="0.427938"
			m01="0.422605" m11="-0.1415" m21="0.8952" m31="-0.0274737"
			m02="0.890598" m12="-0.118314" m22="-0.439133" m32="1.90266"
			m03="0" m13="0" m23="0" m33="1"/>
		<transform name="Bip01 Spine1"
			m00="0.470592" m10="0.742934" m20="-0.476018" m30="0.156394"
			m01="0.135232" m11="0.472386" m21="0.870956" m31="-0.214531"
			m02="0.871926" m12="-0.474238" m22="0.121832" m32="1.47844"
			m03="0" m13="0" m23="0" m33="1"/>
		<transform name="Bip01 Ponytail1"
			m00="-0.967173" m10="-0.253614" m20="-0.0160159" m30="0.427627"
			m01="-0.0923471" m11="0.292057" m21="0.951932" m31="0.196659"
			m02="-0.236745" m12="0.922162" m22="-0.30589" m32="2.35941"
			m03="0" m13="0" m23="0" m33="1"/>
		<transform name="Bip01 L Toe0"
			m00="0.533785" m10="0.0667271" m20="0.842983" m30="-0.434896"
			m01="0.841193" m11="0.0599704" m21="-0.537399" m31="0.583092"
			m02="-0.0864132" m12="0.995967" m22="-0.0241191" m32="0.00600991"
			m03="0" m13="0" m23="0" m33="1"/>
		<transform name="Bip01 R Toe0"
			m00="0.991089" m10="0.0897467" m20="-0.0984291" m30="0.551064"
			m01="-0.098028" m11="-0.00887719" m21="-0.995144" m31="-0.578244"
			m02="-0.0901847" m12="0.995925" m22="-3.89535e-007" m32="0.00358779"
			m03="0" m13="0" m23="0" m33="1"/>
		<transform name="Bip01 L ForeTwist"
			m00="-0.310499" m10="-0.93602" m20="0.165699" m30="-0.230309"
			m01="0.639541" m11="-0.0767401" m21="0.764917" m31="0.21972"
			m02="-0.703262" m12="0.343477" m22="0.622451" m32="1.68171"
			m03="0" m13="0" m23="0" m33="1"/>
		<transform name="Bip01 L Hand"
			m00="-0.125279" m10="-0.426224" m20="-0.895901" m30="-0.386723"
			m01="0.953107" m11="-0.302448" m21="0.0106107" m31="0.541888"
			m02="-0.275486" m12="-0.85256" m22="0.444128" m32="1.32744"
			m03="0" m13="0" m23="0" m33="1"/>
		<transform name="Bip01 L Forearm"
			m00="-0.310499" m10="-0.945146" m20="0.101438" m30="-0.230309"
			m01="0.639541" m11="-0.12876" m21="0.757897" m31="0.21972"
			m02="-0.703262" m12="0.3002" m22="0.644439" m32="1.68171"
			m03="0" m13="0" m23="0" m33="1"/>
		<transform name="Bip01 Prop3"
			m00="-0.854537" m10="-0.519363" m20="0.00538153" m30="0.0760843"
			m01="-0.510592" m11="0.841914" m21="0.174575" m31="-0.157232"
			m02="-0.0951985" m12="0.146433" m22="-0.984629" m32="1.14869"
			m03="0" m13="0" m23="0" m33="1"/>
		<transform name="Bip01 R Calf"
			m00="-0.508334" m10="0.85442" m20="-0.107531" m30="0.449859"
			m01="-0.115269" m11="-0.191254" m21="-0.974749" m31="-0.461839"
			m02="-0.85341" m12="-0.483103" m22="0.195709" m32="0.780021"
			m03="0" m13="0" m23="0" m33="1"/>
		<transform name="Bip01 R Foot"
			m00="1.34074e-006" m10="0.995144" m20="-0.0984291" m30="0.123163"
			m01="2.24393e-007" m11="-0.0984291" m21="-0.995144" m31="-0.53592"
			m02="-1.0" m12="1.28833e-006" m22="-3.45824e-007" m32="0.231552"
			m03="0" m13="0" m23="0" m33="1"/>
		<transform name="Bip01 R UpperArm"
			m00="0.177386" m10="-0.942346" m20="-0.283758" m30="0.47795"
			m01="-0.88342" m11="-0.279536" m21="0.37607" m31="-0.334281"
			m02="-0.433708" m12="0.183968" m22="-0.882073" m32="1.81367"
			m03="0" m13="0" m23="0" m33="1"/>
		<transform name="Bip01 R Clavicle"
			m00="0.666521" m10="-0.679468" m20="-0.306714" m30="0.365402"
			m01="-0.745467" m11="-0.610471" m21="-0.26759" m31="-0.208403"
			m02="-0.0054208" m12="0.406999" m22="-0.913412" m32="1.81459"
			m03="0" m13="0" m23="0" m33="1"/>
		<transform name="Bip01 R ForeTwist"
			m00="0.947352" m10="0.115539" m20="-0.298621" m30="0.551727"
			m01="0.252254" m11="-0.843723" m21="0.473814" m31="-0.701705"
			m02="-0.19721" m12="-0.524197" m22="-0.828448" m32="1.63329"
			m03="0" m13="0" m23="0" m33="1"/>
		<transform name="Bip01 R Hand"
			m00="0.556427" m10="-0.781247" m20="-0.282917" m30="1.02895"
			m01="0.721899" m11="0.285958" m21="0.63015" m31="-0.574632"
			m02="-0.411401" m12="-0.55487" m22="0.723096" m32="1.53394"
			m03="0" m13="0" m23="0" m33="1"/>
		<transform name="Bip01 R Forearm"
			m00="0.947352" m10="0.148342" m20="-0.283758" m30="0.551727"
			m01="0.252254" m11="-0.891594" m21="0.37607" m31="-0.701705"
			m02="-0.19721" m12="-0.42785" m22="-0.882073" m32="1.63329"
			m03="0" m13="0" m23="0" m33="1"/>
		<transform name="Bip01 R Finger1"
			m00="-0.487491" m10="-0.871008" m20="-0.0608075" m30="1.27111"
			m01="0.602936" m11="-0.38619" m21="0.698087" m31="-0.260468"
			m02="-0.631523" m12="0.303648" m22="0.713426" m32="1.35491"
			m03="0" m13="0" m23="0" m33="1"/>
		<transform name="Bip01 R Finger0"
			m00="-0.708404" m10="0.120822" m20="-0.695389" m30="1.04612"
			m01="0.584084" m11="-0.452765" m21="-0.673683" m31="-0.263666"
			m02="-0.396244" m12="-0.883406" m22="0.25017" m32="1.59356"
			m03="0" m13="0" m23="0" m33="1"/>
		<transform name="Bip01 R Finger01"
			m00="-0.140194" m10="0.704826" m20="-0.695389" m30="0.902093"
			m01="-0.214257" m11="-0.70728" m21="-0.673683" m31="-0.144914"
			m02="-0.966664" m12="0.0545456" m22="0.25017" m32="1.513"
			m03="0" m13="0" m23="0" m33="1"/>
		<transform name="Bip01 R Finger11"
			m00="-0.952481" m10="0.298467" m20="-0.0608075" m30="1.16202"
			m01="-0.254306" m11="-0.66933" m21="0.698087" m31="-0.125548"
			m02="0.167656" m12="0.680379" m22="0.713426" m32="1.21359"
			m03="0" m13="0" m23="0" m33="1"/>
		<transform name="Bip01 L Finger1"
			m00="-0.349478" m10="-0.0304256" m20="-0.93645" m30="-0.441243"
			m01="0.632271" m11="-0.74525" m21="-0.211746" m31="0.956671"
			m02="-0.691447" m12="-0.66609" m22="0.279686" m32="1.20755"
			m03="0" m13="0" m23="0" m33="1"/>
		<transform name="Bip01 L Finger0"
			m00="0.315096" m10="-0.947183" m20="-0.05966" m30="-0.221231"
			m01="0.128676" m11="-0.0196445" m21="0.991492" m31="0.726257"
			m02="-0.940296" m12="-0.320092" m22="0.11569" m32="1.12953"
			m03="0" m13="0" m23="0" m33="1"/>
		<transform name="Bip01 L Finger01"
			m00="-0.0683583" m10="-0.995875" m20="-0.05966" m30="-0.157167"
			m01="0.111567" m11="-0.0670554" m21="0.991492" m31="0.752419"
			m02="-0.991403" m12="0.0611206" m22="0.11569" m32="0.938352"
			m03="0" m13="0" m23="0" m33="1"/>
		<transform name="Bip01 L Finger11"
			m00="-0.26672" m10="0.227861" m20="-0.93645" m30="-0.519447"
			m01="-0.0880996" m11="-0.973346" m21="-0.211746" m31="1.09816"
			m02="-0.959739" m12="0.0260241" m22="0.279686" m32="1.05282"
			m03="0" m13="0" m23="0" m33="1"/>
		<transform name="Bip01 Tail2"
			m00="-0.466236" m10="-0.883073" m20="-0.0529724" m30="-0.732387"
			m01="0.0681386" m11="-0.0955471" m21="0.99309" m31="-0.152681"
			m02="-0.882033" m12="0.459405" m22="0.104719" m32="0.911455"
			m03="0" m13="0" m23="0" m33="1"/>
		<transform name="Bip01 Tail1"
			m00="-0.69045" m10="-0.721302" m20="-0.0547913" m30="-0.493735"
			m01="0.0844472" m11="-0.155597" m21="0.984204" m31="-0.181926"
			m02="-0.718434" m12="0.674917" m22="0.168344" m32="1.16016"
			m03="0" m13="0" m23="0" m33="1"/>
		<transform name="Bip01 Ponytail11"
			m00="-0.971328" m10="-0.118318" m20="-0.206212" m30="0.079276"
			m01="-0.227081" m11="0.204858" m21="0.952086" m31="0.163336"
			m02="-0.0704047" m12="0.971614" m22="-0.225852" m32="2.27386"
			m03="0" m13="0" m23="0" m33="1"/>
		<transform name="Bip01 Ponytail12"
			m00="-0.813495" m10="-0.399876" m20="-0.422286" m30="-0.270491"
			m01="-0.443089" m11="-0.0441636" m21="0.895389" m31="0.0815518"
			m02="-0.376694" m12="0.915505" m22="-0.141254" m32="2.24823"
			m03="0" m13="0" m23="0" m33="1"/>
		<transform name="Bip01 Prop2"
			m00="-0.920767" m10="0.354981" m20="0.161791" m30="0.968575"
			m01="0.130223" m11="0.670622" m21="-0.730279" m31="0.430196"
			m02="-0.367736" m12="-0.651348" m22="-0.663714" m32="1.92638"
			m03="0" m13="0" m23="0" m33="1"/>
		<transform name="Bip01 Prop1"
			m00="0.0" m10="0.0" m20="0.0" m30="0.643758"
			m01="0.0" m11="0.0" m21="0.0" m31="-0.604963"
			m02="0.0" m12="0.0" m22="0.0" m32="1.37498"
			m03="0" m13="0" m23="0" m33="1"/>
	</frame>
	<frame index="3">
		<transform name="Bip01 R Thigh"
			m00="0.791854" m10="0.591783" m20="-0.150862" m30="-0.0907413"
			m01="-0.24642" m11="0.0835835" m21="-0.965552" m31="-0.29898"
			m02="-0.558788" m12="0.801752" m22="0.212013" m32="1.15842"
			m03="0" m13="0" m23="0" m33="1"/>
		<transform name="Bip01 Pelvis"
			m00="0.664622" m10="0.746966" m20="-0.0178671" m30="-0.0935154"
			m01="-0.193835" m11="0.195462" m21="0.961365" m31="-0.149719"
			m02="0.7216" m12="-0.635481" m22="0.274696" m32="1.20107"
			m03="0" m13="0" m23="0" m33="1"/>
		<transform name="Bip01 Tail"
			m00="-0.901356" m10="-0.429274" m20="-0.0572829" m30="-0.218884"
			m01="0.0531978" m11="-0.241014" m21="0.969063" m31="-0.177369"
			m02="-0.429799" m12="0.870423" m22="0.240075" m32="1.28967"
			m03="0" m13="0" m23="0" m33="1"/>
		<transform name="Bip01 L Thigh"
			m00="-0.313705" m10="0.490956" m20="0.812744" m30="-0.0962894"
			m01="0.666691" m11="0.723364" m21="-0.179633" m31="-0.000458962"
			m02="-0.676101" m12="0.485497" m22="-0.554238" m32="1.24372"
			m03="0" m13="0" m23="0" m33="1"/>
		<transform name="Bip01 Spine"
			m00="0.616313" m10="0.753761" m20="-0.228043" m30="0.0071535"
			m01="-0.0318213" m11="0.313178" m21="0.949161" m31="-0.179159"
			m02="0.786858" m12="-0.577724" m22="0.217001" m32="1.31058"
			m03="0" m13="0" m23="0" m33="1"/>
		<transform name="Bip01 L Calf"
			m00="-0.582596" m10="0.0054081" m20="0.812744" m30="-0.301967"
			m01="-0.241742" m11="0.953568" m21="-0.179633" m31="0.436651"
			m02="-0.775978" m12="-0.301128" m22="-0.554238" m32="0.80044"
			m03="0" m13="0" m23="0" m33="1"/>
		<transform name="Bip01 L Foot"
			m00="-0.0665791" m10="0.596925" m20="0.79953" m30="-0.67639"
			m01="-0.156908" m11="0.785074" m21="-0.599198" m31="0.281288"
			m02="-0.985367" m12="-0.165346" m22="0.0413925" m32="0.301735"
			m03="0" m13="0" m23="0" m33="1"/>
		<transform name="Bip01 Spine2"
			m00="0.414004" m10="0.684416" m20="-0.600146" m30="0.22332"
			m01="0.253633" m11="0.546459" m21="0.798156" m31="-0.162725"
			m02="0.874226" m12="-0.482657" m22="0.0526455" m32="1.61726"
			m03="0" m13="0" m23="0" m33="1"/>
		<transform name="Bip01 L UpperArm"
			m00="-0.790672" m10="-0.591546" m20="0.157834" m30="0.143829"
			m01="0.457636" m11="-0.399781" m21="0.794194" m31="0.0946428"
			m02="-0.406703" m12="0.700177" m22="0.586808" m32="1.79593"
			m03="0" m13="0" m23="0" m33="1"/>
		<transform name="Bip01 L Clavicle"
			m00="-0.600148" m10="-0.684744" m20="0.413459" m30="0.245169"
			m01="0.798155" m11="-0.546663" m21="0.253198" m31="-0.0401328"
			m02="0.0526468" m12="0.481961" m22="0.87461" m32="1.78704"
			m03="0" m13="0" m23="0" m33="1"/>
		<transform name="Bip01 Neck"
			m00="0.74929" m10="0.279979" m20="-0.600147" m30="0.301345"
			m01="0.537928" m11="0.27126" m21="0.798155" m31="-0.114939"
			m02="0.386262" m12="-0.920886" m22="0.0526443" m32="1.78225"
			m03="0" m13="0" m23="0" m33="1"/>
		<transform name="Bip01 Head"
			m00="0.157977" m10="0.985157" m20="0.0671559" m30="0.442778"
			m01="0.425167" m11="-0.129246" m21="0.89584" m31="-0.0134016"
			m02="0.891222" m12="-0.11297" m22="-0.439274" m32="1.85516"
			m03="0" m13="0" m23="0" m33="1"/>
		<transform name="Bip01 Spine1"
			m00="0.531187" m10="0.732744" m20="-0.425354" m30="0.123259"
			m01="0.119754" m11="0.432065" m21="0.893856" m31="-0.185224"
			m02="0.838749" m12="-0.525743" m22="0.141758" m32="1.45903"
			m03="0" m13="0" m23="0" m33="1"/>
		<transform name="Bip01 Ponytail1"
			m00="-0.983205" m10="-0.157398" m20="0.0923755" m30="0.437185"
			m01="0.0407614" m11="0.303985" m21="0.951805" m31="0.210957"
			m02="-0.177893" m12="0.939585" m22="-0.292464" m32="2.31176"
			m03="0" m13="0" m23="0" m33="1"/>
		<transform name="Bip01 L Toe0"
			m00="0.533785" m10="0.0667273" m20="0.842983" m30="-0.434896"
			m01="0.841193" m11="0.0599705" m21="-0.537399" m31="0.583092"
			m02="-0.0864133" m12="0.995967" m22="-0.0241191" m32="0.00600914"
			m03="0" m13="0" m23="0" m33="1"/>
		<transform name="Bip01 R Toe0"
			m00="0.991089" m10="0.0897467" m20="-0.0984291" m30="0.551065"
			m01="-0.098028" m11="-0.00887722" m21="-0.995144" m31="-0.578244"
			m02="-0.0901846" m12="0.995925" m22="-4.20306e-007" m32="0.00358777"
			m03="0" m13="0" m23="0" m33="1"/>
		<transform name="Bip01 L ForeTwist"
			m00="-0.251915" m10="-0.94134" m20="0.224541" m30="-0.18502"
			m01="0.606978" m11="0.0270218" m21="0.794259" m31="0.284978"
			m02="-0.753735" m12="0.336377" m22="0.564566" m32="1.62678"
			m03="0" m13="0" m23="0" m33="1"/>
		<transform name="Bip01 L Hand"
			m00="-0.0425313" m10="-0.455407" m20="-0.889267" m30="-0.311922"
			m01="0.944619" m11="-0.308224" m21="0.112667" m31="0.590743"
			m02="-0.325403" m12="-0.835226" m22="0.443295" m32="1.24709"
			m03="0" m13="0" m23="0" m33="1"/>
		<transform name="Bip01 L Forearm"
			m00="-0.251915" m10="-0.954792" m20="0.157834" m30="-0.18502"
			m01="0.606978" m11="-0.0288609" m21="0.794194" m31="0.284978"
			m02="-0.753735" m12="0.295871" m22="0.586808" m32="1.62678"
			m03="0" m13="0" m23="0" m33="1"/>
		<transform name="Bip01 Prop3"
			m00="-0.847416" m10="-0.530662" m20="-0.0168837" m30="0.0391593"
			m01="-0.52792" m11="0.838804" m21="0.133075" m31="-0.127656"
			m02="-0.0564554" m12="0.121683" m22="-0.990962" m32="1.13248"
			m03="0" m13="0" m23="0" m33="1"/>
		<transform name="Bip01 R Calf"
			m00="-0.474992" m10="0.866962" m20="-0.150862" m30="0.428431"
			m01="-0.117287" m11="-0.232277" m21="-0.965552" m31="-0.460543"
			m02="-0.872139" m12="-0.440935" m22="0.212013" m32="0.792057"
			m03="0" m13="0" m23="0" m33="1"/>
		<transform name="Bip01 R Foot"
