<?xml version="1.0" encoding="ISO-8859-1" standalone="yes"?>

<!DOCTYPE animation [
	<!ELEMENT animation  (frame+)>
	<!ELEMENT frame      (transform+)>
	<!ELEMENT transform   EMPTY>
	<!ATTLIST frame index CDATA #REQUIRED>
	<!ATTLIST transform name CDATA #REQUIRED>
	<!ATTLIST transform m00 CDATA #REQUIRED>
	<!ATTLIST transform m01 CDATA #REQUIRED>
	<!ATTLIST transform m02 CDATA #REQUIRED>
	<!ATTLIST transform m03 CDATA #REQUIRED>
	<!ATTLIST transform m10 CDATA #REQUIRED>
	<!ATTLIST transform m11 CDATA #REQUIRED>
	<!ATTLIST transform m12 CDATA #REQUIRED>
	<!ATTLIST transform m13 CDATA #REQUIRED>
	<!ATTLIST transform m20 CDATA #REQUIRED>
	<!ATTLIST transform m21 CDATA #REQUIRED>
	<!ATTLIST transform m22 CDATA #REQUIRED>
	<!ATTLIST transform m23 CDATA #REQUIRED>
	<!ATTLIST transform m30 CDATA #REQUIRED>
	<!ATTLIST transform m31 CDATA #REQUIRED>
	<!ATTLIST transform m32 CDATA #REQUIRED>
	<!ATTLIST transform m33 CDATA #REQUIRED>
]>

<animation>
	<frame index="0">
		<transform name="pBip Pelvis"
			m00="0.0435785" m10="0.866025" m20="-0.498097" m30="0.000148588"
			m01="-0.0754803" m11="0.5" m21="0.86273" m31="-0.047809"
			m02="0.996195" m12="1.20868e-007" m22="0.0871571" m32="0.437309"
			m03="0" m13="0" m23="0" m33="1"/>
		<transform name="pBip Spine"
			m00="0.395005" m10="0.899246" m20="-0.187958" m30="-0.0308382"
			m01="-0.0687902" m11="0.232973" m21="0.970047" m31="-0.0793538"
			m02="0.9161" m12="-0.370244" m22="0.153885" m32="0.572743"
			m03="0" m13="0" m23="0" m33="1"/>
		<transform name="pBip L Thigh"
			m00="0.0996733" m10="0.235246" m20="0.966812" m30="-0.0640027"
			m01="0.0835126" m11="0.966244" m21="-0.243717" m31="0.0633048"
			m02="-0.991509" m12="0.105033" m22="0.0766628" m32="0.448534"
			m03="0" m13="0" m23="0" m33="1"/>
		<transform name="pBip Spine1"
			m00="0.0597107" m10="0.994186" m20="0.0896021" m30="0.0109464"
			m01="0.0527602" m11="-0.09278" m21="0.994288" m31="-0.0866373"
			m02="0.99682" m12="-0.0546421" m22="-0.0579934" m32="0.669849"
			m03="0" m13="0" m23="0" m33="1"/>
		<transform name="pBip L Calf"
			m00="-0.00362078" m10="0.255465" m20="0.966812" m30="-0.0473038"
			m01="-0.313101" m11="0.917916" m21="-0.243717" m31="0.0772962"
			m02="-0.949713" m12="-0.303592" m22="0.0766628" m32="0.28242"
			m03="0" m13="0" m23="0" m33="1"/>
		<transform name="pBip L Foot"
			m00="0.0" m10="0.536696" m20="0.843776" m30="-0.0479778"
			m01="1.34716e-006" m11="0.843776" m21="-0.536696" m31="0.0190095"
			m02="-1.0" m12="1.10967e-006" m22="-7.85571e-007" m32="0.105622"
			m03="0" m13="0" m23="0" m33="1"/>
		<transform name="pBip Tail"
			m00="-0.0428879" m10="0.866059" m20="0.498098" m30="0.0505609"
			m01="0.0758774" m11="0.499941" m21="-0.862729" m31="-0.0162342"
			m02="-0.996194" m12="0.000793726" m22="-0.0871558" m32="0.412864"
			m03="0" m13="0" m23="0" m33="1"/>
		<transform name="pBip R Thigh"
			m00="0.583142" m10="0.807813" m20="-0.0859228" m30="0.0642999"
			m01="-0.0905073" m11="-0.0405053" m21="-0.995072" m31="-0.158923"
			m02="-0.807312" m12="0.588045" m22="0.0494926" m32="0.426084"
			m03="0" m13="0" m23="0" m33="1"/>
		<transform name="pBip R Calf"
			m00="-0.0977811" m10="0.991492" m20="-0.0859228" m30="0.161998"
			m01="-0.0410141" m11="-0.0902778" m21="-0.995072" m31="-0.174086"
			m02="-0.994362" m12="-0.0937752" m22="0.0494926" m32="0.29083"
			m03="0" m13="0" m23="0" m33="1"/>
		<transform name="pBip R Foot"
			m00="3.4414e-006" m10="1.0" m20="1.56593e-006" m30="0.143795"
			m01="1.77966e-006" m11="1.58346e-006" m21="-1.0" m31="-0.181721"
			m02="-1.0" m12="3.44916e-006" m22="-1.78932e-006" m32="0.10572"
			m03="0" m13="0" m23="0" m33="1"/>
		<transform name="pBip Spine2"
			m00="-0.208998" m10="0.882076" m20="0.42221" m30="0.0171977"
			m01="0.310838" m11="-0.349433" m21="0.883898" m31="-0.0810143"
			m02="0.9272" m12="0.315972" m22="-0.201152" m32="0.775479"
			m03="0" m13="0" m23="0" m33="1"/>
		<transform name="pBip L UpperArm"
			m00="0.125941" m10="-0.381885" m20="0.915589" m30="0.0513527"
			m01="0.69691" m11="0.690894" m21="0.192306" m31="0.0732278"
			m02="-0.706014" m12="0.613864" m22="0.353151" m32="0.850706"
			m03="0" m13="0" m23="0" m33="1"/>
		<transform name="pBip L Clavicle"
			m00="0.422208" m10="-0.881911" m20="-0.2097" m30="0.000458597"
			m01="0.883899" m11="0.349183" m21="0.311116" m31="-0.0333201"
			m02="-0.201153" m12="-0.31671" m22="0.926948" m32="0.874953"
			m03="0" m13="0" m23="0" m33="1"/>
		<transform name="pBip R UpperArm"
			m00="-0.326492" m10="-0.818117" m20="-0.473379" m30="-0.0631692"
			m01="-0.847946" m11="0.0322478" m21="0.529101" m31="-0.166526"
			m02="-0.417601" m12="0.574147" m22="-0.704247" m32="0.905268"
			m03="0" m13="0" m23="0" m33="1"/>
		<transform name="pBip R Clavicle"
			m00="-0.422208" m10="-0.881911" m20="0.2097" m30="-0.0122751"
			m01="-0.883899" m11="0.349183" m21="-0.311116" m31="-0.0599783"
			m02="0.201153" m12="-0.31671" m22="-0.926948" m32="0.88102"
			m03="0" m13="0" m23="0" m33="1"/>
		<transform name="pBip R Forearm"
			m00="0.69967" m10="-0.535139" m20="-0.473379" m30="-0.131137"
			m01="-0.259858" m11="-0.80779" m21="0.529101" m31="-0.343047"
			m02="-0.665534" m12="-0.247185" m22="-0.704247" m32="0.818334"
			m03="0" m13="0" m23="0" m33="1"/>
		<transform name="pBip R Hand"
			m00="0.67687" m10="0.171313" m20="0.71589" m30="-0.0167063"
			m01="-0.303328" m11="0.951045" m21="0.0592092" m31="-0.385546"
			m02="-0.6707" m12="-0.257227" m22="0.695698" m32="0.709486"
			m03="0" m13="0" m23="0" m33="1"/>
		<transform name="pBip Neck"
			m00="0.171691" m10="0.89009" m20="0.42221" m30="-0.00597318"
			m01="0.139913" m11="-0.446261" m21="0.883898" m31="-0.0466166"
			m02="0.975165" m12="-0.0926845" m22="-0.201154" m32="0.877993"
			m03="0" m13="0" m23="0" m33="1"/>
		<transform name="pBip L Forearm"
			m00="0.355624" m10="-0.187694" m20="0.915589" m30="0.0775704"
			m01="0.0226897" m11="0.981072" m21="0.192306" m31="0.218307"
			m02="-0.934354" m12="-0.0476141" m22="0.353151" m32="0.703732"
			m03="0" m13="0" m23="0" m33="1"/>
		<transform name="pBip L Hand"
			m00="0.352017" m10="-0.17202" m20="-0.920051" m30="0.135732"
			m01="0.109721" m11="-0.968606" m21="0.223078" m31="0.222018"
			m02="-0.92954" m12="-0.179476" m22="-0.322092" m32="0.550919"
			m03="0" m13="0" m23="0" m33="1"/>
		<transform name="pBip L Finger1"
			m00="0.352017" m10="-0.171287" m20="-0.920187" m30="0.200708"
			m01="0.109721" m11="-0.968783" m21="0.222306" m31="0.24227"
			m02="-0.92954" m12="-0.179219" m22="-0.322235" m32="0.379344"
			m03="0" m13="0" m23="0" m33="1"/>
		<transform name="pBip L Finger11"
			m00="0.0950589" m10="-0.379762" m20="-0.920187" m30="0.227283"
			m01="-0.671604" m11="-0.706773" m21="0.222306" m31="0.250553"
			m02="-0.734787" m12="0.596869" m22="-0.322235" m32="0.309169"
			m03="0" m13="0" m23="0" m33="1"/>
		<transform name="pBip L Finger0"
			m00="0.911801" m10="-0.382067" m20="0.150478" m30="0.290376"
			m01="-0.392904" m11="-0.705234" m21="0.590146" m31="0.191339"
			m02="-0.119353" m12="-0.597219" m22="-0.793149" m32="0.536223"
			m03="0" m13="0" m23="0" m33="1"/>
		<transform name="pBip L Finger01"
			m00="0.663536" m10="-0.732855" m20="0.150478" m30="0.376314"
			m01="-0.655019" m11="-0.471888" m21="0.590146" m31="0.154308"
			m02="-0.361483" m12="-0.490149" m22="-0.793149" m32="0.524974"
			m03="0" m13="0" m23="0" m33="1"/>
		<transform name="pBip Prop1"
			m00="0.183341" m10="-0.701469" m20="0.688714" m30="-0.115344"
			m01="0.95217" m11="0.300931" m21="0.0530295" m31="-0.411028"
			m02="-0.244454" m12="0.646051" m22="0.723091" m32="0.454237"
			m03="0" m13="0" m23="0" m33="1"/>
		<transform name="pBip Head"
			m00="-0.108185" m10="0.993947" m20="-0.0191162" m30="0.00975304"
			m01="-0.0106563" m11="0.0180685" m21="0.99978" m31="-0.0338012"
			m02="0.994074" m12="0.108364" m22="0.00863706" m32="0.967315"
			m03="0" m13="0" m23="0" m33="1"/>
		<transform name="pBip Ponytail1"
			m00="-0.109326" m10="-0.993901" m20="0.014404" m30="0.0580736"
			m01="0.00800417" m11="-0.0153706" m21="-0.99985" m31="-0.0367078"
			m02="0.993974" m12="-0.109195" m22="0.00963578" m32="1.4105"
			m03="0" m13="0" m23="0" m33="1"/>
		<transform name="pBip L Toe0"
			m00="0.536696" m10="0.0" m20="0.843776" m30="0.0119849"
			m01="0.843776" m11="-1.17271e-006" m21="-0.536696" m31="0.113281"
			m02="9.43259e-007" m12="1.0" m22="-7.22153e-007" m32="0.00292028"
			m03="0" m13="0" m23="0" m33="1"/>
		<transform name="pBip R Toe0"
			m00="1.0" m10="-3.4414e-006" m20="1.56593e-006" m30="0.255521"
			m01="1.58346e-006" m11="-1.77966e-006" m21="-1.0" m31="-0.181721"
			m02="3.44916e-006" m12="1.0" m22="-1.78932e-006" m32="0.00301832"
			m03="0" m13="0" m23="0" m33="1"/>
	</frame>
	<frame index="1">
		<transform name="pBip Pelvis"
			m00="0.0435785" m10="0.866025" m20="-0.498097" m30="0.000148588"
			m01="-0.0754803" m11="0.5" m21="0.86273" m31="-0.0479974"
			m02="0.996195" m12="1.20868e-007" m22="0.0871571" m32="0.437422"
			m03="0" m13="0" m23="0" m33="1"/>
		<transform name="pBip Spine"
			m00="0.394799" m10="0.899342" m20="-0.187931" m30="-0.0308382"
			m01="-0.0688404" m11="0.232928" m21="0.970054" m31="-0.0795422"
			m02="0.916185" m12="-0.370039" m22="0.153871" m32="0.572856"
			m03="0" m13="0" m23="0" m33="1"/>
		<transform name="pBip L Thigh"
			m00="0.0993532" m10="0.235351" m20="0.966819" m30="-0.0640027"
			m01="0.082847" m11="0.966296" m21="-0.243737" m31="0.0631164"
			m02="-0.991597" m12="0.104314" m22="0.0765065" m32="0.448647"
			m03="0" m13="0" m23="0" m33="1"/>
		<transform name="pBip Spine1"
			m00="0.059504" m10="0.994193" m20="0.0896697" m30="0.0109245"
			m01="0.0527276" m11="-0.0928339" m21="0.994285" m31="-0.086831"
			m02="0.996835" m12="-0.0544358" m22="-0.0579454" m32="0.669972"
			m03="0" m13="0" m23="0" m33="1"/>
		<transform name="pBip L Calf"
			m00="-0.00333286" m10="0.255441" m20="0.966819" m30="-0.0473574"
			m01="-0.311491" m11="0.918458" m21="-0.243737" m31="0.0769963"
			m02="-0.950243" m12="-0.301968" m22="0.0765065" m32="0.282519"
			m03="0" m13="0" m23="0" m33="1"/>
		<transform name="pBip L Foot"
			m00="0.0" m10="0.536696" m20="0.843776" m30="-0.0479779"
			m01="1.34716e-006" m11="0.843776" m21="-0.536696" m31="0.0190093"
			m02="-1.0" m12="1.10967e-006" m22="-7.85571e-007" m32="0.105622"
			m03="0" m13="0" m23="0" m33="1"/>
		<transform name="pBip Tail"
			m00="-0.0428879" m10="0.866059" m20="0.498098" m30="0.0505609"
			m01="0.0758774" m11="0.499941" m21="-0.862729" m31="-0.0164226"
			m02="-0.996194" m12="0.000793726" m22="-0.0871558" m32="0.412978"
			m03="0" m13="0" m23="0" m33="1"/>
		<transform name="pBip R Thigh"
			m00="0.582422" m10="0.808347" m20="-0.0857827" m30="0.0642999"
			m01="-0.0899297" m11="-0.0408069" m21="-0.995112" m31="-0.159111"
			m02="-0.807897" m12="0.58729" m22="0.0489276" m32="0.426197"
			m03="0" m13="0" m23="0" m33="1"/>
		<transform name="pBip R Calf"
			m00="-0.0971331" m10="0.991568" m20="-0.0857827" m30="0.161877"
			m01="-0.0405216" m11="-0.0900587" m21="-0.995112" m31="-0.174178"
			m02="-0.994446" m12="-0.0931823" m22="0.0489276" m32="0.290845"
			m03="0" m13="0" m23="0" m33="1"/>
		<transform name="pBip R Foot"
			m00="3.4414e-006" m10="1.0" m20="1.56593e-006" m30="0.143795"
			m01="1.77966e-006" m11="1.58346e-006" m21="-1.0" m31="-0.181721"
			m02="-1.0" m12="3.44916e-006" m22="-1.78932e-006" m32="0.10572"
			m03="0" m13="0" m23="0" m33="1"/>
		<transform name="pBip Spine2"
			m00="-0.208862" m10="0.882069" m20="0.422293" m30="0.0171539"
			m01="0.310699" m11="-0.349593" m21="0.883884" m31="-0.0812114"
			m02="0.927277" m12="0.315816" m22="-0.201041" m32="0.775603"
			m03="0" m13="0" m23="0" m33="1"/>
		<transform name="pBip L UpperArm"
			m00="0.125626" m10="-0.382722" m20="0.915282" m30="0.0513352"
			m01="0.699648" m11="0.688271" m21="0.191769" m31="0.0730133"
			m02="-0.703357" m12="0.616285" m22="0.354235" m32="0.850853"
			m03="0" m13="0" m23="0" m33="1"/>
		<transform name="pBip L Clavicle"
			m00="0.422291" m10="-0.881903" m20="-0.209565" m30="0.000431011"
			m01="0.883885" m11="0.349343" m21="0.310978" m31="-0.0335328"
			m02="-0.201042" m12="-0.316554" m22="0.927025" m32="0.875088"
			m03="0" m13="0" m23="0" m33="1"/>
		<transform name="pBip R UpperArm"
			m00="-0.327031" m10="-0.818244" m20="-0.472786" m30="-0.0632094"
			m01="-0.8495" m11="0.0353644" m21="0.526402" m31="-0.166737"
			m02="-0.414006" m12="0.573782" m22="-0.706664" m32="0.905385"
			m03="0" m13="0" m23="0" m33="1"/>
		<transform name="pBip R Clavicle"
			m00="-0.422291" m10="-0.881903" m20="0.209565" m30="-0.0123052"
			m01="-0.883885" m11="0.349343" m21="-0.310978" m31="-0.0601906"
			m02="0.201042" m12="-0.316554" m22="-0.927025" m32="0.881151"
			m03="0" m13="0" m23="0" m33="1"/>
		<transform name="pBip R Forearm"
			m00="0.700411" m10="-0.534694" m20="-0.472786" m30="-0.131289"
			m01="-0.262126" m11="-0.808821" m21="0.526402" m31="-0.343581"
			m02="-0.663864" m12="-0.244768" m22="-0.706664" m32="0.8192"
			m03="0" m13="0" m23="0" m33="1"/>
		<transform name="pBip R Hand"
			m00="0.677626" m10="0.171348" m20="0.715166" m30="-0.0167373"
			m01="-0.305619" m11="0.950137" m21="0.0619318" m31="-0.386451"
			m02="-0.668894" m12="-0.260535" m22="0.696206" m32="0.710625"
			m03="0" m13="0" m23="0" m33="1"/>
		<transform name="pBip Neck"
			m00="0.171811" m10="0.890028" m20="0.422293" m30="-0.00600201"
			m01="0.13972" m11="-0.44635" m21="0.883884" m31="-0.0468291"
			m02="0.975172" m12="-0.0928581" m22="-0.201043" m32="0.878126"
			m03="0" m13="0" m23="0" m33="1"/>
		<transform name="pBip L Forearm"
			m00="0.356093" m10="-0.188296" m20="0.915282" m30="0.0774873"
			m01="0.0258773" m11="0.981099" m21="0.191769" m31="0.218662"
			m02="-0.934092" m12="-0.0446025" m22="0.354235" m32="0.704432"
			m03="0" m13="0" m23="0" m33="1"/>
		<transform name="pBip L Hand"
			m00="0.352699" m10="-0.170748" m20="-0.920026" m30="0.135726"
			m01="0.114428" m11="-0.967961" m21="0.223511" m31="0.222894"
			m02="-0.928714" m12="-0.184109" m22="-0.321861" m32="0.551663"
			m03="0" m13="0" m23="0" m33="1"/>
		<transform name="pBip L Finger1"
			m00="0.352969" m10="-0.169455" m20="-0.920162" m30="0.200828"
			m01="0.115965" m11="-0.967956" m21="0.22274" m31="0.244016"
			m02="-0.928421" m12="-0.185327" m22="-0.322007" m32="0.38024"
			m03="0" m13="0" m23="0" m33="1"/>
		<transform name="pBip L Finger11"
			m00="0.0976759" m10="-0.379159" m20="-0.920162" m30="0.227475"
			m01="-0.665826" m11="-0.712083" m21="0.22274" m31="0.25277"
			m02="-0.739685" m12="0.590912" m22="-0.322007" m32="0.310149"
			m03="0" m13="0" m23="0" m33="1"/>
		<transform name="pBip L Finger0"
			m00="0.91296" m10="-0.379285" m20="0.150488" m30="0.290418"
			m01="-0.390184" m11="-0.703519" m21="0.593984" m31="0.192462"
			m02="-0.119418" m12="-0.601002" m22="-0.790276" m32="0.53696"
			m03="0" m13="0" m23="0" m33="1"/>
		<transform name="pBip L Finger01"
			m00="0.666925" m10="-0.72977" m20="0.150488" m30="0.376464"
			m01="-0.651079" m11="-0.472524" m21="0.593984" m31="0.155687"
			m02="-0.362363" m12="-0.494123" m22="-0.790276" m32="0.525704"
			m03="0" m13="0" m23="0" m33="1"/>
		<transform name="pBip Prop1"
			m00="0.183363" m10="-0.7022" m20="0.687963" m30="-0.115108"
			m01="0.951313" m11="0.303126" m21="0.0558458" m31="-0.412892"
			m02="-0.247754" m12="0.644228" m22="0.723594" m32="0.45537"
			m03="0" m13="0" m23="0" m33="1"/>
		<transform name="pBip Head"
			m00="-0.108185" m10="0.993947" m20="-0.0191162" m30="0.00973523"
			m01="-0.0106563" m11="0.0180685" m21="0.99978" m31="-0.0340313"
			m02="0.994074" m12="0.108364" m22="0.00863706" m32="0.967448"
			m03="0" m13="0" m23="0" m33="1"/>
		<transform name="pBip Ponytail1"
			m00="-0.109326" m10="-0.993901" m20="0.014404" m30="0.0580557"
			m01="0.00800417" m11="-0.0153706" m21="-0.99985" m31="-0.036938"
			m02="0.993974" m12="-0.109195" m22="0.00963578" m32="1.41063"
			m03="0" m13="0" m23="0" m33="1"/>
		<transform name="pBip L Toe0"
			m00="0.536696" m10="0.0" m20="0.843776" m30="0.0119849"
			m01="0.843776" m11="-1.14341e-006" m21="-0.536696" m31="0.113281"
			m02="1.00934e-006" m12="1.0" m22="-5.63667e-007" m32="0.00292029"
			m03="0" m13="0" m23="0" m33="1"/>
		<transform name="pBip R Toe0"
			m00="1.0" m10="-3.4414e-006" m20="1.56593e-006" m30="0.255521"
			m01="1.58346e-006" m11="-1.77966e-006" m21="-1.0" m31="-0.181721"
			m02="3.44916e-006" m12="1.0" m22="-1.78932e-006" m32="0.00301828"
			m03="0" m13="0" m23="0" m33="1"/>
	</frame>
	<frame index="2">
		<transform name="pBip Pelvis"
			m00="0.0435785" m10="0.866025" m20="-0.498097" m30="0.000148587"
			m01="-0.0754803" m11="0.5" m21="0.86273" m31="-0.0481994"
			m02="0.996195" m12="1.20868e-007" m22="0.0871571" m32="0.437544"
			m03="0" m13="0" m23="0" m33="1"/>
		<transform name="pBip Spine"
			m00="0.394175" m10="0.899632" m20="-0.187851" m30="-0.0308383"
			m01="-0.0689918" m11="0.23279" m21="0.970077" m31="-0.0797442"
			m02="0.916442" m12="-0.36942" m22="0.153827" m32="0.572977"
			m03="0" m13="0" m23="0" m33="1"/>
		<transform name="pBip L Thigh"
			m00="0.0990096" m10="0.235464" m20="0.966827" m30="-0.0640027"
			m01="0.0821316" m11="0.966352" m21="-0.243759" m31="0.0629143"
			m02="-0.991691" m12="0.103541" m22="0.0763391" m32="0.448769"
			m03="0" m13="0" m23="0" m33="1"/>
		<transform name="pBip Spine1"
			m00="0.0588806" m10="0.994211" m20="0.0898729" m30="0.0108583"
			m01="0.0526294" m11="-0.0929955" m21="0.994275" m31="-0.0870491"
			m02="0.996877" m12="-0.0538135" m22="-0.0578003" m32="0.67012"
			m03="0" m13="0" m23="0" m33="1"/>
		<transform name="pBip L Calf"
			m00="-0.0030236" m10="0.255415" m20="0.966827" m30="-0.047415"
			m01="-0.309762" m11="0.919037" m21="-0.243759" m31="0.0766744"
			m02="-0.950809" m12="-0.300223" m22="0.0763391" m32="0.282624"
			m03="0" m13="0" m23="0" m33="1"/>
		<transform name="pBip L Foot"
			m00="0.0" m10="0.536696" m20="0.843776" m30="-0.0479779"
			m01="1.34716e-006" m11="0.843776" m21="-0.536696" m31="0.0190093"
			m02="-1.0" m12="1.10967e-006" m22="-7.85571e-007" m32="0.105622"
			m03="0" m13="0" m23="0" m33="1"/>
		<transform name="pBip Tail"
			m00="-0.0428879" m10="0.866059" m20="0.498098" m30="0.0505609"
			m01="0.0758774" m11="0.499941" m21="-0.862729" m31="-0.0166246"
			m02="-0.996194" m12="0.000793726" m22="-0.0871558" m32="0.413099"
			m03="0" m13="0" m23="0" m33="1"/>
		<transform name="pBip R Thigh"
			m00="0.581651" m10="0.808919" m20="-0.0856327" m30="0.0642999"
			m01="-0.0893106" m11="-0.0411291" m21="-0.995154" m31="-0.159313"
			m02="-0.808521" m12="0.58648" m22="0.0483223" m32="0.426318"
			m03="0" m13="0" m23="0" m33="1"/>
		<transform name="pBip R Calf"
			m00="-0.0964386" m10="0.991648" m20="-0.0856327" m30="0.161748"
			m01="-0.0399936" m11="-0.0898248" m21="-0.995154" m31="-0.174276"
			m02="-0.994535" m12="-0.0925465" m22="0.0483223" m32="0.290862"
			m03="0" m13="0" m23="0" m33="1"/>
		<transform name="pBip R Foot"
			m00="3.44657e-006" m10="1.0" m20="1.61495e-006" m30="0.143795"
			m01="1.84521e-006" m11="1.66468e-006" m21="-1.0" m31="-0.181721"
			m02="-1.0" m12="3.45435e-006" m22="-1.8487e-006" m32="0.10572"
			m03="0" m13="0" m23="0" m33="1"/>
		<transform name="pBip Spine2"
			m00="-0.208454" m10="0.882045" m20="0.422544" m30="0.0170217"
			m01="0.31028" m11="-0.350075" m21="0.88384" m31="-0.0814398"
			m02="0.927509" m12="0.315347" m22="-0.200706" m32="0.775756"
			m03="0" m13="0" m23="0" m33="1"/>
		<transform name="pBip L UpperArm"
			m00="0.125285" m10="-0.383617" m20="0.914954" m30="0.0512821"
			m01="0.702572" m11="0.685448" m21="0.191188" m31="0.0727326"
			m02="-0.700497" m12="0.618869" m22="0.355395" m32="0.851077"
			m03="0" m13="0" m23="0" m33="1"/>
		<transform name="pBip L Clavicle"
			m00="0.422541" m10="-0.88188" m20="-0.209156" m30="0.00034775"
			m01="0.883841" m11="0.349825" m21="0.310559" m31="-0.0338082"
			m02="-0.200707" m12="-0.316085" m22="0.927258" m32="0.875271"
			m03="0" m13="0" m23="0" m33="1"/>
		<transform name="pBip R UpperArm"
			m00="-0.327611" m10="-0.818378" m20="-0.472153" m30="-0.0633304"
			m01="-0.851149" m11="0.0387048" m21="0.523496" m31="-0.167006"
			m02="-0.410143" m12="0.573375" m22="-0.709242" m32="0.905518"
			m03="0" m13="0" m23="0" m33="1"/>
		<transform name="pBip R Clavicle"
			m00="-0.422541" m10="-0.88188" m20="0.209156" m30="-0.012396"
			m01="-0.883841" m11="0.349825" m21="-0.310558" m31="-0.0604647"
			m02="0.200707" m12="-0.316085" m22="-0.927258" m32="0.881324"
			m03="0" m13="0" m23="0" m33="1"/>
		<transform name="pBip R Forearm"
			m00="0.701202" m10="-0.534217" m20="-0.472153" m30="-0.131531"
			m01="-0.264548" m11="-0.809918" m21="0.523496" m31="-0.344193"
			m02="-0.662065" m12="-0.242169" m22="-0.709242" m32="0.820137"
			m03="0" m13="0" m23="0" m33="1"/>
		<transform name="pBip R Hand"
			m00="0.678434" m10="0.171385" m20="0.714391" m30="-0.0168496"
			m01="-0.308067" m11="0.949151" m21="0.0648564" m31="-0.38746"
			m02="-0.66695" m12="-0.264081" m22="0.696735" m32="0.711857"
			m03="0" m13="0" m23="0" m33="1"/>
		<transform name="pBip Neck"
			m00="0.172174" m10="0.889839" m20="0.422544" m30="-0.00608904"
			m01="0.13914" m11="-0.446617" m21="0.88384" m31="-0.0471039"
			m02="0.97519" m12="-0.0933816" m22="-0.200708" m32="0.878304"
			m03="0" m13="0" m23="0" m33="1"/>
		<transform name="pBip L Forearm"
			m00="0.356594" m10="-0.188942" m20="0.914954" m30="0.0773632"
			m01="0.0292939" m11="0.981116" m21="0.191188" m31="0.21899"
			m02="-0.9338" m12="-0.0413741" m22="0.355395" m32="0.705252"
			m03="0" m13="0" m23="0" m33="1"/>
		<transform name="pBip L Hand"
			m00="0.353424" m10="-0.169382" m20="-0.92" m30="0.135684"
			m01="0.119471" m11="-0.967244" m21="0.223976" m31="0.223781"
			m02="-0.927803" m12="-0.189072" m22="-0.321611" m32="0.55253"
			m03="0" m13="0" m23="0" m33="1"/>
		<transform name="pBip L Finger1"
			m00="0.353977" m10="-0.167486" m20="-0.920135" m30="0.200919"
			m01="0.122653" m11="-0.967024" m21="0.223205" m31="0.245833"
			m02="-0.927177" m12="-0.191867" m22="-0.321762" m32="0.381275"
			m03="0" m13="0" m23="0" m33="1"/>
		<transform name="pBip L Finger11"
			m00="0.100476" m10="-0.378491" m20="-0.920135" m30="0.227642"
			m01="-0.659585" m11="-0.717723" m21="0.223205" m31="0.255093"
			m02="-0.744884" m12="0.584481" m22="-0.321762" m32="0.311278"
			m03="0" m13="0" m23="0" m33="1"/>
		<transform name="pBip L Finger0"
			m00="0.914193" m10="-0.376301" m20="0.150493" m30="0.290426"
			m01="-0.38727" m11="-0.701652" m21="0.598085" m31="0.193612"
			m02="-0.119466" m12="-0.605047" m22="-0.787176" m32="0.537821"
			m03="0" m13="0" m23="0" m33="1"/>
		<transform name="pBip L Finger01"
			m00="0.670543" m10="-0.726446" m20="0.150493" m30="0.37659"
			m01="-0.646845" m11="-0.473166" m21="0.598085" m31="0.157112"
			m02="-0.363269" m12="-0.498387" m22="-0.787176" m32="0.526561"
			m03="0" m13="0" m23="0" m33="1"/>
		<transform name="pBip Prop1"
			m00="0.183385" m10="-0.70298" m20="0.68716" m30="-0.114935"
			m01="0.95038" m11="0.30547" m21="0.058871" m31="-0.414929"
			m02="-0.251292" m12="0.642267" m22="0.724117" m32="0.456601"
			m03="0" m13="0" m23="0" m33="1"/>
		<transform name="pBip Head"
			m00="-0.108185" m10="0.993947" m20="-0.0191162" m30="0.00968144"
			m01="-0.0106563" m11="0.0180685" m21="0.99978" m31="-0.0343593"
			m02="0.994074" m12="0.108364" m22="0.00863706" m32="0.967628"
			m03="0" m13="0" m23="0" m33="1"/>
		<transform name="pBip Ponytail1"
			m00="-0.109326" m10="-0.993901" m20="0.014404" m30="0.058002"
			m01="0.00800417" m11="-0.0153706" m21="-0.99985" m31="-0.0372659"
			m02="0.993974" m12="-0.109195" m22="0.00963578" m32="1.41081"
			m03="0" m13="0" m23="0" m33="1"/>
		<transform name="pBip L Toe0"
			m00="0.536696" m10="0.0" m20="0.843776" m30="0.0119849"
			m01="0.843776" m11="-1.14277e-006" m21="-0.536696" m31="0.113281"
			m02="1.00857e-006" m12="1.0" m22="-5.63682e-007" m32="0.00292033"
			m03="0" m13="0" m23="0" m33="1"/>
		<transform name="pBip R Toe0"
			m00="1.0" m10="-3.44657e-006" m20="1.61495e-006" m30="0.255521"
			m01="1.66468e-006" m11="-1.84521e-006" m21="-1.0" m31="-0.181721"
			m02="3.45435e-006" m12="1.0" m22="-1.8487e-006" m32="0.00301824"
			m03="0" m13="0" m23="0" m33="1"/>
	</frame>
	<frame index="3">
		<transform name="pBip Pelvis"
			m00="0.0435785" m10="0.866025" m20="-0.498097" m30="0.000148587"
			m01="-0.0754803" m11="0.5" m21="0.86273" m31="-0.0484123"
			m02="0.996195" m12="1.20868e-007" m22="0.0871571" m32="0.437671"
			m03="0" m13="0" m23="0" m33="1"/>
		<transform name="pBip Spine"
			m00="0.393125" m10="0.900119" m20="-0.187717" m30="-0.0308383"
			m01="-0.0692464" m11="0.232557" m21="0.970114" m31="-0.0799571"
			m02="0.916874" m12="-0.368378" m22="0.153754" m32="0.573104"
			m03="0" m13="0" m23="0" m33="1"/>
		<transform name="pBip L Thigh"
			m00="0.0986461" m10="0.235582" m20="0.966835" m30="-0.0640027"
			m01="0.0813723" m11="0.966411" m21="-0.243781" m31="0.0627014"
			m02="-0.99179" m12="0.102722" m22="0.0761628" m32="0.448896"
			m03="0" m13="0" m23="0" m33="1"/>
		<transform name="pBip Spine1"
			m00="0.0578313" m10="0.994242" m20="0.0902152" m30="0.010747"
			m01="0.0524642" m11="-0.0932682" m21="0.994258" m31="-0.087289"
			m02="0.996947" m12="-0.0527662" m22="-0.057556" m32="0.670293"
			m03="0" m13="0" m23="0" m33="1"/>
		<transform name="pBip L Calf"
			m00="-0.00269646" m10="0.255387" m20="0.966835" m30="-0.0474759"
			m01="-0.307934" m11="0.919645" m21="-0.243781" m31="0.0763342"
			m02="-0.951404" m12="-0.298379" m22="0.0761628" m32="0.282735"
			m03="0" m13="0" m23="0" m33="1"/>
		<transform name="pBip L Foot"
			m00="0.0" m10="0.536696" m20="0.843776" m30="-0.0479779"
			m01="1.34716e-006" m11="0.843776" m21="-0.536696" m31="0.0190094"
			m02="-1.0" m12="1.10967e-006" m22="-7.85571e-007" m32="0.105622"
			m03="0" m13="0" m23="0" m33="1"/>
		<transform name="pBip Tail"
			m00="-0.0428879" m10="0.866059" m20="0.498098" m30="0.0505609"
			m01="0.0758774" m11="0.499941" m21="-0.862729" m31="-0.0168376"
			m02="-0.996194" m12="0.000793726" m22="-0.0871558" m32="0.413226"
			m03="0" m13="0" m23="0" m33="1"/>
		<transform name="pBip R Thigh"
			m00="0.580838" m10="0.809519" m20="-0.0854749" m30="0.0642999"
			m01="-0.088658" m11="-0.0414672" m21="-0.995198" m31="-0.159526"
			m02="-0.809177" m12="0.585627" m22="0.0476846" m32="0.426446"
			m03="0" m13="0" m23="0" m33="1"/>
		<transform name="pBip R Calf"
			m00="-0.0957073" m10="0.991733" m20="-0.0854749" m30="0.161611"
			m01="-0.0394373" m11="-0.0895794" m21="-0.995198" m31="-0.174379"
			m02="-0.994628" m12="-0.0918768" m22="0.0476846" m32="0.290879"
			m03="0" m13="0" m23="0" m33="1"/>
		<transform name="pBip R Foot"
			m00="3.4414e-006" m10="1.0" m20="1.56593e-006" m30="0.143795"
			m01="1.77966e-006" m11="1.58346e-006" m21="-1.0" m31="-0.181721"
			m02="-1.0" m12="3.44916e-006" m22="-1.78932e-006" m32="0.10572"
			m03="0" m13="0" m23="0" m33="1"/>
		<transform name="pBip Spine2"
			m00="-0.207767" m10="0.882006" m20="0.422965" m30="0.0167992"
			m01="0.309572" m11="-0.350886" m21="0.883767" m31="-0.0816972"
			m02="0.9279" m12="0.314555" m22="-0.200142" m32="0.775936"
			m03="0" m13="0" m23="0" m33="1"/>
		<transform name="pBip L UpperArm"
			m00="0.124921" m10="-0.38456" m20="0.914608" m30="0.0511926"
			m01="0.705642" m11="0.68246" m21="0.190571" m31="0.0723871"
			m02="-0.69747" m12="0.62158" m22="0.356615" m32="0.851377"
			m03="0" m13="0" m23="0" m33="1"/>
		<transform name="pBip L Clavicle"
			m00="0.422962" m10="-0.881841" m20="-0.208469" m30="0.000207545"
			m01="0.883768" m11="0.350637" m21="0.309852" m31="-0.0341449"
			m02="-0.200143" m12="-0.315294" m22="0.927649" m32="0.875503"
			m03="0" m13="0" m23="0" m33="1"/>
		<transform name="pBip R UpperArm"
			m00="-0.328224" m10="-0.818516" m20="-0.471487" m30="-0.063534"
			m01="-0.852866" m11="0.0422235" m21="0.520419" m31="-0.167331"
			m02="-0.406064" m12="0.57293" m22="-0.711944" m32="0.905665"
			m03="0" m13="0" m23="0" m33="1"/>
		<transform name="pBip R Clavicle"
			m00="-0.422962" m10="-0.881841" m20="0.208469" m30="-0.0125489"
			m01="-0.883768" m11="0.350637" m21="-0.309852" m31="-0.0607991"
			m02="0.200143" m12="-0.315294" m22="-0.927649" m32="0.881539"
			m03="0" m13="0" m23="0" m33="1"/>
		<transform name="pBip R Forearm"
			m00="0.702032" m10="-0.533714" m20="-0.471487" m30="-0.131862"
			m01="-0.267091" m11="-0.811065" m21="0.520419" m31="-0.344876"
			m02="-0.660162" m12="-0.239421" m22="-0.711944" m32="0.821133"
			m03="0" m13="0" m23="0" m33="1"/>
		<transform name="pBip R Hand"
			m00="0.679282" m10="0.171423" m20="0.713575" m30="-0.0170453"
			m01="-0.310636" m11="0.948097" m21="0.0679445" m31="-0.388559"
			m02="-0.664892" m12="-0.267816" m22="0.697276" m32="0.713164"
			m03="0" m13="0" m23="0" m33="1"/>
		<transform name="pBip Neck"
			m00="0.172784" m10="0.88952" m20="0.422965" m30="-0.00623557"
			m01="0.138162" m11="-0.447066" m21="0.883766" m31="-0.0474394"
			m02="0.975222" m12="-0.0942634" m22="-0.200143" m32="0.878528"
			m03="0" m13="0" m23="0" m33="1"/>
		<transform name="pBip L Forearm"
			m00="0.357119" m10="-0.189625" m20="0.914608" m30="0.0771979"
			m01="0.0328947" m11="0.981122" m21="0.190571" m31="0.219284"
			m02="-0.933479" m12="-0.0379708" m22="0.356615" m32="0.706182"
			m03="0" m13="0" m23="0" m33="1"/>
		<transform name="pBip L Hand"
			m00="0.354181" m10="-0.16794" m20="-0.919974" m30="0.135604"
			m01="0.124782" m11="-0.96646" m21="0.224465" m31="0.224664"
			m02="-0.926814" m12="-0.194298" m22="-0.321346" m32="0.553512"
			m03="0" m13="0" m23="0" m33="1"/>
		<transform name="pBip L Finger1"
			m00="0.355027" m10="-0.165404" m20="-0.920107" m30="0.20098"
			m01="0.129696" m11="-0.965991" m21="0.223696" m31="0.247696"
			m02="-0.925816" m12="-0.198752" m22="-0.321501" m32="0.38244"
			m03="0" m13="0" m23="0" m33="1"/>
		<transform name="pBip L Finger11"
			m00="0.103423" m10="-0.377765" m20="-0.920107" m30="0.227782"
			m01="-0.652954" m11="-0.72361" m21="0.223696" m31="0.257487"
			m02="-0.750303" m12="0.577653" m22="-0.321501" m32="0.312546"
			m03="0" m13="0" m23="0" m33="1"/>
		<transform name="pBip L Finger0"
			m00="0.915484" m10="-0.373151" m20="0.15049" m30="0.290401"
			m01="-0.384201" m11="-0.699653" m21="0.602391" m31="0.194772"
			m02="-0.119492" m12="-0.609298" m22="-0.783886" m32="0.538799"
			m03="0" m13="0" m23="0" m33="1"/>
		<transform name="pBip L Finger01"
			m00="0.674339" m10="-0.722924" m20="0.15049" m30="0.376685"
			m01="-0.64237" m11="-0.473799" m21="0.602391" m31="0.158561"
			m02="-0.364181" m12="-0.502886" m22="-0.783886" m32="0.527537"
			m03="0" m13="0" m23="0" m33="1"/>
		<transform name="pBip Prop1"
			m00="0.183409" m10="-0.703799" m20="0.686315" m30="-0.114831"
			m01="0.949382" m11="0.30793" m21="0.0620649" m31="-0.417114"
			m02="-0.255018" m12="0.640192" m22="0.724652" m32="0.457912"
			m03="0" m13="0" m23="0" m33="1"/>
		<transform name="pBip Head"
			m00="-0.108185" m10="0.993947" m20="-0.0191162" m30="0.0095908"
			m01="-0.0106563" m11="0.0180685" m21="0.99978" m31="-0.0347843"
			m02="0.994074" m12="0.108364" m22="0.00863705" m32="0.967855"
			m03="0" m13="0" m23="0" m33="1"/>
		<transform name="pBip Ponytail1"
			m00="-0.109326" m10="-0.993901" m20="0.0144039" m30="0.0579113"
			m01="0.00800419" m11="-0.0153706" m21="-0.99985" m31="-0.037691"
			m02="0.993974" m12="-0.109195" m22="0.00963579" m32="1.41104"
			m03="0" m13="0" m23="0" m33="1"/>
		<transform name="pBip L Toe0"
			m00="0.536696" m10="0.0" m20="0.843776" m30="0.0119849"
			m01="0.843776" m11="-1.1417e-006" m21="-0.536696" m31="0.113281"
			m02="1.00729e-006" m12="1.0" m22="-5.63708e-007" m32="0.00292028"
			m03="0" m13="0" m23="0" m33="1"/>
		<transform name="pBip R Toe0"
			m00="1.0" m10="-3.4414e-006" m20="1.56593e-006" m30="0.255521"
			m01="1.58346e-006" m11="-1.77966e-006" m21="-1.0" m31="-0.181721"
			m02="3.44916e-006" m12="1.0" m22="-1.78932e-006" m32="0.00301823"
			m03="0" m13="0" m23="0" m33="1"/>
	</frame>
	<frame index="4">
		<transform name="pBip Pelvis"
			m00="0.0435785" m10="0.866025" m20="-0.498097" m30="0.000148587"
			m01="-0.0754803" m11="0.5" m21="0.86273" m31="-0.0486335"
			m02="0.996195" m12="1.20868e-007" m22="0.0871571" m32="0.437803"
			m03="0" m13="0" m23="0" m33="1"/>
		<transform name="pBip Spine"
			m00="0.391635" m10="0.900809" m20="-0.187526" m30="-0.0308384"
			m01="-0.0696071" m11="0.232227" m21="0.970168" m31="-0.0801782"
			m02="0.917484" m12="-0.366898" m22="0.153651" m32="0.573236"
			m03="0" m13="0" m23="0" m33="1"/>
		<transform name="pBip L Thigh"
			m00="0.0982662" m10="0.235705" m20="0.966844" m30="-0.0640027"
			m01="0.0805737" m11="0.966472" m21="-0.243804" m31="0.0624803"
			m02="-0.991893" m12="0.10186" m22="0.0759799" m32="0.449028"
			m03="0" m13="0" m23="0" m33="1"/>
		<transform name="pBip Spine1"
			m00="0.056342" m10="0.994283" m20="0.0907" m30="0.0105889"
			m01="0.0522304" m11="-0.0936552" m21="0.994234" m31="-0.0875483"
			m02="0.997045" m12="-0.0512799" m22="-0.0572086" m32="0.670489"
			m03="0" m13="0" m23="0" m33="1"/>
		<transform name="pBip L Calf"
			m00="-0.00235455" m10="0.255358" m20="0.966844" m30="-0.0475395"
			m01="-0.306028" m11="0.920275" m21="-0.243804" m31="0.0759793"
			m02="-0.95202" m12="-0.296455" m22="0.0759799" m32="0.282849"
			m03="0" m13="0" m23="0" m33="1"/>
		<transform name="pBip L Foot"
			m00="0.0" m10="0.536696" m20="0.843776" m30="-0.0479779"
			m01="1.34716e-006" m11="0.843776" m21="-0.536696" m31="0.0190093"
			m02="-1.0" m12="1.10967e-006" m22="-7.85571e-007" m32="0.105622"
			m03="0" m13="0" m23="0" m33="1"/>
		<transform name="pBip Tail"
			m00="-0.0428879" m10="0.866059" m20="0.498098" m30="0.0505609"
			m01="0.0758774" m11="0.499941" m21="-0.862729" m31="-0.0170587"
			m02="-0.996194" m12="0.000793726" m22="-0.0871558" m32="0.413358"
			m03="0" m13="0" m23="0" m33="1"/>
		<transform name="pBip R Thigh"
			m00="0.579992" m10="0.810143" m20="-0.0853111" m30="0.0642999"
			m01="-0.0879799" m11="-0.0418169" m21="-0.995244" m31="-0.159747"
			m02="-0.809858" m12="0.584739" m22="0.0470228" m32="0.426578"
			m03="0" m13="0" m23="0" m33="1"/>
		<transform name="pBip R Calf"
			m00="-0.0949455" m10="0.99182" m20="-0.0853111" m30="0.16147"
			m01="-0.0388596" m11="-0.0893255" m21="-0.995244" m31="-0.174487"
			m02="-0.994724" m12="-0.0911788" m22="0.0470228" m32="0.290897"
			m03="0" m13="0" m23="0" m33="1"/>
		<transform name="pBip R Foot"
			m00="3.4414e-006" m10="1.0" m20="1.56593e-006" m30="0.143795"
			m01="1.77966e-006" m11="1.58346e-006" m21="-1.0" m31="-0.181721"
			m02="-1.0" m12="3.44916e-006" m22="-1.78932e-006" m32="0.10572"
			m03="0" m13="0" m23="0" m33="1"/>
		<transform name="pBip Spine2"
			m00="-0.206793" m10="0.881948" m20="0.423561" m30="0.0164833"
			m01="0.308566" m11="-0.352034" m21="0.883662" m31="-0.0819812"
			m02="0.928452" m12="0.313432" m22="-0.199341" m32="0.776143"
			m03="0" m13="0" m23="0" m33="1"/>
		<transform name="pBip L UpperArm"
			m00="0.124538" m10="-0.385537" m20="0.914249" m30="0.0510652"
			m01="0.708815" m11="0.679345" m21="0.189924" m31="0.0719776"
			m02="-0.694313" m12="0.624381" m22="0.357879" m32="0.851754"
			m03="0" m13="0" m23="0" m33="1"/>
		<transform name="pBip L Clavicle"
			m00="0.423559" m10="-0.881785" m20="-0.207495" m30="8.24472e-006"
			m01="0.883663" m11="0.351786" m21="0.308846" m31="-0.0345417"
			m02="-0.199342" m12="-0.31417" m22="0.928203" m32="0.875783"
			m03="0" m13="0" m23="0" m33="1"/>
		<transform name="pBip R UpperArm"
			m00="-0.328865" m10="-0.818656" m20="-0.470797" m30="-0.0638232"
			m01="-0.854628" m11="0.0458755" m21="0.517209" m31="-0.167712"
			m02="-0.401819" m12="0.572449" m22="-0.714734" m32="0.905824"
			m03="0" m13="0" m23="0" m33="1"/>
		<transform name="pBip R Clavicle"
			m00="-0.423559" m10="-0.881785" m20="0.207495" m30="-0.0127662"
			m01="-0.883663" m11="0.351786" m21="-0.308846" m31="-0.0611929"
			m02="0.199342" m12="-0.31417" m22="-0.928203" m32="0.881795"
			m03="0" m13="0" m23="0" m33="1"/>
		<transform name="pBip R Forearm"
			m00="0.702891" m10="-0.533193" m20="-0.470797" m30="-0.132284"
			m01="-0.26972" m11="-0.812247" m21="0.517209" m31="-0.345624"
			m02="-0.658176" m12="-0.236558" m22="-0.714734" m32="0.822176"
			m03="0" m13="0" m23="0" m33="1"/>
		<transform name="pBip R Hand"
			m00="0.680159" m10="0.171462" m20="0.71273" m30="-0.0173274"
			m01="-0.313292" m11="0.946987" m21="0.0711579" m31="-0.389737"
			m02="-0.662745" m12="-0.271692" m22="0.69782" m32="0.714532"
			m03="0" m13="0" m23="0" m33="1"/>
		<transform name="pBip Neck"
			m00="0.173648" m10="0.889068" m20="0.423561" m30="-0.00644383"
			m01="0.136772" m11="-0.447699" m21="0.883662" m31="-0.0478347"
			m02="0.975264" m12="-0.0955151" m22="-0.199342" m32="0.878796"
			m03="0" m13="0" m23="0" m33="1"/>
		<transform name="pBip L Forearm"
			m00="0.357661" m10="-0.190335" m20="0.914249" m30="0.0769909"
			m01="0.0366333" m11="0.981115" m21="0.189924" m31="0.219535"
			m02="-0.933133" m12="-0.0344365" m22="0.357879" m32="0.707215"
			m03="0" m13="0" m23="0" m33="1"/>
		<transform name="pBip L Hand"
			m00="0.35496" m10="-0.166438" m20="-0.919947" m30="0.135486"
			m01="0.130293" m11="-0.965614" m21="0.224974" m31="0.225526"
			m02="-0.925758" m12="-0.199719" m22="-0.321068" m32="0.554602"
			m03="0" m13="0" m23="0" m33="1"/>
		<transform name="pBip L Finger1"
			m00="0.356102" m10="-0.163235" m20="-0.920079" m30="0.201005"
			m01="0.137001" m11="-0.964864" m21="0.224205" m31="0.249576"
			m02="-0.924349" m12="-0.205892" m22="-0.321227" m32="0.383725"
			m03="0" m13="0" m23="0" m33="1"/>
		<transform name="pBip L Finger11"
			m00="0.106475" m10="-0.376985" m20="-0.920079" m30="0.227888"
			m01="-0.646011" m11="-0.729658" m21="0.224205" m31="0.259919"
			m02="-0.755865" m12="0.570509" m22="-0.321227" m32="0.313942"
			m03="0" m13="0" m23="0" m33="1"/>
		<transform name="pBip L Finger0"
			m00="0.916814" m10="-0.369877" m20="0.150479" m30="0.290337"
			m01="-0.381018" m11="-0.697542" m21="0.606844" m31="0.195923"
			m02="-0.119492" m12="-0.613698" m22="-0.780446" m32="0.539887"
			m03="0" m13="0" m23="0" m33="1"/>
		<transform name="pBip L Finger01"
			m00="0.678262" m10="-0.719248" m20="0.150479" m30="0.376747"
			m01="-0.637711" m11="-0.474409" m21="0.606844" m31="0.160012"
			m02="-0.365083" m12="-0.507561" m22="-0.780446" m32="0.528624"
			m03="0" m13="0" m23="0" m33="1"/>
		<transform name="pBip Prop1"
			m00="0.183432" m10="-0.704646" m20="0.685439" m30="-0.114803"
			m01="0.948331" m11="0.310473" m21="0.0653879" m31="-0.419419"
			m02="-0.258885" m12="0.638029" m22="0.725188" m32="0.45929"
			m03="0" m13="0" m23="0" m33="1"/>
		<transform name="pBip Head"
			m00="-0.108185" m10="0.993947" m20="-0.0191162" m30="0.0094617"
			m01="-0.0106563" m11="0.0180685" m21="0.99978" m31="-0.0353068"
			m02="0.994074" m12="0.108364" m22="0.00863705" m32="0.968126"
			m03="0" m13="0" m23="0" m33="1"/>
		<transform name="pBip Ponytail1"
			m00="-0.109326" m10="-0.993901" m20="0.014404" m30="0.0577822"
			m01="0.00800418" m11="-0.0153706" m21="-0.99985" m31="-0.0382135"
			m02="0.993974" m12="-0.109195" m22="0.00963579" m32="1.41131"
			m03="0" m13="0" m23="0" m33="1"/>
		<transform name="pBip L Toe0"
			m00="0.536696" m10="0.0" m20="0.843776" m30="0.0119849"
			m01="0.843776" m11="-1.14022e-006" m21="-0.536696" m31="0.113281"
			m02="1.00551e-006" m12="1.0" m22="-5.63743e-007" m32="0.00292031"
			m03="0" m13="0" m23="0" m33="1"/>
		<transform name="pBip R Toe0"
			m00="1.0" m10="-3.4414e-006" m20="1.56593e-006" m30="0.255521"
			m01="1.58346e-006" m11="-1.77966e-006" m21="-1.0" m31="-0.181721"
			m02="3.44916e-006" m12="1.0" m22="-1.78932e-006" m32="0.00301829"
			m03="0" m13="0" m23="0" m33="1"/>
	</frame>
	<frame index="5">
		<transform name="pBip Pelvis"
			m00="0.0435785" m10="0.866025" m20="-0.498097" m30="0.000148587"
			m01="-0.0754803" m11="0.5" m21="0.86273" m31="-0.0488601"
