<?xml version="1.0" encoding="ISO-8859-1" standalone="yes"?>

<!DOCTYPE animation [
	<!ELEMENT animation  (frame+)>
	<!ELEMENT frame      (transform+)>
	<!ELEMENT transform   EMPTY>
	<!ATTLIST frame index CDATA #REQUIRED>
	<!ATTLIST transform name CDATA #REQUIRED>
	<!ATTLIST transform m00 CDATA #REQUIRED>
	<!ATTLIST transform m01 CDATA #REQUIRED>
	<!ATTLIST transform m02 CDATA #REQUIRED>
	<!ATTLIST transform m03 CDATA #REQUIRED>
	<!ATTLIST transform m10 CDATA #REQUIRED>
	<!ATTLIST transform m11 CDATA #REQUIRED>
	<!ATTLIST transform m12 CDATA #REQUIRED>
	<!ATTLIST transform m13 CDATA #REQUIRED>
	<!ATTLIST transform m20 CDATA #REQUIRED>
	<!ATTLIST transform m21 CDATA #REQUIRED>
	<!ATTLIST transform m22 CDATA #REQUIRED>
	<!ATTLIST transform m23 CDATA #REQUIRED>
	<!ATTLIST transform m30 CDATA #REQUIRED>
	<!ATTLIST transform m31 CDATA #REQUIRED>
	<!ATTLIST transform m32 CDATA #REQUIRED>
	<!ATTLIST transform m33 CDATA #REQUIRED>
]>

<animation>
	<frame index="0">
		<transform name="pBip Pelvis"
			m00="0.0435785" m10="0.866025" m20="-0.498097" m30="0.000148588"
			m01="-0.0754803" m11="0.5" m21="0.86273" m31="-0.047809"
			m02="0.996195" m12="1.20868e-007" m22="0.0871571" m32="0.437366"
			m03="0" m13="0" m23="0" m33="1"/>
		<transform name="pBip Spine"
			m00="0.395005" m10="0.899246" m20="-0.187958" m30="-0.0308382"
			m01="-0.0687902" m11="0.232973" m21="0.970047" m31="-0.0793538"
			m02="0.9161" m12="-0.370244" m22="0.153885" m32="0.572799"
			m03="0" m13="0" m23="0" m33="1"/>
		<transform name="pBip L Thigh"
			m00="0.115291" m10="0.306808" m20="0.944763" m30="-0.0640027"
			m01="0.0781126" m11="0.945359" m21="-0.316534" m31="0.0633048"
			m02="-0.990256" m12="0.110291" m22="0.0850256" m32="0.448591"
			m03="0" m13="0" m23="0" m33="1"/>
		<transform name="pBip Spine1"
			m00="0.0597107" m10="0.994186" m20="0.0896021" m30="0.0109464"
			m01="0.0527603" m11="-0.0927801" m21="0.994288" m31="-0.0866373"
			m02="0.996821" m12="-0.0546421" m22="-0.0579935" m32="0.669906"
			m03="0" m13="0" m23="0" m33="1"/>
		<transform name="pBip L Calf"
			m00="-0.0176742" m10="0.327278" m20="0.944763" m30="-0.0446873"
			m01="-0.308243" m11="0.897102" m21="-0.316534" m31="0.0763915"
			m02="-0.951143" m12="-0.296811" m22="0.0850256" m32="0.282687"
			m03="0" m13="0" m23="0" m33="1"/>
		<transform name="pBip L Foot"
			m00="-1.38201e-006" m10="0.536695" m20="0.843776" m30="-0.0479775"
			m01="9.54936e-007" m11="0.843776" m21="-0.536695" m31="0.0190092"
			m02="-1.0" m12="0.0" m22="-1.69925e-006" m32="0.105622"
			m03="0" m13="0" m23="0" m33="1"/>
		<transform name="pBip Tail"
			m00="-0.0428879" m10="0.866059" m20="0.498098" m30="0.0505609"
			m01="0.0758774" m11="0.499941" m21="-0.862729" m31="-0.0162342"
			m02="-0.996194" m12="0.000793726" m22="-0.0871558" m32="0.412921"
			m03="0" m13="0" m23="0" m33="1"/>
		<transform name="pBip R Thigh"
			m00="0.584055" m10="0.811402" m20="-0.0224958" m30="0.0642999"
			m01="-0.0662069" m11="0.0199982" m21="-0.997605" m31="-0.158923"
			m02="-0.809009" m12="0.584146" m22="0.0654005" m32="0.42614"
			m03="0" m13="0" m23="0" m33="1"/>
		<transform name="pBip R Calf"
			m00="-0.098602" m10="0.994873" m20="-0.0224958" m30="0.162151"
			m01="-0.0628841" m11="-0.02879" m21="-0.997605" m31="-0.170015"
			m02="-0.993138" m12="-0.0969512" m22="0.0654005" m32="0.290602"
			m03="0" m13="0" m23="0" m33="1"/>
		<transform name="pBip R Foot"
			m00="2.47607e-006" m10="1.0" m20="5.80603e-007" m30="0.143795"
			m01="1.63371e-006" m11="6.41182e-007" m21="-1.0" m31="-0.181721"
			m02="-1.0" m12="2.48057e-006" m22="-1.63866e-006" m32="0.10572"
			m03="0" m13="0" m23="0" m33="1"/>
		<transform name="pBip Spine2"
			m00="-0.208998" m10="0.882076" m20="0.42221" m30="0.0171977"
			m01="0.310838" m11="-0.349433" m21="0.883898" m31="-0.0810143"
			m02="0.9272" m12="0.315972" m22="-0.201153" m32="0.775536"
			m03="0" m13="0" m23="0" m33="1"/>
		<transform name="pBip L UpperArm"
			m00="0.125941" m10="-0.381885" m20="0.915589" m30="0.0513528"
			m01="0.69691" m11="0.690894" m21="0.192306" m31="0.0732278"
			m02="-0.706014" m12="0.613864" m22="0.353151" m32="0.850762"
			m03="0" m13="0" m23="0" m33="1"/>
		<transform name="pBip L Clavicle"
			m00="0.422208" m10="-0.881911" m20="-0.2097" m30="0.000458612"
			m01="0.883899" m11="0.349183" m21="0.311117" m31="-0.03332"
			m02="-0.201154" m12="-0.316709" m22="0.926948" m32="0.87501"
			m03="0" m13="0" m23="0" m33="1"/>
		<transform name="pBip R UpperArm"
			m00="-0.326492" m10="-0.818117" m20="-0.473379" m30="-0.0631692"
			m01="-0.847946" m11="0.0322476" m21="0.529101" m31="-0.166526"
			m02="-0.417601" m12="0.574147" m22="-0.704247" m32="0.905324"
			m03="0" m13="0" m23="0" m33="1"/>
		<transform name="pBip R Clavicle"
			m00="-0.422208" m10="-0.881911" m20="0.2097" m30="-0.0122751"
			m01="-0.883899" m11="0.349183" m21="-0.311116" m31="-0.0599783"
			m02="0.201153" m12="-0.316709" m22="-0.926948" m32="0.881077"
			m03="0" m13="0" m23="0" m33="1"/>
		<transform name="pBip R Forearm"
			m00="0.69967" m10="-0.53514" m20="-0.473379" m30="-0.131137"
			m01="-0.259858" m11="-0.80779" m21="0.529101" m31="-0.343047"
			m02="-0.665534" m12="-0.247185" m22="-0.704247" m32="0.81839"
			m03="0" m13="0" m23="0" m33="1"/>
		<transform name="pBip R Hand"
			m00="0.67687" m10="0.171313" m20="0.71589" m30="-0.0167062"
			m01="-0.303328" m11="0.951045" m21="0.0592092" m31="-0.385546"
			m02="-0.6707" m12="-0.257226" m22="0.695698" m32="0.709543"
			m03="0" m13="0" m23="0" m33="1"/>
		<transform name="pBip Neck"
			m00="0.171691" m10="0.89009" m20="0.42221" m30="-0.00597316"
			m01="0.139913" m11="-0.446261" m21="0.883898" m31="-0.0466166"
			m02="0.975165" m12="-0.0926846" m22="-0.201154" m32="0.87805"
			m03="0" m13="0" m23="0" m33="1"/>
		<transform name="pBip L Forearm"
			m00="0.355624" m10="-0.187694" m20="0.915589" m30="0.0775704"
			m01="0.0226897" m11="0.981073" m21="0.192306" m31="0.218307"
			m02="-0.934354" m12="-0.0476141" m22="0.353151" m32="0.703788"
			m03="0" m13="0" m23="0" m33="1"/>
		<transform name="pBip L Hand"
			m00="0.352017" m10="-0.17202" m20="-0.920051" m30="0.135732"
			m01="0.109721" m11="-0.968606" m21="0.223078" m31="0.222018"
			m02="-0.92954" m12="-0.179476" m22="-0.322092" m32="0.550976"
			m03="0" m13="0" m23="0" m33="1"/>
		<transform name="pBip L Finger1"
			m00="0.352017" m10="-0.171287" m20="-0.920187" m30="0.200708"
			m01="0.109721" m11="-0.968783" m21="0.222306" m31="0.24227"
			m02="-0.92954" m12="-0.179219" m22="-0.322234" m32="0.3794"
			m03="0" m13="0" m23="0" m33="1"/>
		<transform name="pBip L Finger11"
			m00="0.0950589" m10="-0.379762" m20="-0.920187" m30="0.227283"
			m01="-0.671604" m11="-0.706773" m21="0.222306" m31="0.250553"
			m02="-0.734787" m12="0.596869" m22="-0.322234" m32="0.309225"
			m03="0" m13="0" m23="0" m33="1"/>
		<transform name="pBip L Finger0"
			m00="0.911801" m10="-0.382067" m20="0.150478" m30="0.290376"
			m01="-0.392904" m11="-0.705234" m21="0.590146" m31="0.191339"
			m02="-0.119353" m12="-0.597219" m22="-0.793149" m32="0.536279"
			m03="0" m13="0" m23="0" m33="1"/>
		<transform name="pBip L Finger01"
			m00="0.663536" m10="-0.732855" m20="0.150478" m30="0.376314"
			m01="-0.655019" m11="-0.471888" m21="0.590146" m31="0.154308"
			m02="-0.361483" m12="-0.490149" m22="-0.793149" m32="0.52503"
			m03="0" m13="0" m23="0" m33="1"/>
		<transform name="pBip Prop1"
			m00="0.183341" m10="-0.701469" m20="0.688714" m30="-0.115344"
			m01="0.95217" m11="0.300931" m21="0.0530293" m31="-0.411028"
			m02="-0.244454" m12="0.646051" m22="0.723091" m32="0.454293"
			m03="0" m13="0" m23="0" m33="1"/>
		<transform name="pBip Head"
			m00="-0.108185" m10="0.993947" m20="-0.0191161" m30="0.00975307"
			m01="-0.0106563" m11="0.0180685" m21="0.99978" m31="-0.0338011"
			m02="0.994074" m12="0.108365" m22="0.00863704" m32="0.967372"
			m03="0" m13="0" m23="0" m33="1"/>
		<transform name="pBip Ponytail1"
			m00="-0.109326" m10="-0.993901" m20="0.0144039" m30="0.0580736"
			m01="0.0080042" m11="-0.0153706" m21="-0.99985" m31="-0.0367078"
			m02="0.993974" m12="-0.109195" m22="0.0096358" m32="1.41055"
			m03="0" m13="0" m23="0" m33="1"/>
		<transform name="pBip L Toe0"
			m00="0.536695" m10="1.414e-006" m20="0.843776" m30="0.011985"
			m01="0.843776" m11="-9.04643e-007" m21="-0.536695" m31="0.113281"
			m02="0.0" m12="1.0" m22="-1.69925e-006" m32="0.00292049"
			m03="0" m13="0" m23="0" m33="1"/>
		<transform name="pBip R Toe0"
			m00="1.0" m10="-2.47607e-006" m20="5.80603e-007" m30="0.255521"
			m01="6.41182e-007" m11="-1.63371e-006" m21="-1.0" m31="-0.181721"
			m02="2.48057e-006" m12="1.0" m22="-1.63866e-006" m32="0.00301835"
			m03="0" m13="0" m23="0" m33="1"/>
	</frame>
	<frame index="1">
		<transform name="pBip Pelvis"
			m00="0.0435785" m10="0.866025" m20="-0.498097" m30="-0.0774182"
			m01="-0.0754803" m11="0.5" m21="0.86273" m31="-0.106721"
			m02="0.996195" m12="1.20868e-007" m22="0.0871571" m32="0.430848"
			m03="0" m13="0" m23="0" m33="1"/>
		<transform name="pBip Spine"
			m00="0.362031" m10="0.875694" m20="-0.319521" m30="-0.108403"
			m01="0.0225554" m11="0.334443" m21="0.942146" m31="-0.138275"
			m02="0.931893" m12="-0.348293" m22="0.101327" m32="0.56628"
			m03="0" m13="0" m23="0" m33="1"/>
		<transform name="pBip L Thigh"
			m00="0.341198" m10="0.197713" m20="0.918963" m30="-0.141569"
			m01="0.320246" m11="0.894693" m21="-0.311394" m31="0.00439256"
			m02="-0.883757" m12="0.400541" m22="0.241951" m32="0.442073"
			m03="0" m13="0" m23="0" m33="1"/>
		<transform name="pBip Spine1"
			m00="0.02062" m10="0.989355" m20="-0.14405" m30="-0.070113"
			m01="0.0483987" m11="0.142924" m21="0.98855" m31="-0.135896"
			m02="0.998615" m12="-0.0273557" m22="-0.0449364" m32="0.665058"
			m03="0" m13="0" m23="0" m33="1"/>
		<transform name="pBip L Calf"
			m00="0.157304" m10="0.36161" m20="0.918963" m30="-0.0844064"
			m01="-0.273158" m11="0.910175" m21="-0.311394" m31="0.0580454"
			m02="-0.949021" m12="-0.202039" m22="0.241951" m32="0.294011"
			m03="0" m13="0" m23="0" m33="1"/>
		<transform name="pBip L Foot"
			m00="0.0656186" m10="0.532597" m20="0.843821" m30="-0.0551229"
			m01="0.108349" m11="0.836841" m21="-0.536617" m31="0.00719449"
			m02="-0.991945" m12="0.126639" m22="-0.0027938" m32="0.117342"
			m03="0" m13="0" m23="0" m33="1"/>
		<transform name="pBip Tail"
			m00="-0.0428879" m10="0.866059" m20="0.498098" m30="-0.0270059"
			m01="0.0758774" m11="0.499941" m21="-0.862729" m31="-0.0751464"
			m02="-0.996194" m12="0.000793726" m22="-0.0871558" m32="0.406403"
			m03="0" m13="0" m23="0" m33="1"/>
		<transform name="pBip R Thigh"
			m00="0.722525" m10="0.687657" m20="0.0713207" m30="-0.0132668"
			m01="0.070299" m11="0.0295501" m21="-0.997088" m31="-0.217835"
			m02="-0.687762" m12="0.725435" m22="-0.0269909" m32="0.419623"
			m03="0" m13="0" m23="0" m33="1"/>
		<transform name="pBip R Calf"
			m00="0.0956563" m10="0.992856" m20="0.0713207" m30="0.107782"
			m01="0.0337723" m11="0.068371" m21="-0.997088" m31="-0.206057"
			m02="-0.994841" m12="0.0977864" m22="-0.0269909" m32="0.304397"
			m03="0" m13="0" m23="0" m33="1"/>
		<transform name="pBip R Foot"
			m00="0.163939" m10="0.986188" m20="0.0236087" m30="0.12559"
			m01="0.171063" m11="-0.00485049" m21="-0.985248" m31="-0.19977"
			m02="-0.971525" m12="0.165559" m22="-0.169496" m32="0.119199"
			m03="0" m13="0" m23="0" m33="1"/>
		<transform name="pBip Spine2"
			m00="-0.303828" m10="0.948927" m20="0.0850063" m30="-0.068011"
			m01="0.161258" m11="-0.036716" m21="0.986229" m31="-0.130763"
			m02="0.93898" m12="0.313352" m22="-0.141867" m32="0.770878"
			m03="0" m13="0" m23="0" m33="1"/>
		<transform name="pBip L UpperArm"
			m00="0.0896442" m10="-0.441291" m20="0.892875" m30="-0.0900726"
			m01="0.882071" m11="0.451485" m21="0.13458" m31="0.0208207"
			m02="-0.462509" m12="0.775515" m22="0.429723" m32="0.855448"
			m03="0" m13="0" m23="0" m33="1"/>
		<transform name="pBip L Clavicle"
			m00="0.0850037" m10="-0.948685" m20="-0.304584" m30="-0.100319"
			m01="0.986229" m11="0.0365849" m21="0.161288" m31="-0.0980622"
			m02="-0.141868" m12="-0.314099" m22="0.938731" m32="0.872549"
			m03="0" m13="0" m23="0" m33="1"/>
		<transform name="pBip R UpperArm"
			m00="-0.349151" m10="-0.808665" m20="-0.47345" m30="-0.113129"
			m01="-0.846117" m11="0.0549287" m21="0.530159" m31="-0.24669"
			m02="-0.402715" m12="0.5857" m22="-0.703404" m32="0.893929"
			m03="0" m13="0" m23="0" m33="1"/>
		<transform name="pBip R Clavicle"
			m00="-0.0850036" m10="-0.948685" m20="0.304584" m30="-0.102883"
			m01="-0.986229" m11="0.0365849" m21="-0.161287" m31="-0.127807"
			m02="0.141868" m12="-0.314099" m22="-0.938731" m32="0.876828"
			m03="0" m13="0" m23="0" m33="1"/>
		<transform name="pBip R Forearm"
			m00="0.499792" m10="-0.725295" m20="-0.47345" m30="-0.185814"
			m01="-0.495879" m11="-0.687776" m21="0.530159" m31="-0.42283"
			m02="-0.710149" m12="-0.0301949" m22="-0.703404" m32="0.810094"
			m03="0" m13="0" m23="0" m33="1"/>
		<transform name="pBip R Hand"
			m00="0.467996" m10="0.31392" m20="0.826096" m30="-0.104073"
			m01="-0.533239" m11="0.845745" m21="-0.019299" m31="-0.50393"
			m02="-0.704724" m12="-0.431474" m22="0.563199" m32="0.69395"
			m03="0" m13="0" m23="0" m33="1"/>
		<transform name="pBip Neck"
			m00="0.11268" m10="0.989988" m20="0.0850064" m30="-0.101673"
			m01="0.131955" m11="-0.0997026" m21="0.986229" m31="-0.112927"
			m02="0.984831" m12="-0.0999111" m22="-0.141868" m32="0.874695"
			m03="0" m13="0" m23="0" m33="1"/>
		<transform name="pBip L Forearm"
			m00="0.381329" m10="-0.239504" m20="0.892875" m30="-0.071411"
			m01="0.281587" m11="0.950051" m21="0.13458" m31="0.204445"
			m02="-0.880509" m12="0.200103" m22="0.429723" m32="0.759165"
			m03="0" m13="0" m23="0" m33="1"/>
		<transform name="pBip L Hand"
			m00="0.372834" m10="-0.114658" m20="-0.920787" m30="-0.00904505"
			m01="0.364097" m11="-0.894673" m21="0.258832" m31="0.250499"
			m02="-0.85348" m12="-0.431757" m22="-0.291817" m32="0.615159"
			m03="0" m13="0" m23="0" m33="1"/>
		<transform name="pBip L Finger1"
			m00="0.372834" m10="-0.113925" m20="-0.920878" m30="0.0597729"
			m01="0.364097" m11="-0.894878" m21="0.25812" m31="0.317704"
			m02="-0.85348" m12="-0.431525" m22="-0.292161" m32="0.457623"
			m03="0" m13="0" m23="0" m33="1"/>
		<transform name="pBip L Finger11"
			m00="0.152381" m10="-0.358837" m20="-0.920878" m30="0.0879198"
			m01="-0.451479" m11="-0.854131" m21="0.25812" m31="0.345191"
			m02="-0.879174" m12="0.376425" m22="-0.292161" m32="0.39319"
			m03="0" m13="0" m23="0" m33="1"/>
		<transform name="pBip L Finger0"
			m00="0.93461" m10="-0.326104" m20="0.141984" m30="0.147382"
			m01="-0.307631" m11="-0.540807" m21="0.782874" m31="0.231549"
			m02="-0.178512" m12="-0.775361" m22="-0.605763" m32="0.599563"
			m03="0" m13="0" m23="0" m33="1"/>
		<transform name="pBip L Finger01"
			m00="0.707936" m10="-0.691858" m20="0.141984" m30="0.23547"
			m01="-0.508035" m11="-0.359178" m21="0.782874" m31="0.202555"
			m02="-0.49064" m12="-0.626357" m22="-0.605763" m32="0.582739"
			m03="0" m13="0" m23="0" m33="1"/>
		<transform name="pBip Prop1"
			m00="0.328021" m10="-0.49659" m20="0.803617" m30="-0.250159"
			m01="0.845684" m11="0.533458" m21="-0.0155454" m31="-0.538178"
			m02="-0.420976" m12="0.684705" m22="0.594944" m32="0.463695"
			m03="0" m13="0" m23="0" m33="1"/>
		<transform name="pBip Head"
			m00="-0.293833" m10="0.955666" m20="-0.0191162" m30="-0.0913522"
			m01="-0.0138753" m11="0.0157326" m21="0.99978" m31="-0.100841"
			m02="0.955756" m12="0.294033" m22="0.00863738" m32="0.964902"
			m03="0" m13="0" m23="0" m33="1"/>
		<transform name="pBip Ponytail1"
			m00="-0.294911" m10="-0.955461" m20="0.0110406" m30="-0.127531"
			m01="0.00478764" m11="-0.0130319" m21="-0.999904" m31="-0.105373"
			m02="0.955513" m12="-0.29483" m22="0.00841768" m32="1.40923"
			m03="0" m13="0" m23="0" m33="1"/>
		<transform name="pBip L Toe0"
			m00="0.532597" m10="-0.0656186" m20="0.843821" m30="0.0111211"
			m01="0.836841" m11="-0.108349" m21="-0.536617" m31="0.111819"
			m02="0.126639" m12="0.991945" m22="-0.0027938" m32="0.0296164"
			m03="0" m13="0" m23="0" m33="1"/>
		<transform name="pBip R Toe0"
			m00="0.986188" m10="-0.163939" m20="0.0236087" m30="0.252609"
			m01="-0.00485049" m11="-0.171063" m21="-0.985248" m31="-0.182744"
			m02="0.165559" m12="0.971525" m22="-0.169496" m32="0.0379183"
			m03="0" m13="0" m23="0" m33="1"/>
	</frame>
	<frame index="2">
		<transform name="pBip Pelvis"
			m00="0.0435785" m10="0.866025" m20="-0.498097" m30="-0.0942387"
			m01="-0.0754803" m11="0.5" m21="0.86273" m31="-0.120378"
			m02="0.996195" m12="1.20868e-007" m22="0.0871571" m32="0.429349"
			m03="0" m13="0" m23="0" m33="1"/>
		<transform name="pBip Spine"
			m00="0.330126" m10="0.849624" m20="-0.411287" m30="-0.125221"
			m01="0.0864744" m11="0.406661" m21="0.909477" m31="-0.151937"
			m02="0.939968" m12="-0.335808" m22="0.0607787" m32="0.56478"
			m03="0" m13="0" m23="0" m33="1"/>
		<transform name="pBip L Thigh"
			m00="0.388647" m10="0.173747" m20="0.904857" m30="-0.15839"
			m01="0.378789" m11="0.865103" m21="-0.328808" m31="-0.00926423"
			m02="-0.839924" m12="0.47054" m22="0.270406" m32="0.440574"
			m03="0" m13="0" m23="0" m33="1"/>
		<transform name="pBip Spine1"
			m00="0.000383239" m10="0.950146" m20="-0.311804" m30="-0.0903099"
			m01="0.0441565" m11="0.311484" m21="0.949225" m31="-0.142798"
			m02="0.999025" m12="-0.014132" m22="-0.0418358" m32="0.664413"
			m03="0" m13="0" m23="0" m33="1"/>
		<transform name="pBip L Calf"
			m00="0.16851" m10="0.390946" m20="0.904857" m30="-0.0932775"
			m01="-0.306665" m11="0.89322" m21="-0.328808" m31="0.0541968"
			m02="-0.936782" m12="-0.22208" m22="0.270406" m32="0.299856"
			m03="0" m13="0" m23="0" m33="1"/>
		<transform name="pBip L Foot"
			m00="0.122068" m10="0.52263" m20="0.843776" m30="-0.0619078"
			m01="0.191914" m11="0.821661" m21="-0.536696" m31="-0.00289165"
			m02="-0.973791" m12="0.227445" m22="-1.42908e-006" m32="0.125465"
			m03="0" m13="0" m23="0" m33="1"/>
		<transform name="pBip Tail"
			m00="-0.0428879" m10="0.866059" m20="0.498098" m30="-0.0438264"
			m01="0.0758774" m11="0.499941" m21="-0.862729" m31="-0.0888032"
			m02="-0.996194" m12="0.000793726" m22="-0.0871558" m32="0.404904"
			m03="0" m13="0" m23="0" m33="1"/>
		<transform name="pBip R Thigh"
			m00="0.772259" m10="0.624648" m20="0.115891" m30="-0.0300874"
			m01="0.0808591" m11="0.0842931" m21="-0.993155" m31="-0.231492"
			m02="-0.630141" m12="0.776344" m22="0.0145877" m32="0.418124"
			m03="0" m13="0" m23="0" m33="1"/>
		<transform name="pBip R Calf"
			m00="0.031463" m10="0.992763" m20="0.115891" m30="0.0992942"
			m01="-0.0110087" m11="0.116286" m21="-0.993155" m31="-0.217945"
			m02="-0.999444" m12="0.0299718" m22="0.0145877" m32="0.312552"
			m03="0" m13="0" m23="0" m33="1"/>
		<transform name="pBip R Foot"
			m00="0.321983" m10="0.943728" m20="0.0755256" m30="0.105151"
			m01="0.335059" m11="-0.0389777" m21="-0.94139" m31="-0.219994"
			m02="-0.885473" m12="0.328418" m22="-0.328755" m32="0.126496"
			m03="0" m13="0" m23="0" m33="1"/>
		<transform name="pBip Spine2"
			m00="-0.325634" m10="0.928951" m20="-0.176102" m30="-0.0903511"
			m01="0.0448284" m11="0.201214" m21="0.978521" m31="-0.138135"
			m02="0.944433" m12="0.310745" m22="-0.107165" m32="0.770277"
			m03="0" m13="0" m23="0" m33="1"/>
		<transform name="pBip L UpperArm"
			m00="0.0512492" m10="-0.476448" m20="0.877708" m30="-0.150236"
			m01="0.965882" m11="0.247048" m21="0.0777076" m31="-0.000469439"
			m02="-0.253859" m12="0.84378" m22="0.472854" m32="0.860155"
			m03="0" m13="0" m23="0" m33="1"/>
		<transform name="pBip L Clavicle"
			m00="-0.176105" m10="-0.928691" m20="-0.326374" m30="-0.129008"
			m01="0.97852" m11="-0.201252" m21="0.0446682" m31="-0.118423"
			m02="-0.107166" m12="-0.311497" m22="0.944185" m32="0.873073"
			m03="0" m13="0" m23="0" m33="1"/>
		<transform name="pBip R UpperArm"
			m00="-0.36573" m10="-0.801285" m20="-0.473482" m30="-0.102468"
			m01="-0.84437" m11="0.0716563" m21="0.530947" m31="-0.265889"
			m02="-0.391512" m12="0.593977" m22="-0.702787" m32="0.889224"
			m03="0" m13="0" m23="0" m33="1"/>
		<transform name="pBip R Clavicle"
			m00="0.176105" m10="-0.928691" m20="0.326374" m30="-0.123696"
			m01="-0.97852" m11="-0.201252" m21="-0.0446682" m31="-0.147935"
			m02="0.107166" m12="-0.311497" m22="-0.944185" m32="0.876306"
			m03="0" m13="0" m23="0" m33="1"/>
		<transform name="pBip R Forearm"
			m00="0.319259" m10="-0.820907" m20="-0.473482" m30="-0.178604"
			m01="-0.640183" m11="-0.555213" m21="0.530947" m31="-0.441665"
			m02="-0.698741" m12="0.133605" m22="-0.702787" m32="0.807721"
			m03="0" m13="0" m23="0" m33="1"/>
		<transform name="pBip R Hand"
			m00="0.283037" m10="0.382112" m20="0.879705" m30="-0.126389"
			m01="-0.670931" m11="0.734318" m21="-0.103095" m31="-0.546366"
			m02="-0.685377" m12="-0.561042" m22="0.46421" m32="0.693442"
			m03="0" m13="0" m23="0" m33="1"/>
		<transform name="pBip Neck"
			m00="0.0845938" m10="0.98073" m20="-0.176102" m30="-0.126423"
			m01="0.123509" m11="0.165052" m21="0.978521" m31="-0.133191"
			m02="0.988731" m12="-0.104527" m22="-0.107167" m32="0.874697"
			m03="0" m13="0" m23="0" m33="1"/>
		<transform name="pBip L Forearm"
			m00="0.389362" m10="-0.279332" m20="0.877708" m30="-0.139567"
			m01="0.459553" m11="0.884744" m21="0.0777076" m31="0.200603"
			m02="-0.798253" m12="0.373097" m22="0.472854" m32="0.807308"
			m03="0" m13="0" m23="0" m33="1"/>
		<transform name="pBip L Hand"
			m00="0.377188" m10="-0.0724583" m20="-0.923298" m30="-0.0758872"
			m01="0.534919" m11="-0.796786" m21="0.281057" m31="0.275762"
			m02="-0.756036" m12="-0.599901" m22="-0.261779" m32="0.676755"
			m03="0" m13="0" m23="0" m33="1"/>
		<transform name="pBip L Finger1"
			m00="0.377188" m10="-0.0717231" m20="-0.923355" m30="-0.00626548"
			m01="0.534919" m11="-0.79701" m21="0.280422" m31="0.374498"
			m02="-0.756036" m12="-0.599693" m22="-0.262257" m32="0.537205"
			m03="0" m13="0" m23="0" m33="1"/>
		<transform name="pBip L Finger11"
			m00="0.187509" m10="-0.335046" m20="-0.923355" m30="0.0222101"
			m01="-0.266705" m11="-0.92208" m21="0.280422" m31="0.414881"
			m02="-0.945362" m12="0.193682" m22="-0.262257" m32="0.480128"
			m03="0" m13="0" m23="0" m33="1"/>
		<transform name="pBip L Finger0"
			m00="0.948878" m10="-0.289457" m20="0.125876" m30="0.0814273"
			m01="-0.236956" m11="-0.389787" m21="0.889898" m31="0.265224"
			m02="-0.208522" m12="-0.874232" m22="-0.438449" m32="0.662163"
			m03="0" m13="0" m23="0" m33="1"/>
		<transform name="pBip L Finger01"
			m00="0.736406" m10="-0.664727" m20="0.125876" m30="0.170859"
			m01="-0.379959" m11="-0.252415" m21="0.889898" m31="0.242891"
			m02="-0.559766" m12="-0.703153" m22="-0.438449" m32="0.64251"
			m03="0" m13="0" m23="0" m33="1"/>
		<transform name="pBip Prop1"
			m00="0.397286" m10="-0.313626" m20="0.86244" m30="-0.304934"
			m01="0.732908" m11="0.674008" m21="-0.0925141" m31="-0.577867"
			m02="-0.552276" m12="0.668844" m22="0.497633" m32="0.486898"
			m03="0" m13="0" m23="0" m33="1"/>
		<transform name="pBip Head"
			m00="-0.414039" m10="0.910058" m20="-0.0191165" m30="-0.118675"
			m01="-0.0157801" m11="0.0138219" m21="0.99978" m31="-0.121878"
			m02="0.910122" m12="0.41425" m22="0.00863796" m32="0.965261"
			m03="0" m13="0" m23="0" m33="1"/>
		<transform name="pBip Ponytail1"
			m00="-0.41506" m10="-0.90975" m20="0.00891929" m30="-0.211565"
			m01="0.00288475" m11="-0.0111196" m21="-0.999934" m31="-0.127423"
			m02="0.90979" m12="-0.415006" m22="0.00723971" m32="1.40126"
			m03="0" m13="0" m23="0" m33="1"/>
		<transform name="pBip L Toe0"
			m00="0.52263" m10="-0.122068" m20="0.843776" m30="0.00902003"
			m01="0.821661" m11="-0.191914" m21="-0.536696" m31="0.108619"
			m02="0.227445" m12="0.973791" m22="-1.42908e-006" m32="0.0508666"
			m03="0" m13="0" m23="0" m33="1"/>
		<transform name="pBip R Toe0"
			m00="0.943728" m10="-0.321983" m20="0.0755256" m30="0.243658"
			m01="-0.0389777" m11="-0.335059" m21="-0.94139" m31="-0.189938"
			m02="0.328418" m12="0.885473" m22="-0.328755" m32="0.0722494"
			m03="0" m13="0" m23="0" m33="1"/>
	</frame>
	<frame index="3">
		<transform name="pBip Pelvis"
			m00="0.0457984" m10="0.865961" m20="-0.498011" m30="-0.0989545"
			m01="-0.0742973" m11="0.500106" m21="0.862771" m31="-0.128233"
			m02="0.996184" m12="-0.00251272" m22="0.0872426" m32="0.428037"
			m03="0" m13="0" m23="0" m33="1"/>
		<transform name="pBip Spine"
			m00="0.330467" m10="0.847356" m20="-0.415667" m30="-0.129632"
			m01="0.0906938" m11="0.409862" m21="0.907627" m31="-0.159636"
			m02="0.93945" m12="-0.33764" m22="0.0585962" m32="0.563574"
			m03="0" m13="0" m23="0" m33="1"/>
		<transform name="pBip L Thigh"
			m00="0.406699" m10="0.180907" m20="0.895471" m30="-0.163095"
			m01="0.407458" m11="0.841383" m21="-0.355037" m31="-0.0171135"
			m02="-0.817663" m12="0.509261" m22="0.268478" m32="0.439273"
			m03="0" m13="0" m23="0" m33="1"/>
		<transform name="pBip Spine1"
			m00="0.00132447" m10="0.948081" m20="-0.318027" m30="-0.0946847"
			m01="0.0461608" m11="0.31763" m21="0.94709" m31="-0.15005"
			m02="0.998933" m12="-0.0159348" m22="-0.0433434" m32="0.663152"
			m03="0" m13="0" m23="0" m33="1"/>
		<transform name="pBip L Calf"
			m00="0.162104" m10="0.414553" m20="0.895471" m30="-0.0949578"
			m01="-0.301624" m11="0.884857" m21="-0.355037" m31="0.0511506"
			m02="-0.939545" m12="-0.212543" m22="0.268478" m32="0.302285"
			m03="0" m13="0" m23="0" m33="1"/>
		<transform name="pBip L Foot"
			m00="0.145264" m10="0.517677" m20="0.843154" m30="-0.0647807"
			m01="0.208084" m11="0.817148" m21="-0.53756" m31="-0.00499948"
			m02="-0.967264" m12="0.253535" m22="0.0109814" m32="0.12738"
			m03="0" m13="0" m23="0" m33="1"/>
		<transform name="pBip Tail"
			m00="-0.0451079" m10="0.865996" m20="0.498012" m30="-0.0486005"
			m01="0.0746944" m11="0.500047" m21="-0.862771" m31="-0.0966806"
			m02="-0.996186" m12="-0.00171912" m22="-0.0872412" m32="0.403443"
			m03="0" m13="0" m23="0" m33="1"/>
		<transform name="pBip R Thigh"
			m00="0.77766" m10="0.613885" m20="0.13561" m30="-0.0348143"
			m01="0.106519" m11="0.0839282" m21="-0.990762" m31="-0.239352"
			m02="-0.619596" m12="0.784921" m22="-0.000122596" m32="0.416801"
			m03="0" m13="0" m23="0" m33="1"/>
		<transform name="pBip R Calf"
			m00="0.0448875" m10="0.989745" m20="0.13561" m30="0.0954721"
			m01="0.00626758" m11="0.135465" m21="-0.990762" m31="-0.221506"
			m02="-0.998972" m12="0.0453228" m22="-0.000122596" m32="0.312996"
			m03="0" m13="0" m23="0" m33="1"/>
		<transform name="pBip R Foot"
			m00="0.331512" m10="0.940251" m20="0.0776317" m30="0.103828"
			m01="0.336499" m11="-0.0409661" m21="-0.940792" m31="-0.220339"
			m02="-0.881401" m12="0.338007" m22="-0.329975" m32="0.127028"
			m03="0" m13="0" m23="0" m33="1"/>
		<transform name="pBip Spine2"
			m00="-0.324432" m10="0.927737" m20="-0.184521" m30="-0.0946259"
			m01="0.0434478" m11="0.209483" m21="0.976847" m31="-0.145175"
			m02="0.94491" m12="0.308904" m22="-0.108271" m32="0.769006"
			m03="0" m13="0" m23="0" m33="1"/>
		<transform name="pBip L UpperArm"
			m00="0.0472785" m10="-0.476445" m20="0.877932" m30="-0.15552"
			m01="0.969873" m11="0.232172" m21="0.0737675" m31="-0.00788933"
			m02="-0.238977" m12="0.847996" m22="0.473068" m32="0.858788"
			m03="0" m13="0" m23="0" m33="1"/>
		<transform name="pBip L Clavicle"
			m00="-0.184524" m10="-0.927477" m20="-0.325171" m30="-0.133277"
			m01="0.976846" m11="-0.20952" m21="0.043281" m31="-0.125641"
			m02="-0.108272" m12="-0.309656" m22="0.944664" m32="0.871839"
			m03="0" m13="0" m23="0" m33="1"/>
		<transform name="pBip R UpperArm"
			m00="-0.368387" m10="-0.799091" m20="-0.475125" m30="-0.105468"
			m01="-0.844662" m11="0.0741879" m21="0.530134" m31="-0.272855"
			m02="-0.388377" m12="0.596615" m22="-0.702292" m32="0.888156"
			m03="0" m13="0" m23="0" m33="1"/>
		<transform name="pBip R Clavicle"
			m00="0.184524" m10="-0.927477" m20="0.325171" m30="-0.127711"
			m01="-0.976846" m11="-0.20952" m21="-0.0432809" m31="-0.155103"
			m02="0.108272" m12="-0.309656" m22="-0.944664" m32="0.875105"
			m03="0" m13="0" m23="0" m33="1"/>
		<transform name="pBip R Forearm"
			m00="0.303387" m10="-0.825961" m20="-0.475125" m30="-0.182157"
			m01="-0.650494" m11="-0.543889" m21="0.530134" m31="-0.448692"
			m02="-0.696286" m12="0.14823" m22="-0.702292" m32="0.807306"
			m03="0" m13="0" m23="0" m33="1"/>
		<transform name="pBip R Hand"
			m00="0.266953" m10="0.384448" m20="0.883706" m30="-0.132538"
			m01="-0.680673" m11="0.724357" m21="-0.109505" m31="-0.555079"
			m02="-0.682217" m12="-0.572282" m22="0.455053" m32="0.693429"
			m03="0" m13="0" m23="0" m33="1"/>
		<transform name="pBip Neck"
			m00="0.0851905" m10="0.979129" m20="-0.184521" m30="-0.130565"
			m01="0.125646" m11="0.173159" m21="0.976846" m31="-0.140385"
			m02="0.988411" m12="-0.106402" m22="-0.108272" m32="0.87348"
			m03="0" m13="0" m23="0" m33="1"/>
		<transform name="pBip L Forearm"
			m00="0.38739" m10="-0.281361" m20="0.877932" m30="-0.145677"
			m01="0.471194" m11="0.878939" m21="0.0737675" m31="0.194014"
			m02="-0.792404" m12="0.3851" m22="0.473068" m32="0.809039"
			m03="0" m13="0" m23="0" m33="1"/>
		<transform name="pBip L Hand"
			m00="0.375053" m10="-0.0709369" m20="-0.924285" m30="-0.0823201"
			m01="0.545958" m11="-0.788897" m21="0.282083" m31="0.271077"
			m02="-0.749176" m12="-0.610418" m22="-0.25715" m32="0.679442"
			m03="0" m13="0" m23="0" m33="1"/>
		<transform name="pBip L Finger1"
			m00="0.375053" m10="-0.0702009" m20="-0.924341" m30="-0.0130924"
			m01="0.545958" m11="-0.789121" m21="0.281455" m31="0.37185"
			m02="-0.749176" m12="-0.610213" m22="-0.257636" m32="0.541158"
			m03="0" m13="0" m23="0" m33="1"/>
		<transform name="pBip L Finger11"
			m00="0.187303" m10="-0.332432" m20="-0.924341" m30="0.015222"
			m01="-0.253567" m11="-0.925466" m21="0.281455" m31="0.413067"
			m02="-0.949011" m12="0.181665" m22="-0.257636" m32="0.4846"
			m03="0" m13="0" m23="0" m33="1"/>
		<transform name="pBip L Finger0"
			m00="0.949298" m10="-0.289269" m20="0.123112" m30="0.0750075"
			m01="-0.231642" m11="-0.378848" m21="0.896" m31="0.261151"
			m02="-0.212544" m12="-0.879089" m22="-0.426646" m32="0.664565"
			m03="0" m13="0" m23="0" m33="1"/>
		<transform name="pBip L Finger01"
			m00="0.736865" m10="-0.664735" m20="0.123112" m30="0.164479"
			m01="-0.370505" m11="-0.244765" m21="0.896" m31="0.239318"
			m02="-0.565469" m12="-0.705845" m22="-0.426646" m32="0.644533"
			m03="0" m13="0" m23="0" m33="1"/>
		<transform name="pBip Prop1"
			m00="0.399705" m10="-0.297692" m20="0.866958" m30="-0.313829"
			m01="0.722844" m11="0.683969" m21="-0.0984039" m31="-0.586316"
			m02="-0.563678" m12="0.666008" m22="0.48857" m32="0.48925"
			m03="0" m13="0" m23="0" m33="1"/>
		<transform name="pBip Head"
			m00="-0.396427" m10="0.917865" m20="-0.0192224" m30="-0.122762"
			m01="-0.0145067" m11="0.0146726" m21="0.999787" m31="-0.128876"
			m02="0.917952" m12="0.396622" m22="0.00749859" m32="0.964014"
			m03="0" m13="0" m23="0" m33="1"/>
		<transform name="pBip Ponytail1"
			m00="-0.397459" m10="-0.917572" m20="0.00933299" m30="-0.207235"
			m01="0.00415732" m11="-0.0119714" m21="-0.99992" m31="-0.133785"
			m02="0.91761" m12="-0.397388" m22="0.00857277" m32="1.40173"
			m03="0" m13="0" m23="0" m33="1"/>
		<transform name="pBip L Toe0"
			m00="0.517677" m10="-0.145264" m20="0.843154" m30="0.00797606"
			m01="0.817147" m11="-0.208084" m21="-0.53756" m31="0.107668"
			m02="0.253535" m12="0.967264" m22="0.0109814" m32="0.0563664"
			m03="0" m13="0" m23="0" m33="1"/>
		<transform name="pBip R Toe0"
			m00="0.940251" m10="-0.331512" m20="0.0776317" m30="0.242926"
			m01="-0.0409661" m11="-0.336499" m21="-0.940792" m31="-0.190357"
			m02="0.338007" m12="0.881401" m22="-0.329975" m32="0.0742709"
			m03="0" m13="0" m23="0" m33="1"/>
	</frame>
	<frame index="4">
		<transform name="pBip Pelvis"
			m00="0.0519634" m10="0.865751" m20="-0.49777" m30="-0.10161"
			m01="-0.0710099" m11="0.500385" m21="0.862886" m31="-0.13511"
			m02="0.996121" m12="-0.0094919" m22="0.0874786" m32="0.425951"
			m03="0" m13="0" m23="0" m33="1"/>
		<transform name="pBip Spine"
			m00="0.334633" m10="0.843766" m20="-0.419618" m30="-0.131441"
			m01="0.0966692" m11="0.412204" m21="0.905949" m31="-0.166079"
			m02="0.937377" m12="-0.343725" m22="0.0563709" m32="0.561777"
			m03="0" m13="0" m23="0" m33="1"/>
		<transform name="pBip L Thigh"
			m00="0.422691" m10="0.188113" m20="0.886536" m30="-0.165719"
			m01="0.438747" m11="0.813468" m21="-0.381799" m31="-0.0239763"
			m02="-0.79299" m12="0.550348" m22="0.261311" m32="0.437218"
			m03="0" m13="0" m23="0" m33="1"/>
		<transform name="pBip Spine1"
			m00="0.00599735" m10="0.946494" m20="-0.322664" m30="-0.0960516"
			m01="0.0508856" m11="0.321963" m21="0.945384" m31="-0.15586"
			m02="0.998686" m12="-0.0220887" m22="-0.046232" m32="0.661135"
			m03="0" m13="0" m23="0" m33="1"/>
		<transform name="pBip L Calf"
			m00="0.14663" m10="0.43881" m20="0.886536" m30="-0.0949032"
			m01="-0.303825" m11="0.87288" m21="-0.381799" m31="0.0495299"
			m02="-0.941377" m12="-0.213368" m22="0.261311" m32="0.304363"
			m03="0" m13="0" m23="0" m33="1"/>
		<transform name="pBip L Foot"
			m00="0.167587" m10="0.512294" m20="0.8423" m30="-0.0676068"
			m01="0.223319" m11="0.812447" m21="-0.53857" m31="-0.00702986"
			m02="-0.960231" m12="0.278359" m22="0.021751" m32="0.129117"
			m03="0" m13="0" m23="0" m33="1"/>
		<transform name="pBip Tail"
			m00="-0.0512731" m10="0.865792" m20="0.497771" m30="-0.0514201"
			m01="0.0714073" m11="0.500329" m21="-0.862886" m31="-0.103622"
			m02="-0.996129" m12="-0.00869835" m22="-0.0874773" m32="0.400944"
			m03="0" m13="0" m23="0" m33="1"/>
		<transform name="pBip R Thigh"
			m00="0.785975" m10="0.598384" m20="0.1555" m30="-0.0375011"
			m01="0.13154" m11="0.0839073" m21="-0.987753" m31="-0.246244"
			m02="-0.604103" m12="0.796804" m22="-0.0127624" m32="0.414685"
			m03="0" m13="0" m23="0" m33="1"/>
		<transform name="pBip R Calf"
			m00="0.0454589" m10="0.986789" m20="0.1555" m30="0.0941783"
			m01="0.0200612" m11="0.154728" m21="-0.987753" m31="-0.224206"
			m02="-0.998765" m12="0.0480217" m22="-0.0127624" m32="0.313475"
			m03="0" m13="0" m23="0" m33="1"/>
		<transform name="pBip R Foot"
			m00="0.340016" m10="0.937083" m20="0.0791483" m30="0.102641"
			m01="0.336263" m11="-0.0425488" m21="-0.940806" m31="-0.220472"
			m02="-0.878246" m12="0.346504" m22="-0.329574" m32="0.127546"
			m03="0" m13="0" m23="0" m33="1"/>
		<transform name="pBip Spine2"
			m00="-0.320004" m10="0.928247" m20="-0.189618" m30="-0.0954976"
			m01="0.0464005" m11="0.215257" m21="0.975454" m31="-0.150485"
			m02="0.946279" m12="0.303351" m22="-0.111954" m32="0.766964"
			m03="0" m13="0" m23="0" m33="1"/>
		<transform name="pBip L UpperArm"
			m00="0.0423291" m10="-0.47207" m20="0.880544" m30="-0.156593"
			m01="0.972743" m11="0.220589" m21="0.0714991" m31="-0.0130612"
			m02="-0.227991" m12="0.853516" m22="0.46854" m32="0.856398"
			m03="0" m13="0" m23="0" m33="1"/>
		<transform name="pBip L Clavicle"
			m00="-0.18962" m10="-0.927991" m20="-0.320743" m30="-0.133735"
			m01="0.975454" m11="-0.215297" m21="0.0462292" m31="-0.130645"
			m02="-0.111955" m12="-0.304104" m22="0.946037" m32="0.869893"
			m03="0" m13="0" m23="0" m33="1"/>
		<transform name="pBip R UpperArm"
			m00="-0.373464" m10="-0.793995" m20="-0.479683" m30="-0.105159"
			m01="-0.845713" m11="0.0789462" m21="0.527766" m31="-0.277649"
			m02="-0.381175" m12="0.602776" m22="-0.700976" m32="0.886765"
			m03="0" m13="0" m23="0" m33="1"/>
		<transform name="pBip R Clavicle"
			m00="0.18962" m10="-0.927991" m20="0.320743" m30="-0.128017"
			m01="-0.975454" m11="-0.215297" m21="-0.0462291" m31="-0.160065"
			m02="0.111955" m12="-0.304104" m22="-0.946037" m32="0.87327"
			m03="0" m13="0" m23="0" m33="1"/>
		<transform name="pBip R Forearm"
			m00="0.286066" m10="-0.8295" m20="-0.479683" m30="-0.182905"
			m01="-0.661172" m11="-0.533212" m21="0.527766" m31="-0.453705"
			m02="-0.693555" m12="0.166177" m22="-0.700976" m32="0.807414"
			m03="0" m13="0" m23="0" m33="1"/>
		<transform name="pBip R Hand"
			m00="0.24952" m10="0.383756" m20="0.889084" m30="-0.136119"
			m01="-0.690799" m11="0.713957" m21="-0.114294" m31="-0.561839"
			m02="-0.678629" m12="-0.58566" m22="0.443245" m32="0.693984"
			m03="0" m13="0" m23="0" m33="1"/>
		<transform name="pBip Neck"
			m00="0.0894381" m10="0.977776" m20="-0.189618" m30="-0.130947"
			m01="0.13071" m11="0.177211" m21="0.975454" m31="-0.145368"
			m02="0.987378" m12="-0.112028" m22="-0.111955" m32="0.871589"
			m03="0" m13="0" m23="0" m33="1"/>
		<transform name="pBip L Forearm"
			m00="0.381459" m10="-0.281303" m20="0.880544" m30="-0.147781"
			m01="0.479811" m11="0.874453" m21="0.0714991" m31="0.189439"
			m02="-0.790108" m12="0.395221" m22="0.46854" m32="0.808936"
			m03="0" m13="0" m23="0" m33="1"/>
		<transform name="pBip L Hand"
			m00="0.369189" m10="-0.0726139" m20="-0.926513" m30="-0.0853938"
			m01="0.554123" m11="-0.783148" m21="0.28218" m31="0.267912"
			m02="-0.746087" m12="-0.617581" m22="-0.248893" m32="0.679714"
			m03="0" m13="0" m23="0" m33="1"/>
		<transform name="pBip L Finger1"
			m00="0.369189" m10="-0.0718761" m20="-0.926571" m30="-0.0172486"
			m01="0.554123" m11="-0.783373" m21="0.281557" m31="0.370192"
			m02="-0.746087" m12="-0.617382" m22="-0.249384" m32="0.542001"
			m03="0" m13="0" m23="0" m33="1"/>
		<transform name="pBip L Finger11"
			m00="0.18225" m10="-0.329016" m20="-0.926571" m30="0.0106231"
			m01="-0.243915" m11="-0.928025" m21="0.281557" m31="0.412026"
			m02="-0.952518" m12="0.17469" m22="-0.249384" m32="0.485675"
			m03="0" m13="0" m23="0" m33="1"/>
		<transform name="pBip L Finger0"
			m00="0.948586" m10="-0.293579" m20="0.118308" m30="0.0718663"
			m01="-0.227144" m11="-0.371086" m21="0.900389" m31="0.258533"
			m02="-0.220432" m12="-0.880969" m22="-0.418692" m32="0.663804"
			m03="0" m13="0" m23="0" m33="1"/>
		<transform name="pBip L Finger01"
			m00="0.734392" m10="-0.668335" m20="0.118308" m30="0.161271"
			m01="-0.363139" m11="-0.239645" m21="0.900389" m31="0.237124"
			m02="-0.57341" m12="-0.7042" m22="-0.418692" m32="0.643028"
			m03="0" m13="0" m23="0" m33="1"/>
		<transform name="pBip Prop1"
			m00="0.39912" m10="-0.280457" m20="0.872953" m30="-0.320725"
			m01="0.712369" m11="0.694257" m21="-0.102654" m31="-0.593271"
			m02="-0.577264" m12="0.662835" m22="0.476881" m32="0.492827"
			m03="0" m13="0" m23="0" m33="1"/>
		<transform name="pBip Head"
			m00="-0.373499" m10="0.927425" m20="-0.0195305" m30="-0.122755"
			m01="-0.0113183" m11="0.0164964" m21="0.9998" m31="-0.133395"
			m02="0.927561" m12="0.373646" m22="0.0043355" m32="0.96203"
			m03="0" m13="0" m23="0" m33="1"/>
		<transform name="pBip Ponytail1"
			m00="-0.374549" m10="-0.927153" m20="0.0100434" m30="-0.196328"
			m01="0.0073439" m11="-0.0137979" m21="-0.999878" m31="-0.136741"
			m02="0.927178" m12="-0.374429" m22="0.0119769" m32="1.40172"
			m03="0" m13="0" m23="0" m33="1"/>
		<transform name="pBip L Toe0"
			m00="0.512294" m10="-0.167587" m20="0.8423" m30="0.00684126"
			m01="0.812447" m11="-0.223318" m21="-0.53857" m31="0.106677"
			m02="0.278359" m12="0.960231" m22="0.021751" m32="0.0615993"
			m03="0" m13="0" m23="0" m33="1"/>
		<transform name="pBip R Toe0"
			m00="0.937083" m10="-0.340016" m20="0.0791483" m30="0.242258"
			m01="-0.0425488" m11="-0.336263" m21="-0.940806" m31="-0.190691"
			m02="0.346504" m12="0.878246" m22="-0.329574" m32="0.0760621"
			m03="0" m13="0" m23="0" m33="1"/>
	</frame>
	<frame index="5">
		<transform name="pBip Pelvis"
			m00="0.0613097" m10="0.865351" m20="-0.497401" m30="-0.102506"
			m01="-0.066021" m11="0.500763" m21="0.863063" m31="-0.141117"
			m02="0.995933" m12="-0.0200752" m22="0.087833" m32="0.423249"
			m03="0" m13="0" m23="0" m33="1"/>
