<?xml version="1.0" encoding="ISO-8859-1" standalone="yes"?>

<!DOCTYPE animation [
	<!ELEMENT animation  (frame+)>
	<!ELEMENT frame      (transform+)>
	<!ELEMENT transform   EMPTY>
	<!ATTLIST frame index CDATA #REQUIRED>
	<!ATTLIST transform name CDATA #REQUIRED>
	<!ATTLIST transform m00 CDATA #REQUIRED>
	<!ATTLIST transform m01 CDATA #REQUIRED>
	<!ATTLIST transform m02 CDATA #REQUIRED>
	<!ATTLIST transform m03 CDATA #REQUIRED>
	<!ATTLIST transform m10 CDATA #REQUIRED>
	<!ATTLIST transform m11 CDATA #REQUIRED>
	<!ATTLIST transform m12 CDATA #REQUIRED>
	<!ATTLIST transform m13 CDATA #REQUIRED>
	<!ATTLIST transform m20 CDATA #REQUIRED>
	<!ATTLIST transform m21 CDATA #REQUIRED>
	<!ATTLIST transform m22 CDATA #REQUIRED>
	<!ATTLIST transform m23 CDATA #REQUIRED>
	<!ATTLIST transform m30 CDATA #REQUIRED>
	<!ATTLIST transform m31 CDATA #REQUIRED>
	<!ATTLIST transform m32 CDATA #REQUIRED>
	<!ATTLIST transform m33 CDATA #REQUIRED>
]>

<animation>
	<frame index="0">
		<transform name="pBip Pelvis"
			m00="-0.0796508" m10="0.964416" m20="0.252106" m30="0.28255"
			m01="-0.304114" m11="-0.264362" m21="0.91522" m31="-0.147113"
			m02="0.9493" m12="-0.0037709" m22="0.314349" m32="0.38204"
			m03="0" m13="0" m23="0" m33="1"/>
		<transform name="pBip Spine"
			m00="0.501979" m10="0.864851" m20="-0.00700659" m30="0.230632"
			m01="-0.0935283" m11="0.0623361" m21="0.993663" m31="-0.177209"
			m02="0.859808" m12="-0.498143" m22="0.11218" m32="0.511271"
			m03="0" m13="0" m23="0" m33="1"/>
		<transform name="pBip L Thigh"
			m00="0.602836" m10="0.781594" m20="-0.160307" m30="0.31502"
			m01="0.383433" m11="-0.459998" m21="-0.800862" m31="-0.029239"
			m02="-0.699691" m12="0.421322" m22="-0.576993" m32="0.422526"
			m03="0" m13="0" m23="0" m33="1"/>
		<transform name="pBip Spine1"
			m00="0.02887" m10="0.991008" m20="-0.130654" m30="0.283756"
			m01="0.12355" m11="0.126168" m21="0.984285" m31="-0.187133"
			m02="0.991918" m12="-0.0445586" m22="-0.118797" m32="0.60241"
			m03="0" m13="0" m23="0" m33="1"/>
		<transform name="pBip L Calf"
			m00="-0.977947" m10="0.133869" m20="-0.160307" m30="0.416017"
			m01="0.208143" m11="0.561512" m21="-0.800862" m31="0.0350001"
			m02="-0.0171965" m12="-0.816568" m22="-0.576993" m32="0.305302"
			m03="0" m13="0" m23="0" m33="1"/>
		<transform name="pBip L Foot"
			m00="-0.972363" m10="0.206024" m20="-0.109842" m30="0.233963"
			m01="0.168014" m11="0.290783" m21="-0.941922" m31="0.0737479"
			m02="-0.162118" m12="-0.934344" m22="-0.317362" m32="0.302101"
			m03="0" m13="0" m23="0" m33="1"/>
		<transform name="pBip Tail"
			m00="0.0804187" m10="0.964353" m20="-0.252105" m30="0.341835"
			m01="0.303902" m11="-0.264603" m21="-0.91522" m31="-0.155366"
			m02="-0.949303" m12="-0.00301434" m22="-0.314348" m32="0.358522"
			m03="0" m13="0" m23="0" m33="1"/>
		<transform name="pBip R Thigh"
			m00="0.424379" m10="0.872497" m20="-0.242179" m30="0.25008"
			m01="0.143484" m11="-0.328877" m21="-0.933409" m31="-0.264987"
			m02="-0.894044" m12="0.361371" m22="-0.264758" m32="0.341554"
			m03="0" m13="0" m23="0" m33="1"/>
		<transform name="pBip R Calf"
			m00="-0.864177" m10="0.441076" m20="-0.242179" m30="0.321179"
			m01="0.331575" m11="0.137135" m21="-0.933409" m31="-0.240948"
			m02="-0.378493" m12="-0.886931" m22="-0.264758" m32="0.191769"
			m03="0" m13="0" m23="0" m33="1"/>
		<transform name="pBip R Foot"
			m00="-0.167955" m10="0.98574" m20="-0.0103664" m30="0.160305"
			m01="-0.0120318" m11="-0.0125648" m21="-0.999849" m31="-0.179222"
			m02="-0.985721" m12="-0.167804" m22="0.0139705" m32="0.121309"
			m03="0" m13="0" m23="0" m33="1"/>
		<transform name="pBip Spine2"
			m00="-0.466023" m10="0.876074" m20="-0.12376" m30="0.286739"
			m01="0.283824" m11="0.28051" m21="0.916928" m31="-0.174062"
			m02="0.838014" m12="0.392183" m22="-0.379376" m32="0.707514"
			m03="0" m13="0" m23="0" m33="1"/>
		<transform name="pBip L UpperArm"
			m00="0.0997474" m10="-0.790056" m20="0.604865" m30="0.218432"
			m01="0.815026" m11="0.413585" m21="0.405808" m31="-0.0183274"
			m02="-0.570774" m12="0.452502" m22="0.68517" m32="0.748709"
			m03="0" m13="0" m23="0" m33="1"/>
		<transform name="pBip L Clavicle"
			m00="-0.123763" m10="-0.875703" m20="-0.46672" m30="0.233351"
			m01="0.916928" m11="-0.280739" m21="0.283601" m31="-0.128857"
			m02="-0.379377" m12="-0.392849" m22="0.837701" m32="0.79444"
			m03="0" m13="0" m23="0" m33="1"/>
		<transform name="pBip R UpperArm"
			m00="0.127947" m10="-0.981575" m20="-0.141915" m30="0.252002"
			m01="-0.977629" m11="-0.148909" m21="0.148547" m31="-0.26704"
			m02="-0.166943" m12="0.119734" m22="-0.978669" m32="0.851613"
			m03="0" m13="0" m23="0" m33="1"/>
		<transform name="pBip R Clavicle"
			m00="0.123763" m10="-0.875703" m20="0.46672" m30="0.237084"
			m01="-0.916928" m11="-0.280739" m21="-0.283601" m31="-0.156511"
			m02="0.379377" m12="-0.392849" m22="-0.837701" m32="0.805882"
			m03="0" m13="0" m23="0" m33="1"/>
		<transform name="pBip R Forearm"
			m00="0.962608" m10="0.230752" m20="-0.141915" m30="0.278638"
			m01="0.251181" m11="-0.956473" m21="0.148547" m31="-0.470558"
			m02="-0.10146" m12="-0.178639" m22="-0.978669" m32="0.81686"
			m03="0" m13="0" m23="0" m33="1"/>
		<transform name="pBip R Hand"
			m00="0.992155" m10="-0.0755127" m20="0.0996297" m30="0.436071"
			m01="0.0738181" m11="0.997059" m21="0.0205922" m31="-0.429477"
			m02="-0.100892" m12="-0.0130762" m22="0.994812" m32="0.800266"
			m03="0" m13="0" m23="0" m33="1"/>
		<transform name="pBip Neck"
			m00="-0.34488" m10="0.92843" m20="-0.138116" m30="0.23515"
			m01="0.372239" m11="0.27036" m21="0.887887" m31="-0.142703"
			m02="0.861682" m12="0.254802" m22="-0.43884" m32="0.800143"
			m03="0" m13="0" m23="0" m33="1"/>
		<transform name="pBip L Forearm"
			m00="0.781042" m10="-0.155281" m20="0.604865" m30="0.239197"
			m01="-0.134544" m11="0.904001" m21="0.405808" m31="0.15134"
			m02="-0.609813" m12="-0.398334" m22="0.68517" m32="0.629888"
			m03="0" m13="0" m23="0" m33="1"/>
		<transform name="pBip L Hand"
			m00="0.782404" m10="-0.013261" m20="-0.62263" m30="0.366936"
			m01="-0.208572" m11="-0.947616" m21="-0.241911" m31="0.129336"
			m02="-0.586806" m12="0.319135" m22="-0.744185" m32="0.530154"
			m03="0" m13="0" m23="0" m33="1"/>
		<transform name="pBip L Finger1"
			m00="0.554767" m10="-0.551863" m20="-0.62264" m30="0.511352"
			m01="-0.807371" m11="-0.537833" m21="-0.242665" m31="0.0908374"
			m02="-0.200959" m12="0.637325" m22="-0.743931" m32="0.421841"
			m03="0" m13="0" m23="0" m33="1"/>
		<transform name="pBip L Finger11"
			m00="-0.588451" m10="-0.515795" m20="-0.62264" m30="0.553234"
			m01="-0.481456" m11="0.842208" m21="-0.242665" m31="0.0298853"
			m02="0.649558" m12="0.156977" m22="-0.743931" m32="0.406669"
			m03="0" m13="0" m23="0" m33="1"/>
		<transform name="pBip L Finger0"
			m00="0.626606" m10="-0.580351" m20="0.520152" m30="0.507408"
			m01="-0.748124" m11="-0.634923" m21="0.192829" m31="0.145314"
			m02="0.218348" m12="-0.509966" m22="-0.832021" m32="0.601457"
			m03="0" m13="0" m23="0" m33="1"/>
		<transform name="pBip L Finger01"
			m00="-0.317552" m10="-0.792844" m20="0.520152" m30="0.566465"
			m01="-0.860675" m11="0.471227" m21="0.192829" m31="0.0748029"
			m02="-0.397993" m12="-0.386449" m22="-0.832021" m32="0.622037"
			m03="0" m13="0" m23="0" m33="1"/>
		<transform name="pBip Prop1"
			m00="-0.0745121" m10="-0.995016" m20="0.0662617" m30="0.520623"
			m01="0.99721" m11="-0.0746448" m21="0.000473281" m31="-0.401887"
			m02="0.00447517" m12="0.0661121" m22="0.997802" m32="0.540226"
			m03="0" m13="0" m23="0" m33="1"/>
		<transform name="pBip Head"
			m00="-0.377372" m10="0.925903" m20="0.0171583" m30="0.20356"
			m01="0.00698146" m11="-0.0156833" m21="0.999853" m31="-0.108608"
			m02="0.926035" m12="0.377436" m22="-0.000545713" m32="0.879069"
			m03="0" m13="0" m23="0" m33="1"/>
		<transform name="pBip Ponytail1"
			m00="-0.604408" m10="-0.796227" m20="-0.0267068" m30="0.128123"
			m01="0.0295457" m11="0.0110972" m21="-0.999502" m31="-0.107074"
			m02="0.796127" m12="-0.604896" m22="0.0168179" m32="1.31852"
			m03="0" m13="0" m23="0" m33="1"/>
		<transform name="pBip L Toe0"
			m00="0.149828" m10="0.982592" m20="-0.109842" m30="0.157118"
			m01="0.299954" m11="-0.151033" m21="-0.941922" m31="0.123491"
			m02="-0.942114" m12="0.108179" m22="-0.317362" m32="0.181061"
			m03="0" m13="0" m23="0" m33="1"/>
		<transform name="pBip R Toe0"
			m00="0.999998" m10="-0.00188963" m20="1.08239e-006" m30="0.253188"
			m01="1.06992e-006" m11="-7.06162e-007" m21="-1.0" m31="-0.181862"
			m02="0.00188964" m12="0.999998" m22="-7.0294e-007" m32="0.00132552"
			m03="0" m13="0" m23="0" m33="1"/>
	</frame>
	<frame index="1">
		<transform name="pBip Pelvis"
			m00="-0.118188" m10="0.912365" m20="0.391945" m30="0.269493"
			m01="-0.269411" m11="-0.409369" m21="0.871685" m31="-0.140362"
			m02="0.955746" m12="-0.00257189" m22="0.294183" m32="0.404454"
			m03="0" m13="0" m23="0" m33="1"/>
		<transform name="pBip Spine"
			m00="0.431063" m10="0.902173" m20="0.0163933" m30="0.214548"
			m01="-0.126737" m11="0.0425479" m21="0.991023" m31="-0.159573"
			m02="0.893377" m12="-0.429271" m22="0.132679" m32="0.534504"
			m03="0" m13="0" m23="0" m33="1"/>
		<transform name="pBip L Thigh"
			m00="0.779392" m10="0.610624" m20="-0.140309" m30="0.319973"
			m01="0.19134" m11="-0.445221" m21="-0.874738" m31="-0.0280952"
			m02="-0.596605" m12="0.654917" m22="-0.463839" m32="0.442342"
			m03="0" m13="0" m23="0" m33="1"/>
		<transform name="pBip Spine1"
			m00="-0.0976681" m10="0.96792" m20="-0.231498" m30="0.260157"
			m01="0.056235" m11="0.237605" m21="0.969732" m31="-0.173026"
			m02="0.993629" m12="0.0816936" m22="-0.0776375" m32="0.62919"
			m03="0" m13="0" m23="0" m33="1"/>
		<transform name="pBip L Calf"
			m00="-0.945211" m10="0.294771" m20="-0.140309" m30="0.45055"
			m01="0.257811" m11="0.410325" m21="-0.874738" m31="0.00396119"
			m02="-0.200275" m12="-0.862985" m22="-0.463839" m32="0.342389"
			m03="0" m13="0" m23="0" m33="1"/>
		<transform name="pBip L Foot"
			m00="-0.877075" m10="0.469903" m20="-0.0996544" m30="0.27459"
			m01="0.222449" m11="0.213458" m21="-0.95129" m31="0.0519551"
			m02="-0.425742" m12="-0.85652" m22="-0.291748" m32="0.305106"
			m03="0" m13="0" m23="0" m33="1"/>
		<transform name="pBip Tail"
			m00="0.118914" m10="0.912272" m20="-0.391944" m30="0.326629"
			m01="0.269083" m11="-0.409582" m21="-0.871686" m31="-0.158087"
			m02="-0.955748" m12="-0.00181021" m22="-0.294182" m32="0.380848"
			m03="0" m13="0" m23="0" m33="1"/>
		<transform name="pBip R Thigh"
			m00="-0.0580143" m10="0.930028" m20="-0.362881" m30="0.219013"
			m01="0.0731083" m11="-0.35856" m21="-0.93064" m31="-0.252629"
			m02="-0.995635" m12="-0.0805201" m22="-0.0471911" m32="0.366565"
			m03="0" m13="0" m23="0" m33="1"/>
		<transform name="pBip R Calf"
			m00="-0.854497" m10="0.371688" m20="-0.362881" m30="0.209294"
			m01="0.352537" m11="-0.0981194" m21="-0.93064" m31="-0.240381"
			m02="-0.381513" m12="-0.923158" m22="-0.0471911" m32="0.19976"
			m03="0" m13="0" m23="0" m33="1"/>
		<transform name="pBip R Foot"
			m00="-0.252577" m10="0.967318" m20="-0.0223835" m30="0.0502212"
			m01="-0.0343238" m11="-0.0320766" m21="-0.998896" m31="-0.174753"
			m02="-0.966968" m12="-0.251529" m22="0.0413038" m32="0.128737"
			m03="0" m13="0" m23="0" m33="1"/>
		<transform name="pBip Spine2"
			m00="-0.625422" m10="0.713856" m20="-0.315052" m30="0.249742"
			m01="0.115729" m11="0.484162" m21="0.867291" m31="-0.167108"
			m02="0.771657" m12="0.505962" m22="-0.385419" m32="0.734465"
			m03="0" m13="0" m23="0" m33="1"/>
		<transform name="pBip L UpperArm"
			m00="-0.052129" m10="-0.788876" m20="0.612338" m30="0.137869"
			m01="0.855088" m11="0.281478" m21="0.435423" m31="-0.0366891"
			m02="-0.515855" m12="0.546301" m22="0.659885" m32="0.767505"
			m03="0" m13="0" m23="0" m33="1"/>
		<transform name="pBip L Clavicle"
			m00="-0.315054" m10="-0.713356" m20="-0.62599" m30="0.175847"
			m01="0.86729" m11="-0.484256" m21="0.115344" m31="-0.141235"
			m02="-0.385421" m12="-0.506575" m22="0.771254" m32="0.813965"
			m03="0" m13="0" m23="0" m33="1"/>
		<transform name="pBip R UpperArm"
			m00="0.151585" m10="-0.988019" m20="0.0289938" m30="0.223326"
			m01="-0.983335" m11="-0.147757" m21="0.105925" m31="-0.271938"
			m02="-0.100372" m12="-0.0445672" m22="-0.993951" m32="0.872048"
			m03="0" m13="0" m23="0" m33="1"/>
		<transform name="pBip R Clavicle"
			m00="0.315054" m10="-0.713356" m20="0.62599" m30="0.185349"
			m01="-0.86729" m11="-0.484256" m21="-0.115344" m31="-0.167392"
			m02="0.385421" m12="-0.506575" m22="-0.771254" m32="0.825589"
			m03="0" m13="0" m23="0" m33="1"/>
		<transform name="pBip R Forearm"
			m00="0.959285" m10="0.280948" m20="0.0289938" m30="0.254882"
			m01="0.276535" m11="-0.955148" m21="0.105925" m31="-0.476643"
			m02="0.0574528" m12="-0.0935946" m22="-0.993951" m32="0.851154"
			m03="0" m13="0" m23="0" m33="1"/>
		<transform name="pBip R Hand"
			m00="0.989722" m10="-0.120229" m20="-0.0774349" m30="0.411772"
			m01="0.125161" m11="0.990176" m21="0.0623312" m31="-0.431416"
			m02="0.0691802" m12="-0.0713824" m22="0.995047" m32="0.86055"
			m03="0" m13="0" m23="0" m33="1"/>
		<transform name="pBip Neck"
			m00="-0.603493" m10="0.787506" m20="-0.125022" m30="0.18054"
			m01="0.482704" m11="0.485618" m21="0.728816" m31="-0.154349"
			m02="0.63466" m12="0.379487" m22="-0.673199" m32="0.819749"
			m03="0" m13="0" m23="0" m33="1"/>
		<transform name="pBip L Forearm"
			m00="0.737405" m10="-0.285089" m20="0.612338" m30="0.127017"
			m01="-0.0135755" m11="0.900123" m21="0.435423" m31="0.141319"
			m02="-0.675314" m12="-0.329396" m22="0.659885" m32="0.660117"
			m03="0" m13="0" m23="0" m33="1"/>
		<transform name="pBip L Hand"
			m00="0.739605" m10="0.164331" m20="-0.652671" m30="0.247619"
			m01="-0.0260496" m11="-0.962018" m21="-0.271739" m31="0.139098"
			m02="-0.672537" m12="0.217981" m22="-0.707233" m32="0.54967"
			m03="0" m13="0" m23="0" m33="1"/>
		<transform name="pBip L Finger1"
			m00="0.649729" m10="-0.389927" m20="-0.65254" m30="0.384136"
			m01="-0.68137" m11="-0.67932" m21="-0.272505" m31="0.13429"
			m02="-0.337027" m12="0.621675" m22="-0.707059" m32="0.425532"
			m03="0" m13="0" m23="0" m33="1"/>
		<transform name="pBip L Finger11"
			m00="-0.429245" m10="-0.624452" m20="-0.65254" m30="0.433187"
			m01="-0.636017" m11="0.721958" m21="-0.272505" m31="0.0828504"
			m02="0.641272" m12="0.298055" m22="-0.707059" m32="0.400089"
			m03="0" m13="0" m23="0" m33="1"/>
		<transform name="pBip L Finger0"
			m00="0.755873" m10="-0.521946" m20="0.395257" m30="0.39068"
			m01="-0.649083" m11="-0.676441" m21="0.348021" m31="0.171115"
			m02="0.0857203" m12="-0.519614" m22="-0.85009" m32="0.609506"
			m03="0" m13="0" m23="0" m33="1"/>
		<transform name="pBip L Finger01"
			m00="-0.210815" m10="-0.894052" m20="0.395257" m30="0.461921"
			m01="-0.866378" m11="0.358149" m21="0.348021" m31="0.109939"
			m02="-0.45271" m12="-0.269074" m22="-0.85009" m32="0.617586"
			m03="0" m13="0" m23="0" m33="1"/>
		<transform name="pBip Prop1"
			m00="-0.12233" m10="-0.986398" m20="-0.109797" m30="0.539167"
			m01="0.991022" m11="-0.127412" m21="0.0405099" m31="-0.408658"
			m02="-0.0539483" m12="-0.103855" m22="0.993128" m32="0.618096"
			m03="0" m13="0" m23="0" m33="1"/>
		<transform name="pBip Head"
			m00="-0.394409" m10="0.918911" m20="0.00660554" m30="0.125262"
			m01="0.00392317" m11="-0.00550443" m21="0.999977" m31="-0.110135"
			m02="0.918927" m12="0.394426" m22="-0.00143405" m32="0.877881"
			m03="0" m13="0" m23="0" m33="1"/>
		<transform name="pBip Ponytail1"
			m00="-0.61924" m10="-0.785029" m20="-0.0164551" m30="0.0417358"
			m01="0.0239527" m11="0.00206097" m21="-0.999711" m31="-0.108956"
			m02="0.784836" m12="-0.619456" m22="0.0175273" m32="1.31587"
			m03="0" m13="0" m23="0" m33="1"/>
		<transform name="pBip L Toe0"
			m00="0.445337" m10="0.8898" m20="-0.0996546" m30="0.237013"
			m01="0.21956" m11="-0.216429" m21="-0.95129" m31="0.0986498"
			m02="-0.868026" m12="0.401764" m22="-0.291748" m32="0.165686"
			m03="0" m13="0" m23="0" m33="1"/>
		<transform name="pBip R Toe0"
			m00="0.999998" m10="-0.00188998" m20="5.82084e-007" m30="0.132355"
			m01="5.21406e-007" m11="-9.63617e-007" m21="-1.0" m31="-0.181862"
			m02="0.00189" m12="0.999998" m22="-1.00305e-006" m32="0.0013256"
			m03="0" m13="0" m23="0" m33="1"/>
	</frame>
	<frame index="2">
		<transform name="pBip Pelvis"
			m00="-0.12941" m10="0.866026" m20="0.482962" m30="0.255964"
			m01="-0.224145" m11="-0.499999" m21="0.836517" m31="-0.134033"
			m02="0.965926" m12="3.44029e-007" m22="0.25882" m32="0.433185"
			m03="0" m13="0" m23="0" m33="1"/>
		<transform name="pBip Spine"
			m00="0.382326" m10="0.923209" m20="0.0388825" m30="0.201462"
			m01="-0.143196" m11="0.0176255" m21="0.989537" m31="-0.143234"
			m02="0.912865" m12="-0.383894" m22="0.138939" m32="0.564506"
			m03="0" m13="0" m23="0" m33="1"/>
		<transform name="pBip L Thigh"
			m00="0.877267" m10="0.463559" m20="-0.124564" m30="0.318166"
			m01="0.0449547" m11="-0.337712" m21="-0.940175" m31="-0.0262955"
			m02="-0.477893" m12="0.819185" m22="-0.317102" m32="0.46652"
			m03="0" m13="0" m23="0" m33="1"/>
		<transform name="pBip Spine1"
			m00="-0.180997" m10="0.937439" m20="-0.297402" m30="0.241908"
			m01="-0.000599611" m11="0.302291" m21="0.953215" m31="-0.158438"
			m02="0.983483" m12="0.172708" m22="-0.0541518" m32="0.661251"
			m03="0" m13="0" m23="0" m33="1"/>
		<transform name="pBip L Calf"
			m00="-0.877106" m10="0.463862" m20="-0.124564" m30="0.46514"
			m01="0.253749" m11="0.227336" m21="-0.940175" m31="-0.018764"
			m02="-0.407794" m12="-0.856242" m22="-0.317102" m32="0.386455"
			m03="0" m13="0" m23="0" m33="1"/>
		<transform name="pBip L Foot"
			m00="-0.696556" m10="0.713562" m20="-0.0750949" m30="0.301859"
			m01="0.218662" m11="0.111429" m21="-0.969418" m31="0.0284737"
			m02="-0.683371" m12="-0.691674" m22="-0.233646" m32="0.31054"
			m03="0" m13="0" m23="0" m33="1"/>
		<transform name="pBip Tail"
			m00="0.130099" m10="0.865923" m20="-0.482961" m30="0.31062"
			m01="0.223745" m11="-0.500176" m21="-0.836518" m31="-0.158256"
			m02="-0.965926" m12="0.000770086" m22="-0.258819" m32="0.409483"
			m03="0" m13="0" m23="0" m33="1"/>
		<transform name="pBip R Thigh"
			m00="-0.393752" m10="0.822109" m20="-0.411214" m30="0.193761"
			m01="0.0382461" m11="-0.432313" m21="-0.900912" m31="-0.241771"
			m02="-0.918421" m12="-0.370463" m22="0.138781" m32="0.399851"
			m03="0" m13="0" m23="0" m33="1"/>
		<transform name="pBip R Calf"
			m00="-0.804871" m10="0.427885" m20="-0.411214" m30="0.127793"
			m01="0.287393" m11="-0.325211" m21="-0.900912" m31="-0.235363"
			m02="-0.519218" m12="-0.843298" m22="0.138781" m32="0.245982"
			m03="0" m13="0" m23="0" m33="1"/>
		<transform name="pBip R Foot"
			m00="-0.56831" m10="0.822815" m20="3.14317e-007" m30="-0.0220407"
			m01="6.79674e-007" m11="9.48593e-007" m21="-1.0" m31="-0.181862"
			m02="-0.822815" m12="-0.56831" m22="-1.17054e-006" m32="0.149325"
			m03="0" m13="0" m23="0" m33="1"/>
		<transform name="pBip Spine2"
			m00="-0.705487" m10="0.559892" m20="-0.43452" m30="0.222674"
			m01="-0.0301043" m11="0.588877" m21="0.807662" m31="-0.158553"
			m02="0.708083" m12="0.582877" m22="-0.39859" m32="0.765443"
			m03="0" m13="0" m23="0" m33="1"/>
		<transform name="pBip L UpperArm"
			m00="-0.192095" m10="-0.766423" m20="0.61294" m30="0.0857467"
			m01="0.873122" m11="0.151685" m21="0.463302" m31="-0.0523439"
			m02="-0.448059" m12="0.62417" m22="0.640043" m32="0.789668"
			m03="0" m13="0" m23="0" m33="1"/>
		<transform name="pBip L Clavicle"
			m00="-0.434522" m10="-0.559329" m20="-0.705933" m30="0.138125"
			m01="0.80766" m11="-0.588855" m21="-0.0305732" m31="-0.149702"
			m02="-0.398592" m12="-0.583439" m22="0.707618" m32="0.837716"
			m03="0" m13="0" m23="0" m33="1"/>
		<transform name="pBip R UpperArm"
			m00="0.218496" m10="-0.955696" m20="0.197241" m30="0.203609"
			m01="-0.97583" m11="-0.213184" m21="0.048042" m31="-0.271418"
			m02="-0.003865" m12="-0.202971" m22="-0.979177" m32="0.897784"
			m03="0" m13="0" m23="0" m33="1"/>
		<transform name="pBip R Clavicle"
			m00="0.434522" m10="-0.559329" m20="0.705933" m30="0.15123"
			m01="-0.80766" m11="-0.588855" m21="0.0305733" m31="-0.174061"
			m02="0.398592" m12="-0.583439" m22="-0.707618" m32="0.849737"
			m03="0" m13="0" m23="0" m33="1"/>
		<transform name="pBip R Forearm"
			m00="0.928682" m10="0.314078" m20="0.197241" m30="0.249094"
			m01="0.31083" m11="-0.94925" m21="0.048042" m31="-0.474561"
			m02="0.20232" m12="0.0166927" m22="-0.979177" m32="0.89698"
			m03="0" m13="0" m23="0" m33="1"/>
		<transform name="pBip R Hand"
			m00="0.95555" m10="-0.158015" m20="-0.248909" m30="0.400979"
			m01="0.191923" m11="0.974254" m21="0.118298" m31="-0.423725"
			m02="0.223808" m12="-0.160811" m22="0.961275" m32="0.930069"
			m03="0" m13="0" m23="0" m33="1"/>
		<transform name="pBip Neck"
			m00="-0.760499" m10="0.648527" m20="0.0324678" m30="0.144631"
			m01="0.534463" m11="0.596777" m21="0.598503" m31="-0.161925"
			m02="0.368769" m12="0.472514" m22="-0.800462" m32="0.843692"
			m03="0" m13="0" m23="0" m33="1"/>
		<transform name="pBip L Forearm"
			m00="0.677618" m10="-0.406372" m20="0.61294" m30="0.0457576"
			m01="0.10839" m11="0.879547" m21="0.463302" m31="0.129418"
			m02="-0.727383" m12="-0.247506" m22="0.640043" m32="0.696394"
			m03="0" m13="0" m23="0" m33="1"/>
		<transform name="pBip L Hand"
			m00="0.663855" m10="0.323129" m20="-0.674451" m30="0.156581"
			m01="0.150463" m11="-0.941107" m21="-0.302784" m31="0.147145"
			m02="-0.732569" m12="0.0995244" m22="-0.673378" m32="0.577431"
			m03="0" m13="0" m23="0" m33="1"/>
		<transform name="pBip L Finger1"
			m00="0.705485" m10="-0.218527" m20="-0.674194" m30="0.279116"
			m01="-0.534416" m11="-0.788839" m21="-0.303533" m31="0.174918"
			m02="-0.4655" m12="0.574438" m22="-0.673298" m32="0.442213"
			m03="0" m13="0" m23="0" m33="1"/>
		<transform name="pBip L Finger11"
			m00="-0.257596" m10="-0.692176" m20="-0.674194" m30="0.332376"
			m01="-0.757753" m11="0.577649" m21="-0.303533" m31="0.134572"
			m02="0.599545" m12="0.432683" m22="-0.673298" m32="0.40707"
			m03="0" m13="0" m23="0" m33="1"/>
		<transform name="pBip L Finger0"
			m00="0.849387" m10="-0.463285" m20="0.252799" m30="0.298797"
			m01="-0.525768" m11="-0.701095" m21="0.481699" m31="0.195191"
			m02="-0.045928" m12="-0.542063" m22="-0.839082" m32="0.627812"
			m03="0" m13="0" m23="0" m33="1"/>
		<transform name="pBip L Finger01"
			m00="-0.116553" m10="-0.960473" m20="0.252799" m30="0.378852"
			m01="-0.845774" m11="0.229419" m21="0.481699" m31="0.145637"
			m02="-0.520656" m12="-0.157667" m22="-0.839082" m32="0.623483"
			m03="0" m13="0" m23="0" m33="1"/>
		<transform name="pBip Prop1"
			m00="-0.163095" m10="-0.946256" m20="-0.279283" m30="0.566432"
			m01="0.976034" m11="-0.196084" m21="0.0943846" m31="-0.407845"
			m02="-0.144075" m12="-0.257197" m22="0.955559" m32="0.711198"
			m03="0" m13="0" m23="0" m33="1"/>
		<transform name="pBip Head"
			m00="-0.402699" m10="0.91526" m20="-0.0115109" m30="0.0749717"
			m01="-0.0014614" m11="0.0119328" m21="0.999928" m31="-0.11297"
			m02="0.915331" m12="0.402687" m22="-0.00346776" m32="0.87747"
			m03="0" m13="0" m23="0" m33="1"/>
		<transform name="pBip Ponytail1"
			m00="-0.626636" m10="-0.77931" m20="0.00151318" m30="-0.0125149"
			m01="0.0142261" m11="-0.0133804" m21="-0.999809" m31="-0.112461"
			m02="0.779182" m12="-0.626495" m22="0.0194712" m32="1.31468"
			m03="0" m13="0" m23="0" m33="1"/>
		<transform name="pBip L Toe0"
			m00="0.701656" m10="0.708548" m20="-0.0750951" m30="0.310044"
			m01="0.115119" m11="-0.216742" m21="-0.969418" m31="0.0633802"
			m02="-0.703155" m12="0.671552" m22="-0.233646" m32="0.163079"
			m03="0" m13="0" m23="0" m33="1"/>
		<transform name="pBip R Toe0"
			m00="0.999998" m10="-0.00188994" m20="2.85739e-007" m30="0.0115224"
			m01="3.63869e-007" m11="-9.55076e-007" m21="-1.0" m31="-0.181862"
			m02="0.00188999" m12="0.999998" m22="-1.02659e-006" m32="0.00132557"
			m03="0" m13="0" m23="0" m33="1"/>
	</frame>
	<frame index="3">
		<transform name="pBip Pelvis"
			m00="-0.116072" m10="0.833218" m20="0.540625" m30="0.22106"
			m01="-0.170911" m11="-0.55294" m21="0.815504" m31="-0.125796"
			m02="0.978426" m12="0.00225817" m22="0.206587" m32="0.466815"
			m03="0" m13="0" m23="0" m33="1"/>
		<transform name="pBip Spine"
			m00="0.36469" m10="0.927705" m20="0.0797741" m30="0.169767"
			m01="-0.156581" m11="-0.0233531" m21="0.987389" m31="-0.125506"
			m02="0.917869" m12="-0.372582" m22="0.136744" m32="0.599738"
			m03="0" m13="0" m23="0" m33="1"/>
		<transform name="pBip L Thigh"
			m00="0.94719" m10="0.316148" m20="-0.0536844" m30="0.290689"
			m01="-0.0016187" m11="-0.162696" m21="-0.986675" m31="-0.0207645"
			m02="-0.320669" m12="0.934655" m22="-0.153592" m32="0.493422"
			m03="0" m13="0" m23="0" m33="1"/>
		<transform name="pBip Spine1"
			m00="-0.209239" m10="0.928577" m20="-0.306533" m30="0.208344"
			m01="-0.0451745" m11="0.303959" m21="0.951614" m31="-0.142128"
			m02="0.97682" m12="0.212962" m22="-0.0216521" m32="0.69701"
			m03="0" m13="0" m23="0" m33="1"/>
		<transform name="pBip L Calf"
			m00="-0.39625" m10="0.916572" m20="-0.0536844" m30="0.449378"
			m01="0.162235" m11="0.0123464" m21="-0.986675" m31="-0.0210357"
			m02="-0.903696" m12="-0.399679" m22="-0.153592" m32="0.439698"
			m03="0" m13="0" m23="0" m33="1"/>
		<transform name="pBip L Foot"
			m00="0.0752751" m10="0.996454" m20="-0.0375895" m30="0.375612"
			m01="0.184599" m11="-0.0509702" m21="-0.981491" m31="0.00916576"
			m02="-0.979927" m12="0.0669429" m22="-0.187781" m32="0.271467"
			m03="0" m13="0" m23="0" m33="1"/>
		<transform name="pBip Tail"
			m00="0.116735" m10="0.833126" m20="-0.540624" m30="0.273439"
			m01="0.170469" m11="-0.553075" m21="-0.815505" m31="-0.154472"
			m02="-0.978424" m12="0.00303781" m22="-0.206585" m32="0.442941"
			m03="0" m13="0" m23="0" m33="1"/>
		<transform name="pBip R Thigh"
			m00="-0.613014" m10="0.646908" m20="-0.453568" m30="0.151431"
			m01="0.020325" m11="-0.560982" m21="-0.827578" m31="-0.230827"
			m02="-0.78981" m12="-0.516536" m22="0.330741" m32="0.440209"
			m03="0" m13="0" m23="0" m33="1"/>
		<transform name="pBip R Calf"
			m00="-0.814671" m10="0.36137" m20="-0.453568" m30="0.0487289"
			m01="0.234525" m11="-0.510012" m21="-0.827578" m31="-0.227422"
			m02="-0.530387" m12="-0.780577" m22="0.330741" m32="0.307887"
			m03="0" m13="0" m23="0" m33="1"/>
		<transform name="pBip R Foot"
			m00="-0.722771" m10="0.691051" m20="0.00713587" m30="-0.10293"
			m01="-0.00273697" m11="0.00746317" m21="-0.999968" m31="-0.183763"
			m02="-0.691082" m12="-0.722768" m22="-0.0035028" m32="0.20915"
			m03="0" m13="0" m23="0" m33="1"/>
		<transform name="pBip Spine2"
			m00="-0.720022" m10="0.492365" m20="-0.489024" m30="0.186122"
			m01="-0.124981" m11="0.601165" m21="0.789291" m31="-0.146969"
			m02="0.682603" m12="0.629426" m22="-0.371316" m32="0.800492"
			m03="0" m13="0" m23="0" m33="1"/>
		<transform name="pBip L UpperArm"
			m00="-0.270724" m10="-0.726224" m20="0.631908" m30="0.0401963"
			m01="0.878553" m11="0.0819401" m21="0.470563" m31="-0.0537412"
			m02="-0.393513" m12="0.682558" m22="0.615843" m32="0.825599"
			m03="0" m13="0" m23="0" m33="1"/>
		<transform name="pBip L Clavicle"
			m00="-0.489025" m10="-0.49179" m20="-0.720414" m30="0.0991448"
			m01="0.789289" m11="-0.601068" m21="-0.12546" m31="-0.148884"
			m02="-0.371318" m12="-0.629968" m22="0.682102" m32="0.870359"
			m03="0" m13="0" m23="0" m33="1"/>
		<transform name="pBip R UpperArm"
			m00="0.281779" m10="-0.922743" m20="0.262954" m30="0.172842"
			m01="-0.958621" m11="-0.282337" m21="0.0364879" m31="-0.267832"
			m02="0.0405729" m12="-0.262355" m22="-0.964118" m32="0.926317"
			m03="0" m13="0" m23="0" m33="1"/>
		<transform name="pBip R Clavicle"
			m00="0.489025" m10="-0.49179" m20="0.720414" m30="0.113894"
			m01="-0.789289" m11="-0.601068" m21="0.12546" m31="-0.172689"
			m02="0.371318" m12="-0.629968" m22="-0.682102" m32="0.881558"
			m03="0" m13="0" m23="0" m33="1"/>
		<transform name="pBip R Forearm"
			m00="0.91646" m10="0.301588" m20="0.262954" m30="0.231501"
			m01="0.302918" m11="-0.952318" m21="0.0364879" m31="-0.467393"
			m02="0.261421" m12="0.046214" m22="-0.964118" m32="0.934764"
			m03="0" m13="0" m23="0" m33="1"/>
		<transform name="pBip R Hand"
			m00="0.934879" m10="-0.170266" m20="-0.311465" m30="0.381388"
			m01="0.219474" m11="0.966891" m21="0.130204" m31="-0.417851"
			m02="0.278984" m12="-0.190083" m22="0.941295" m32="0.977519"
			m03="0" m13="0" m23="0" m33="1"/>
		<transform name="pBip Neck"
			m00="-0.789531" m10="0.595229" m20="0.149479" m30="0.106476"
			m01="0.559175" m11="0.597333" m21="0.574905" m31="-0.16083"
			m02="0.252912" m12="0.53749" m22="-0.80445" m32="0.875919"
			m03="0" m13="0" m23="0" m33="1"/>
		<transform name="pBip L Forearm"
			m00="0.613872" m10="-0.473132" m20="0.631908" m30="-0.0161616"
			m01="0.181189" m11="0.863563" m21="0.470563" m31="0.129151"
			m02="-0.768331" m12="-0.174371" m22="0.615843" m32="0.74368"
			m03="0" m13="0" m23="0" m33="1"/>
		<transform name="pBip L Hand"
			m00="0.58049" m10="0.407801" m20="-0.704791" m30="0.0842365"
			m01="0.261742" m11="-0.913066" m21="-0.312732" m31="0.158784"
			m02="-0.771053" m12="-0.00293559" m22="-0.636764" m32="0.61802"
			m03="0" m13="0" m23="0" m33="1"/>
		<transform name="pBip L Finger1"
			m00="0.702944" m10="-0.0979701" m20="-0.704466" m30="0.191384"
			m01="-0.431997" m11="-0.845649" m21="-0.313459" m31="0.207097"
			m02="-0.565021" m12="0.524671" m22="-0.636766" m32="0.475698"
			m03="0" m13="0" m23="0" m33="1"/>
		<transform name="pBip L Finger11"
			m00="-0.135353" m10="-0.696712" m20="-0.704466" m30="0.244452"
			m01="-0.821383" m11="0.476521" m21="-0.313459" m31="0.174484"
			m02="0.554084" m12="0.536209" m22="-0.636766" m32="0.433042"
			m03="0" m13="0" m23="0" m33="1"/>
		<transform name="pBip L Finger0"
			m00="0.883649" m10="-0.448131" m20="0.13544" m30="0.225923"
			m01="-0.44109" m11="-0.700029" m21="0.561604" m31="0.215632"
			m02="-0.15686" m12="-0.556001" m22="-0.816246" m32="0.660033"
			m03="0" m13="0" m23="0" m33="1"/>
		<transform name="pBip L Finger01"
			m00="-0.0873545" m10="-0.986927" m20="0.13544" m30="0.309207"
			m01="-0.81386" m11="0.149107" m21="0.561604" m31="0.174059"
			m02="-0.574457" m12="-0.0611702" m22="-0.816246" m32="0.645249"
			m03="0" m13="0" m23="0" m33="1"/>
		<transform name="pBip Prop1"
			m00="-0.176426" m10="-0.923413" m20="-0.340855" m30="0.559841"
			m01="0.96886" m11="-0.224033" m21="0.105449" m31="-0.402033"
			m02="-0.173736" m12="-0.311637" m22="0.934183" m32="0.769108"
			m03="0" m13="0" m23="0" m33="1"/>
		<transform name="pBip Head"
			m00="-0.401991" m10="0.91564" m20="-0.0025995" m30="0.0341578"
			m01="-0.00420936" m11="0.000990904" m21="0.999991" m31="-0.109612"
			m02="0.915634" m12="0.401998" m22="0.00345591" m32="0.899085"
			m03="0" m13="0" m23="0" m33="1"/>
		<transform name="pBip Ponytail1"
			m00="-0.625884" m10="-0.779881" m20="-0.00738448" m30="-0.0529842"
			m01="0.0144145" m11="-0.00210045" m21="-0.999894" m31="-0.11135"
			m02="0.779783" m12="-0.625924" m22="0.0125563" m32="1.33636"
			m03="0" m13="0" m23="0" m33="1"/>
		<transform name="pBip L Toe0"
			m00="0.994704" m10="-0.0956621" m20="-0.0375895" m30="0.494673"
			m01="-0.0547393" m11="-0.183517" m21="-0.981491" m31="0.0224298"
			m02="0.0869932" m12="0.978351" m22="-0.187781" m32="0.178306"
			m03="0" m13="0" m23="0" m33="1"/>
		<transform name="pBip R Toe0"
			m00="0.945241" m10="0.326295" m20="0.00713593" m30="-0.0999513"
			m01="0.00788825" m11="-0.000982543" m21="-0.999968" m31="-0.18321"
			m02="-0.326278" m12="0.945268" m22="-0.00350266" m32="0.057423"
			m03="0" m13="0" m23="0" m33="1"/>
	</frame>
	<frame index="4">
		<transform name="pBip Pelvis"
			m00="-0.0865501" m10="0.806276" m20="0.585174" m30="0.169245"
			m01="-0.111469" m11="-0.591527" m21="0.798543" m31="-0.115019"
			m02="0.989992" m12="0.00388536" m22="0.141071" m32="0.503923"
			m03="0" m13="0" m23="0" m33="1"/>
		<transform name="pBip Spine"
			m00="0.358094" m10="0.924388" m20="0.131432" m30="0.12311"
			m01="-0.168316" m11="-0.0745502" m21="0.98291" m31="-0.105005"
			m02="0.918389" m12="-0.374096" m22="0.128893" m32="0.638349"
			m03="0" m13="0" m23="0" m33="1"/>
		<transform name="pBip L Thigh"
			m00="0.971049" m10="0.238643" m20="-0.0106457" m30="0.244611"
			m01="-0.00537466" m11="-0.022728" m21="-0.999727" m31="-0.0121726"
			m02="-0.23882" m12="0.970841" m22="-0.0207874" m32="0.522092"
			m03="0" m13="0" m23="0" m33="1"/>
		<transform name="pBip Spine1"
			m00="-0.222895" m10="0.931038" m20="-0.288938" m30="0.160988"
			m01="-0.0854619" m11="0.276591" m21="0.95718" m31="-0.122869"
			m02="0.971089" m12="0.238043" m22="0.0179177" m32="0.735673"
			m03="0" m13="0" m23="0" m33="1"/>
		<transform name="pBip L Calf"
			m00="0.251085" m10="0.967906" m20="-0.0106457" m30="0.407297"
			m01="0.0174499" m11="-0.0155225" m21="-0.999727" m31="-0.0130731"
			m02="-0.967808" m12="0.250831" m22="-0.0207874" m32="0.482081"
			m03="0" m13="0" m23="0" m33="1"/>
		<transform name="pBip L Foot"
			m00="0.7512" m10="0.659133" m20="-0.0352437" m30="0.454039"
			m01="0.0632244" m11="-0.124998" m21="-0.99014" m31="-0.00982461"
			m02="-0.65704" m12="0.741565" m22="-0.135572" m32="0.301914"
			m03="0" m13="0" m23="0" m33="1"/>
		<transform name="pBip Tail"
			m00="0.0871915" m10="0.806207" m20="-0.585173" m30="0.219298"
			m01="0.110996" m11="-0.591615" m21="-0.798543" m31="-0.147448"
			m02="-0.989989" m12="0.00467413" m22="-0.14107" m32="0.479861"
			m03="0" m13="0" m23="0" m33="1"/>
		<transform name="pBip R Thigh"
			m00="-0.718609" m10="0.471529" m20="-0.511137" m30="0.0938782"
			m01="0.0172721" m11="-0.722682" m21="-0.690965" m31="-0.217866"
			m02="-0.695199" m12="-0.505362" m22="0.511182" m32="0.485754"
			m03="0" m13="0" m23="0" m33="1"/>
		<transform name="pBip R Calf"
			m00="-0.803662" m10="0.304739" m20="-0.511137" m30="-0.0265151"
			m01="0.173347" m11="-0.701796" m21="-0.690965" m31="-0.214972"
			m02="-0.569278" m12="-0.643907" m22="0.511182" m32="0.369283"
			m03="0" m13="0" m23="0" m33="1"/>
		<transform name="pBip R Foot"
			m00="-0.793444" m10="0.608557" m20="0.0102753" m30="-0.176124"
			m01="-0.00899347" m11="0.00515797" m21="-0.999946" m31="-0.182702"
			m02="-0.608577" m12="-0.793494" m22="0.00138046" m32="0.263306"
			m03="0" m13="0" m23="0" m33="1"/>
		<transform name="pBip Spine2"
			m00="-0.719721" m10="0.461768" m20="-0.518432" m30="0.137322"
			m01="-0.201657" m11="0.575499" m21="0.79255" m31="-0.131978"
			m02="0.664332" m12="0.67496" m22="-0.32108" m32="0.838544"
			m03="0" m13="0" m23="0" m33="1"/>
		<transform name="pBip L UpperArm"
			m00="-0.277863" m10="-0.674975" m20="0.683521" m30="-0.0125595"
			m01="0.893782" m11="0.0791184" m21="0.441467" m31="-0.0467845"
			m02="-0.352058" m12="0.733587" m22="0.581296" m32="0.868444"
			m03="0" m13="0" m23="0" m33="1"/>
		<transform name="pBip L Clavicle"
			m00="-0.518434" m10="-0.461194" m20="-0.720088" m30="0.049934"
			m01="0.792548" m11="-0.57534" m21="-0.202115" m31="-0.142321"
			m02="-0.321082" m12="-0.675488" m22="0.663794" m32="0.907148"
			m03="0" m13="0" m23="0" m33="1"/>
		<transform name="pBip R UpperArm"
			m00="0.338063" m10="-0.910931" m20="0.236469" m30="0.128063"
			m01="-0.940972" m11="-0.331673" m21="0.0675627" m31="-0.26176"
			m02="0.0168855" m12="-0.245351" m22="-0.969287" m32="0.955536"
			m03="0" m13="0" m23="0" m33="1"/>
		<transform name="pBip R Clavicle"
			m00="0.518434" m10="-0.461194" m20="0.720088" m30="0.0655699"
			m01="-0.792548" m11="-0.57534" m21="0.202115" m31="-0.166224"
			m02="0.321082" m12="-0.675488" m22="-0.663794" m32="0.916832"
			m03="0" m13="0" m23="0" m33="1"/>
		<transform name="pBip R Forearm"
			m00="0.939604" m10="0.247439" m20="0.236469" m30="0.198439"
			m01="0.238144" m11="-0.968877" m21="0.0675627" m31="-0.457646"
			m02="0.245827" m12="-0.00716852" m22="-0.969287" m32="0.959051"
			m03="0" m13="0" m23="0" m33="1"/>
		<transform name="pBip R Hand"
			m00="0.947417" m10="-0.16199" m20="-0.275973" m30="0.352111"
			m01="0.196578" m11="0.975117" m21="0.102483" m31="-0.418698"
			m02="0.252505" m12="-0.151344" m22="0.955686" m32="0.999256"
			m03="0" m13="0" m23="0" m33="1"/>
		<transform name="pBip Neck"
			m00="-0.806789" m10="0.577567" m20="0.124529" m30="0.0577099"
			m01="0.500371" m11="0.555826" m21="0.663842" m31="-0.154313"
			m02="0.314197" m12="0.597892" m22="-0.737432" m32="0.911946"
			m03="0" m13="0" m23="0" m33="1"/>
		<transform name="pBip L Forearm"
			m00="0.548816" m10="-0.481248" m20="0.683521" m30="-0.0704035"
			m01="0.21423" m11="0.871328" m21="0.441467" m31="0.139278"
			m02="-0.808026" m12="-0.0958534" m22="0.581296" m32="0.795154"
			m03="0" m13="0" m23="0" m33="1"/>
		<transform name="pBip L Hand"
			m00="0.503612" m10="0.416259" m20="-0.757036" m30="0.0193548"
			m01="0.321845" m11="-0.90359" m21="-0.282737" m31="0.174315"
			m02="-0.801742" m12="-0.101259" m22="-0.58903" m32="0.663002"
			m03="0" m13="0" m23="0" m33="1"/>
		<transform name="pBip L Finger1"
			m00="0.652536" m10="-0.0399405" m20="-0.756704" m30="0.112312"
			m01="-0.382532" m11="-0.879387" m21="-0.283456" m31="0.233722"
			m02="-0.654115" m12="0.474429" m22="-0.58911" m32="0.515016"
			m03="0" m13="0" m23="0" m33="1"/>
		<transform name="pBip L Finger11"
			m00="-0.0753816" m10="-0.649396" m20="-0.756704" m30="0.161575"
			m01="-0.857273" m11="0.429807" m21="-0.283456" m31="0.204843"
			m02="0.509313" m12="0.627335" m22="-0.58911" m32="0.465634"
			m03="0" m13="0" m23="0" m33="1"/>
		<transform name="pBip L Finger0"
			m00="0.869859" m10="-0.490458" m20="0.052869" m30="0.163657"
			m01="-0.414928" m11="-0.669485" m21="0.616137" m31="0.230777"
			m02="-0.266795" m12="-0.557889" m22="-0.785863" m32="0.695572"
			m03="0" m13="0" m23="0" m33="1"/>
		<transform name="pBip L Finger01"
			m00="-0.132789" m10="-0.989733" m20="0.052869" m30="0.245642"
			m01="-0.775637" m11="0.136977" m21="0.616137" m31="0.191669"
			m02="-0.617053" m12="0.0408094" m22="-0.785863" m32="0.670426"
			m03="0" m13="0" m23="0" m33="1"/>
		<transform name="pBip Prop1"
			m00="-0.167538" m10="-0.937183" m20="-0.305973" m30="0.523311"
			m01="0.976616" m11="-0.200185" m21="0.0784036" m31="-0.398325"
			m02="-0.13473" m12="-0.285682" m22="0.948806" m32="0.785232"
			m03="0" m13="0" m23="0" m33="1"/>
		<transform name="pBip Head"
			m00="-0.393112" m10="0.919429" m20="0.0106516" m30="-0.016189"
			m01="-0.00170024" m11="-0.0123111" m21="0.999923" m31="-0.108481"
			m02="0.919489" m12="0.393064" m22="0.00640289" m32="0.940726"
			m03="0" m13="0" m23="0" m33="1"/>
		<transform name="pBip Ponytail1"
			m00="-0.618047" m10="-0.785875" m20="-0.0204777" m30="-0.0991013"
			m01="0.0202891" m11="0.0100942" m21="-0.999743" m31="-0.110403"
			m02="0.785879" m12="-0.618304" m22="0.00970599" m32="1.37882"
			m03="0" m13="0" m23="0" m33="1"/>
		<transform name="pBip L Toe0"
			m00="0.614559" m10="-0.788083" m20="-0.0352437" m30="0.604831"
			m01="-0.128447" m11="-0.0558851" m21="-0.99014" m31="-0.0172968"
			m02="0.778344" m12="0.613027" m22="-0.135572" m32="0.317287"
			m03="0" m13="0" m23="0" m33="1"/>
		<transform name="pBip R Toe0"
			m00="0.762946" m10="0.64638" m20="0.0102755" m30="-0.189621"
			m01="0.00694759" m11="0.00769561" m21="-0.999946" m31="-0.183049"
			m02="-0.646424" m12="0.762977" m22="0.00138053" m32="0.112151"
			m03="0" m13="0" m23="0" m33="1"/>
	</frame>
	<frame index="5">
		<transform name="pBip Pelvis"
			m00="-0.0451193" m10="0.787226" m20="0.615012" m30="0.142137"
			m01="-0.0486112" m11="-0.61664" m21="0.785743" m31="-0.104949"
			m02="0.997798" m12="0.0055557" m22="0.0660904" m32="0.543088"
			m03="0" m13="0" m23="0" m33="1"/>
		<transform name="pBip Spine"
