<?xml version="1.0" encoding="ISO-8859-1" standalone="yes"?>

<!DOCTYPE animation [
	<!ELEMENT animation  (frame+)>
	<!ELEMENT frame      (transform+)>
	<!ELEMENT transform   EMPTY>
	<!ATTLIST frame index CDATA #REQUIRED>
	<!ATTLIST transform name CDATA #REQUIRED>
	<!ATTLIST transform m00 CDATA #REQUIRED>
	<!ATTLIST transform m01 CDATA #REQUIRED>
	<!ATTLIST transform m02 CDATA #REQUIRED>
	<!ATTLIST transform m03 CDATA #REQUIRED>
	<!ATTLIST transform m10 CDATA #REQUIRED>
	<!ATTLIST transform m11 CDATA #REQUIRED>
	<!ATTLIST transform m12 CDATA #REQUIRED>
	<!ATTLIST transform m13 CDATA #REQUIRED>
	<!ATTLIST transform m20 CDATA #REQUIRED>
	<!ATTLIST transform m21 CDATA #REQUIRED>
	<!ATTLIST transform m22 CDATA #REQUIRED>
	<!ATTLIST transform m23 CDATA #REQUIRED>
	<!ATTLIST transform m30 CDATA #REQUIRED>
	<!ATTLIST transform m31 CDATA #REQUIRED>
	<!ATTLIST transform m32 CDATA #REQUIRED>
	<!ATTLIST transform m33 CDATA #REQUIRED>
]>

<animation>
	<frame index="0">
		<transform name="pBip Pelvis"
			m00="0.0435785" m10="0.866025" m20="-0.498097" m30="0.000148588"
			m01="-0.0754803" m11="0.5" m21="0.86273" m31="-0.047809"
			m02="0.996195" m12="0.0" m22="0.0871571" m32="0.434445"
			m03="0" m13="0" m23="0" m33="1"/>
		<transform name="pBip Spine"
			m00="0.395005" m10="0.899246" m20="-0.187958" m30="-0.0308382"
			m01="-0.0687902" m11="0.232973" m21="0.970047" m31="-0.0793538"
			m02="0.9161" m12="-0.370244" m22="0.153885" m32="0.569879"
			m03="0" m13="0" m23="0" m33="1"/>
		<transform name="pBip L Thigh"
			m00="0.0994759" m10="0.235338" m20="0.966809" m30="-0.0640027"
			m01="0.0827435" m11="0.966307" m21="-0.243729" m31="0.0633047"
			m02="-0.991594" m12="0.104242" m22="0.0766516" m32="0.44567"
			m03="0" m13="0" m23="0" m33="1"/>
		<transform name="pBip Spine1"
			m00="0.0597107" m10="0.994186" m20="0.089602" m30="0.0109464"
			m01="0.0527601" m11="-0.0927799" m21="0.994288" m31="-0.0866373"
			m02="0.99682" m12="-0.0546422" m22="-0.0579933" m32="0.666986"
			m03="0" m13="0" m23="0" m33="1"/>
		<transform name="pBip L Calf"
			m00="-0.00344306" m10="0.255475" m20="0.966809" m30="-0.0473369"
			m01="-0.312409" m11="0.918148" m21="-0.243729" m31="0.0771673"
			m02="-0.949941" m12="-0.302879" m22="0.0766516" m32="0.279542"
			m03="0" m13="0" m23="0" m33="1"/>
		<transform name="pBip L Foot"
			m00="2.31492e-007" m10="0.536696" m20="0.843776" m30="-0.0479778"
			m01="1.36717e-006" m11="0.843776" m21="-0.536696" m31="0.0190095"
			m02="-1.0" m12="1.27003e-006" m22="-5.74276e-007" m32="0.102702"
			m03="0" m13="0" m23="0" m33="1"/>
		<transform name="pBip Tail"
			m00="-0.0428879" m10="0.866059" m20="0.498098" m30="0.0505609"
			m01="0.0758774" m11="0.499941" m21="-0.862729" m31="-0.0162342"
			m02="-0.996194" m12="0.000793722" m22="-0.0871558" m32="0.410001"
			m03="0" m13="0" m23="0" m33="1"/>
		<transform name="pBip R Thigh"
			m00="0.582734" m10="0.80811" m20="-0.0859043" m30="0.0642999"
			m01="-0.0904726" m11="-0.0405385" m21="-0.995073" m31="-0.158923"
			m02="-0.807611" m12="0.587635" m22="0.0494886" m32="0.42322"
			m03="0" m13="0" m23="0" m33="1"/>
		<transform name="pBip R Calf"
			m00="-0.0974137" m10="0.99153" m20="-0.0859043" m30="0.161929"
			m01="-0.0410452" m11="-0.0902438" m21="-0.995073" m31="-0.17408"
			m02="-0.994397" m12="-0.0934079" m22="0.0494886" m32="0.287916"
			m03="0" m13="0" m23="0" m33="1"/>
		<transform name="pBip R Foot"
			m00="3.5924e-006" m10="1.0" m20="1.72549e-006" m30="0.143795"
			m01="1.8789e-006" m11="1.73595e-006" m21="-1.0" m31="-0.181721"
			m02="-1.0" m12="3.58621e-006" m22="-1.85203e-006" m32="0.1028"
			m03="0" m13="0" m23="0" m33="1"/>
		<transform name="pBip Spine2"
			m00="-0.208998" m10="0.882076" m20="0.42221" m30="0.0171978"
			m01="0.310838" m11="-0.349433" m21="0.883898" m31="-0.0810143"
			m02="0.9272" m12="0.315972" m22="-0.201152" m32="0.772615"
			m03="0" m13="0" m23="0" m33="1"/>
		<transform name="pBip L UpperArm"
			m00="0.125941" m10="-0.381885" m20="0.915589" m30="0.0513527"
			m01="0.69691" m11="0.690894" m21="0.192306" m31="0.0732277"
			m02="-0.706014" m12="0.613864" m22="0.353151" m32="0.847842"
			m03="0" m13="0" m23="0" m33="1"/>
		<transform name="pBip L Clavicle"
			m00="0.422207" m10="-0.881911" m20="-0.2097" m30="0.000458612"
			m01="0.883899" m11="0.349183" m21="0.311116" m31="-0.0333201"
			m02="-0.201153" m12="-0.316709" m22="0.926948" m32="0.87209"
			m03="0" m13="0" m23="0" m33="1"/>
		<transform name="pBip R UpperArm"
			m00="-0.326492" m10="-0.818117" m20="-0.473379" m30="-0.0631692"
			m01="-0.847946" m11="0.0322478" m21="0.529101" m31="-0.166526"
			m02="-0.417601" m12="0.574147" m22="-0.704247" m32="0.902404"
			m03="0" m13="0" m23="0" m33="1"/>
		<transform name="pBip R Clavicle"
			m00="-0.422207" m10="-0.881911" m20="0.2097" m30="-0.0122751"
			m01="-0.883899" m11="0.349183" m21="-0.311116" m31="-0.0599783"
			m02="0.201153" m12="-0.316709" m22="-0.926948" m32="0.878157"
			m03="0" m13="0" m23="0" m33="1"/>
		<transform name="pBip R Forearm"
			m00="0.69967" m10="-0.535139" m20="-0.473379" m30="-0.131137"
			m01="-0.259858" m11="-0.80779" m21="0.529101" m31="-0.343047"
			m02="-0.665534" m12="-0.247185" m22="-0.704247" m32="0.81547"
			m03="0" m13="0" m23="0" m33="1"/>
		<transform name="pBip R Hand"
			m00="0.67687" m10="0.171313" m20="0.71589" m30="-0.0167062"
			m01="-0.303328" m11="0.951045" m21="0.0592093" m31="-0.385546"
			m02="-0.6707" m12="-0.257227" m22="0.695698" m32="0.706623"
			m03="0" m13="0" m23="0" m33="1"/>
		<transform name="pBip Neck"
			m00="0.171691" m10="0.89009" m20="0.42221" m30="-0.00597316"
			m01="0.139912" m11="-0.446261" m21="0.883898" m31="-0.0466167"
			m02="0.975165" m12="-0.0926847" m22="-0.201154" m32="0.87513"
			m03="0" m13="0" m23="0" m33="1"/>
		<transform name="pBip L Forearm"
			m00="0.355624" m10="-0.187694" m20="0.915589" m30="0.0775704"
			m01="0.0226897" m11="0.981072" m21="0.192306" m31="0.218307"
			m02="-0.934354" m12="-0.0476141" m22="0.353151" m32="0.700868"
			m03="0" m13="0" m23="0" m33="1"/>
		<transform name="pBip L Hand"
			m00="0.352017" m10="-0.17202" m20="-0.920051" m30="0.135732"
			m01="0.109721" m11="-0.968606" m21="0.223078" m31="0.222018"
			m02="-0.92954" m12="-0.179476" m22="-0.322092" m32="0.548056"
			m03="0" m13="0" m23="0" m33="1"/>
		<transform name="pBip L Finger1"
			m00="0.352017" m10="-0.171287" m20="-0.920187" m30="0.200708"
			m01="0.109721" m11="-0.968783" m21="0.222306" m31="0.24227"
			m02="-0.92954" m12="-0.179219" m22="-0.322235" m32="0.37648"
			m03="0" m13="0" m23="0" m33="1"/>
		<transform name="pBip L Finger11"
			m00="0.0950589" m10="-0.379762" m20="-0.920187" m30="0.227283"
			m01="-0.671604" m11="-0.706773" m21="0.222306" m31="0.250553"
			m02="-0.734787" m12="0.596869" m22="-0.322235" m32="0.306305"
			m03="0" m13="0" m23="0" m33="1"/>
		<transform name="pBip L Finger0"
			m00="0.911801" m10="-0.382067" m20="0.150478" m30="0.290376"
			m01="-0.392903" m11="-0.705234" m21="0.590146" m31="0.191339"
			m02="-0.119353" m12="-0.597219" m22="-0.793149" m32="0.533359"
			m03="0" m13="0" m23="0" m33="1"/>
		<transform name="pBip L Finger01"
			m00="0.663536" m10="-0.732855" m20="0.150478" m30="0.376314"
			m01="-0.655019" m11="-0.471888" m21="0.590146" m31="0.154308"
			m02="-0.361483" m12="-0.490149" m22="-0.793149" m32="0.52211"
			m03="0" m13="0" m23="0" m33="1"/>
		<transform name="pBip Prop1"
			m00="0.183341" m10="-0.701469" m20="0.688714" m30="-0.115344"
			m01="0.95217" m11="0.300931" m21="0.0530295" m31="-0.411028"
			m02="-0.244454" m12="0.646051" m22="0.723091" m32="0.451373"
			m03="0" m13="0" m23="0" m33="1"/>
		<transform name="pBip Head"
			m00="-0.108185" m10="0.993947" m20="-0.0191162" m30="0.00975306"
			m01="-0.0106563" m11="0.0180686" m21="0.99978" m31="-0.0338012"
			m02="0.994074" m12="0.108364" m22="0.00863706" m32="0.964451"
			m03="0" m13="0" m23="0" m33="1"/>
		<transform name="pBip Ponytail1"
			m00="-0.109326" m10="-0.993901" m20="0.014404" m30="0.0580736"
			m01="0.00800416" m11="-0.0153707" m21="-0.99985" m31="-0.0367079"
			m02="0.993974" m12="-0.109195" m22="0.00963578" m32="1.40763"
			m03="0" m13="0" m23="0" m33="1"/>
		<transform name="pBip L Toe0"
			m00="0.536696" m10="-1.95689e-007" m20="0.843776" m30="0.0119849"
			m01="0.843776" m11="-1.19272e-006" m21="-0.536696" m31="0.113281"
			m02="1.10362e-006" m12="1.0" m22="-5.10859e-007" m32="1.92734e-007"
			m03="0" m13="0" m23="0" m33="1"/>
		<transform name="pBip R Toe0"
			m00="1.0" m10="-3.5924e-006" m20="1.72549e-006" m30="0.255521"
			m01="1.73595e-006" m11="-1.8789e-006" m21="-1.0" m31="-0.181721"
			m02="3.58621e-006" m12="1.0" m22="-1.85203e-006" m32="9.8278e-005"
			m03="0" m13="0" m23="0" m33="1"/>
	</frame>
	<frame index="1">
		<transform name="pBip Pelvis"
			m00="0.0435783" m10="0.933622" m20="-0.355598" m30="-0.0155719"
			m01="-0.0754804" m11="0.357996" m21="0.930667" m31="-0.037022"
			m02="0.996195" m12="-0.0137162" m22="0.0860711" m32="0.423754"
			m03="0" m13="0" m23="0" m33="1"/>
		<transform name="pBip Spine"
			m00="0.390688" m10="0.919978" m20="-0.0316666" m30="-0.0494355"
			m01="-0.124458" m11="0.0868759" m21="0.988414" m31="-0.0625147"
			m02="0.912071" m12="-0.382221" m22="0.14844" m32="0.559772"
			m03="0" m13="0" m23="0" m33="1"/>
		<transform name="pBip L Thigh"
			m00="0.159712" m10="0.367858" m20="0.916064" m30="-0.0613703"
			m01="0.0966851" m11="0.917685" m21="-0.385365" m31="0.0828416"
			m02="-0.982417" m12="0.150117" m22="0.110999" m32="0.434839"
			m03="0" m13="0" m23="0" m33="1"/>
		<transform name="pBip Spine1"
			m00="0.0796176" m10="0.9666" m20="0.243609" m30="-0.00810617"
			m01="0.0486449" m11="-0.247861" m21="0.967573" m31="-0.0756857"
			m02="0.995638" m12="-0.0651856" m22="-0.0667543" m32="0.656452"
			m03="0" m13="0" m23="0" m33="1"/>
		<transform name="pBip L Calf"
			m00="-0.0717951" m10="0.394554" m20="0.916064" m30="-0.0346126"
			m01="-0.429904" m11="0.816502" m21="-0.385365" m31="0.0990399"
			m02="-0.900016" m12="-0.421487" m22="0.110999" m32="0.270248"
			m03="0" m13="0" m23="0" m33="1"/>
		<transform name="pBip L Foot"
			m00="2.96573e-007" m10="0.536696" m20="0.843776" m30="-0.0479779"
			m01="8.13736e-007" m11="0.843776" m21="-0.536696" m31="0.0190093"
			m02="-1.0" m12="8.3842e-007" m22="-1.48648e-007" m32="0.102702"
			m03="0" m13="0" m23="0" m33="1"/>
		<transform name="pBip Tail"
			m00="-0.0428341" m10="0.933656" m20="0.355599" m30="0.0388587"
			m01="0.0757643" m11="0.357936" m21="-0.930667" m31="-0.0138888"
			m02="-0.996205" m12="-0.0129225" m22="-0.0860697" m32="0.398494"
			m03="0" m13="0" m23="0" m33="1"/>
		<transform name="pBip R Thigh"
			m00="0.657514" m10="0.718807" m20="-0.225812" m30="0.0302266"
			m01="-0.148862" m11="-0.169861" m21="-0.97416" m31="-0.156886"
			m02="-0.73859" m12="0.674139" m22="-0.0046832" m32="0.412669"
			m03="0" m13="0" m23="0" m33="1"/>
		<transform name="pBip R Calf"
			m00="0.0183197" m10="0.973999" m20="-0.225812" m30="0.140384"
			m01="0.000560055" m11="-0.22586" m21="-0.97416" m31="-0.181825"
			m02="-0.999832" m12="0.0177199" m22="-0.0046832" m32="0.288928"
			m03="0" m13="0" m23="0" m33="1"/>
		<transform name="pBip R Foot"
			m00="4.06856e-006" m10="1.0" m20="1.3848e-006" m30="0.143795"
			m01="2.05281e-006" m11="1.32994e-006" m21="-1.0" m31="-0.181721"
			m02="-1.0" m12="4.06691e-006" m22="-2.05378e-006" m32="0.1028"
			m03="0" m13="0" m23="0" m33="1"/>
		<transform name="pBip Spine2"
			m00="-0.146163" m10="0.820261" m20="0.553" m30="0.000260677"
			m01="0.345252" m11="-0.481558" m21="0.805545" m31="-0.0704872"
			m02="0.927059" m12="0.308665" m22="-0.21281" m32="0.761957"
			m03="0" m13="0" m23="0" m33="1"/>
		<transform name="pBip L UpperArm"
			m00="0.224837" m10="-0.261223" m20="0.938728" m30="0.0591005"
			m01="0.664345" m11="0.745855" m21="0.0484326" m31="0.076933"
			m02="-0.712807" m12="0.61275" m22="0.341238" m32="0.835588"
			m03="0" m13="0" m23="0" m33="1"/>
		<transform name="pBip L Clavicle"
			m00="0.552997" m10="-0.820145" m20="-0.146816" m30="-0.00755939"
			m01="0.805546" m11="0.481281" m21="0.345635" m31="-0.0201699"
			m02="-0.212811" m12="-0.309402" m22="0.926812" m32="0.86124"
			m03="0" m13="0" m23="0" m33="1"/>
		<transform name="pBip R UpperArm"
			m00="-0.460522" m10="-0.795756" m20="-0.393308" m30="-0.0908976"
			m01="-0.788712" m11="0.163544" m21="0.59261" m31="-0.141568"
			m02="-0.40725" m12="0.583117" m22="-0.702938" m32="0.893312"
			m03="0" m13="0" m23="0" m33="1"/>
		<transform name="pBip R Clavicle"
			m00="-0.552997" m10="-0.820145" m20="0.146816" m30="-0.0242377"
			m01="-0.805546" m11="0.481281" m21="-0.345635" m31="-0.044465"
			m02="0.212811" m12="-0.309402" m22="-0.926812" m32="0.867659"
			m03="0" m13="0" m23="0" m33="1"/>
		<transform name="pBip R Forearm"
			m00="0.641973" m10="-0.658164" m20="-0.393308" m30="-0.186767"
			m01="-0.370301" m11="-0.715325" m21="0.59261" m31="-0.305758"
			m02="-0.671378" m12="-0.234797" m22="-0.702938" m32="0.808533"
			m03="0" m13="0" m23="0" m33="1"/>
		<transform name="pBip R Hand"
			m00="0.612579" m10="0.315051" m20="0.724907" m30="-0.0817726"
			m01="-0.409687" m11="0.910873" m21="-0.0496701" m31="-0.36632"
			m02="-0.675947" m12="-0.266558" m22="0.687054" m32="0.698729"
			m03="0" m13="0" m23="0" m33="1"/>
		<transform name="pBip Neck"
			m00="0.109768" m10="0.808039" m20="0.578812" m30="-0.0159575"
			m01="0.020517" m11="-0.584049" m21="0.811459" m31="-0.0322749"
			m02="0.993745" m12="-0.0771967" m22="-0.0806885" m32="0.864455"
			m03="0" m13="0" m23="0" m33="1"/>
		<transform name="pBip L Forearm"
			m00="0.343153" m10="-0.0321811" m20="0.938728" m30="0.105906"
			m01="-0.0388924" m11="0.998069" m21="0.0484326" m31="0.215233"
			m02="-0.938474" m12="-0.0531292" m22="0.341238" m32="0.687199"
			m03="0" m13="0" m23="0" m33="1"/>
		<transform name="pBip L Hand"
			m00="0.353292" m10="-0.323925" m20="-0.877643" m30="0.162028"
			m01="0.0476545" m11="-0.930691" m21="0.362688" m31="0.208872"
			m02="-0.934299" m12="-0.169958" m22="-0.313369" m32="0.533713"
			m03="0" m13="0" m23="0" m33="1"/>
		<transform name="pBip L Finger1"
			m00="0.353292" m10="-0.323226" m20="-0.877901" m30="0.227239"
			m01="0.0476545" m11="-0.93098" m21="0.361947" m31="0.217668"
			m02="-0.934299" m12="-0.169709" m22="-0.313504" m32="0.361259"
			m03="0" m13="0" m23="0" m33="1"/>
		<transform name="pBip L Finger11"
			m00="-0.0205142" m10="-0.478403" m20="-0.877901" m30="0.253911"
			m01="-0.68254" m11="-0.634928" m21="0.361947" m31="0.221266"
			m02="-0.73056" m12="0.606628" m22="-0.313504" m32="0.290725"
			m03="0" m13="0" m23="0" m33="1"/>
		<transform name="pBip L Finger0"
			m00="0.837396" m10="-0.495268" m20="0.231253" m30="0.309758"
			m01="-0.53173" m11="-0.640117" m21="0.55454" m31="0.154235"
			m02="-0.126617" m12="-0.587333" m22="-0.79938" m32="0.517503"
			m03="0" m13="0" m23="0" m33="1"/>
		<transform name="pBip L Finger01"
			m00="0.548128" m10="-0.803789" m20="0.231253" m30="0.388682"
			m01="-0.753098" m11="-0.354018" m21="0.55454" m31="0.10412"
			m02="-0.363865" m12="-0.478115" m22="-0.79938" m32="0.50557"
			m03="0" m13="0" m23="0" m33="1"/>
		<transform name="pBip Prop1"
			m00="0.327264" m10="-0.637554" m20="0.69744" m30="-0.186347"
			m01="0.910174" m11="0.411031" m21="-0.0513493" m31="-0.377529"
			m02="-0.253932" m12="0.651597" m22="0.714801" m32="0.444821"
			m03="0" m13="0" m23="0" m33="1"/>
		<transform name="pBip Head"
			m00="-0.0950755" m10="0.995462" m20="0.00398041" m30="-0.00590314"
			m01="0.00259479" m11="-0.0037507" m21="0.99999" m31="-0.0303956"
			m02="0.995467" m12="0.0950848" m22="-0.00222642" m32="0.955478"
			m03="0" m13="0" m23="0" m33="1"/>
		<transform name="pBip Ponytail1"
			m00="-0.0957895" m10="-0.995366" m20="-0.00844781" m30="0.0482699"
			m01="0.0212745" m11="0.00643769" m21="-0.999753" m31="-0.0296279"
			m02="0.995174" m12="-0.0959455" m22="0.0205593" m32="1.39799"
			m03="0" m13="0" m23="0" m33="1"/>
		<transform name="pBip L Toe0"
			m00="0.536696" m10="-2.64583e-007" m20="0.843776" m30="0.0119849"
			m01="0.843776" m11="-7.63443e-007" m21="-0.536696" m31="0.113281"
			m02="7.78815e-007" m12="1.0" m22="-1.48648e-007" m32="1.97995e-007"
			m03="0" m13="0" m23="0" m33="1"/>
		<transform name="pBip R Toe0"
			m00="1.0" m10="-4.06856e-006" m20="1.3848e-006" m30="0.255521"
			m01="1.32994e-006" m11="-2.05281e-006" m21="-1.0" m31="-0.181721"
			m02="4.06691e-006" m12="1.0" m22="-2.05378e-006" m32="9.84347e-005"
			m03="0" m13="0" m23="0" m33="1"/>
	</frame>
	<frame index="2">
		<transform name="pBip Pelvis"
			m00="0.043578" m10="0.978442" m20="-0.201869" m30="-0.0319083"
			m01="-0.0754805" m11="0.204708" m21="0.975908" m31="-0.0256247"
			m02="0.996195" m12="-0.027291" m22="0.0827741" m32="0.412368"
			m03="0" m13="0" m23="0" m33="1"/>
		<transform name="pBip Spine"
			m00="0.372313" m10="0.917188" m20="0.141945" m30="-0.0676779"
			m01="-0.216352" m11="-0.0629575" m21="0.974283" m31="-0.0445851"
			m02="0.902538" m12="-0.393448" m22="0.174996" m32="0.548965"
			m03="0" m13="0" m23="0" m33="1"/>
		<transform name="pBip L Thigh"
			m00="0.228725" m10="0.485617" m20="0.843718" m30="-0.0579075"
			m01="0.0808653" m11="0.85422" m21="-0.513584" m31="0.100066"
			m02="-0.970127" m12="0.185697" m22="0.156112" m32="0.423029"
			m03="0" m13="0" m23="0" m33="1"/>
		<transform name="pBip Spine1"
			m00="0.110046" m10="0.908159" m20="0.403903" m30="-0.0282914"
			m01="0.035166" m11="-0.409674" m21="0.911554" m31="-0.0674827"
			m02="0.993304" m12="-0.0861094" m22="-0.0770193" m32="0.644636"
			m03="0" m13="0" m23="0" m33="1"/>
		<transform name="pBip L Calf"
			m00="-0.152505" m10="0.514666" m20="0.843718" m30="-0.0195876"
			m01="-0.508189" m11="0.691357" m21="-0.513584" m31="0.113613"
			m02="-0.847635" m12="-0.507093" m22="0.156112" m32="0.260497"
			m03="0" m13="0" m23="0" m33="1"/>
		<transform name="pBip L Foot"
			m00="1.90854e-007" m10="0.536696" m20="0.843776" m30="-0.0479779"
			m01="8.46247e-007" m11="0.843776" m21="-0.536696" m31="0.0190094"
			m02="-1.0" m12="8.35905e-007" m22="-3.55168e-007" m32="0.102702"
			m03="0" m13="0" m23="0" m33="1"/>
		<transform name="pBip Tail"
			m00="-0.0427984" m10="0.978477" m20="0.20187" m30="0.0251867"
			m01="0.0756422" m11="0.204649" m21="-0.975908" m31="-0.0116038"
			m02="-0.996216" m12="-0.0264974" m22="-0.0827728" m32="0.386301"
			m03="0" m13="0" m23="0" m33="1"/>
		<transform name="pBip R Thigh"
			m00="0.720424" m10="0.558668" m20="-0.41095" m30="-0.00590907"
			m01="-0.268248" m11="-0.321966" m21="-0.907954" m31="-0.151315"
			m02="-0.639557" m12="0.764349" m22="-0.08209" m32="0.401708"
			m03="0" m13="0" m23="0" m33="1"/>
		<transform name="pBip R Calf"
			m00="0.112745" m10="0.904659" m20="-0.41095" m30="0.114788"
			m01="0.0387374" m11="-0.417275" m21="-0.907954" m31="-0.196256"
			m02="-0.992869" m12="0.0864485" m22="-0.08209" m32="0.294559"
			m03="0" m13="0" m23="0" m33="1"/>
		<transform name="pBip R Foot"
			m00="0.0705466" m10="0.992199" m20="-0.102786" m30="0.135777"
			m01="-0.0262756" m11="-0.101158" m21="-0.994523" m31="-0.189045"
			m02="-0.997162" m12="0.072861" m22="0.0189342" m32="0.109727"
			m03="0" m13="0" m23="0" m33="1"/>
		<transform name="pBip Spine2"
			m00="-0.0338767" m10="0.732767" m20="0.679636" m30="-0.0166915"
			m01="0.395829" m11="-0.61458" m21="0.682356" m31="-0.0637012"
			m02="0.917699" m12="0.292136" m22="-0.269231" m32="0.749896"
			m03="0" m13="0" m23="0" m33="1"/>
		<transform name="pBip L UpperArm"
			m00="0.368335" m10="-0.175688" m20="0.912942" m30="0.071737"
			m01="0.559657" m11="0.826025" m21="-0.066837" m31="0.0726035"
			m02="-0.742371" m12="0.535553" m22="0.402578" m32="0.814839"
			m03="0" m13="0" m23="0" m33="1"/>
		<transform name="pBip L Clavicle"
			m00="0.679634" m10="-0.732742" m20="-0.0344602" m30="-0.010188"
			m01="0.682358" m11="0.614263" m21="0.396319" m31="-0.00964996"
			m02="-0.269232" m12="-0.292866" m22="0.917466" m32="0.847293"
			m03="0" m13="0" m23="0" m33="1"/>
		<transform name="pBip R UpperArm"
			m00="-0.565555" m10="-0.824335" m20="0.0248959" m30="-0.112611"
			m01="-0.724897" m11="0.511276" m21="0.46165" m31="-0.112483"
			m02="-0.393283" m12="0.243041" m22="-0.886713" m32="0.887867"
			m03="0" m13="0" m23="0" m33="1"/>
		<transform name="pBip R Clavicle"
			m00="-0.679634" m10="-0.732742" m20="0.0344602" m30="-0.0306856"
			m01="-0.682358" m11="0.614263" m21="-0.396319" m31="-0.0302297"
			m02="0.269231" m12="-0.292866" m22="-0.917466" m32="0.855413"
			m03="0" m13="0" m23="0" m33="1"/>
		<transform name="pBip R Forearm"
			m00="0.590326" m10="-0.806781" m20="0.0248959" m30="-0.230345"
			m01="-0.722615" m11="-0.514496" m21="0.46165" m31="-0.263388"
			m02="-0.359642" m12="-0.290514" m22="-0.886713" m32="0.805995"
			m03="0" m13="0" m23="0" m33="1"/>
		<transform name="pBip R Hand"
			m00="0.55019" m10="0.683416" m20="0.479827" m30="-0.133798"
			m01="-0.750691" m11="0.656469" m21="-0.0742319" m31="-0.381571"
			m02="-0.365723" m12="-0.31936" m22="0.874217" m32="0.747176"
			m03="0" m13="0" m23="0" m33="1"/>
		<transform name="pBip Neck"
			m00="0.0492248" m10="0.680778" m20="0.730834" m30="-0.0204865"
			m01="-0.0449919" m11="-0.729467" m21="0.682534" m31="-0.0198866"
			m02="0.997774" m12="-0.0664793" m22="-0.00527833" m32="0.851358"
			m03="0" m13="0" m23="0" m33="1"/>
		<transform name="pBip L Forearm"
			m00="0.380087" m10="0.148562" m20="0.912942" m30="0.148415"
			m01="-0.219865" m11="0.973238" m21="-0.066837" m31="0.18911"
			m02="-0.89844" m12="-0.17532" m22="0.402578" m32="0.660296"
			m03="0" m13="0" m23="0" m33="1"/>
		<transform name="pBip L Hand"
			m00="0.380759" m10="-0.494532" m20="-0.78132" m30="0.210578"
			m01="-0.180599" m11="-0.868467" m21="0.46168" m31="0.153151"
			m02="-0.906866" m12="-0.0346825" m22="-0.419988" m32="0.513357"
			m03="0" m13="0" m23="0" m33="1"/>
		<transform name="pBip L Finger1"
			m00="0.331723" m10="-0.528094" m20="-0.781714" m30="0.280858"
			m01="-0.262951" m11="-0.847553" m21="0.460988" m31="0.119816"
			m02="-0.905989" m12="0.0526317" m22="-0.420016" m32="0.345967"
			m03="0" m13="0" m23="0" m33="1"/>
		<transform name="pBip L Finger11"
			m00="-0.247264" m10="-0.572524" m20="-0.781714" m30="0.305902"
			m01="-0.847399" m11="-0.263446" m21="0.460988" m31="0.0999644"
			m02="-0.469867" m12="0.77641" m22="-0.420016" m32="0.27757"
			m03="0" m13="0" m23="0" m33="1"/>
		<transform name="pBip L Finger0"
			m00="0.660466" m10="-0.660913" m20="0.356341" m30="0.345196"
			m01="-0.749976" m11="-0.557699" m21="0.35568" m31="0.0698034"
			m02="-0.0363426" m12="-0.502162" m22="-0.864009" m32="0.515097"
			m03="0" m13="0" m23="0" m33="1"/>
		<transform name="pBip L Finger01"
			m00="0.232045" m10="-0.905083" m20="0.356341" m30="0.407445"
			m01="-0.929429" m11="-0.0982517" m21="0.35568" m31="-0.000882064"
			m02="-0.286909" m12="-0.413728" m22="-0.864009" m32="0.511671"
			m03="0" m13="0" m23="0" m33="1"/>
		<transform name="pBip Prop1"
			m00="0.691315" m10="-0.566706" m20="0.448249" m30="-0.175139"
			m01="0.65564" m11="0.752724" m21="-0.0595215" m31="-0.431134"
			m02="-0.303676" m12="0.335038" m22="0.891925" m32="0.480033"
			m03="0" m13="0" m23="0" m33="1"/>
		<transform name="pBip Head"
			m00="-0.0800411" m10="0.99636" m20="0.029316" m30="-0.0159777"
			m01="0.0139118" m11="-0.0282908" m21="0.999503" m31="-0.0240077"
			m02="0.996695" m12="0.0804091" m22="-0.0115967" m32="0.94275"
			m03="0" m13="0" m23="0" m33="1"/>
		<transform name="pBip Ponytail1"
			m00="-0.0802853" m10="-0.996209" m20="-0.0335005" m30="0.044827"
			m01="0.0326003" m11="0.0309667" m21="-0.998989" m31="-0.020669"
			m02="0.996239" m12="-0.0812962" m22="0.0299905" m32="1.38439"
			m03="0" m13="0" m23="0" m33="1"/>
		<transform name="pBip L Toe0"
			m00="0.536696" m10="-3.23298e-007" m20="0.843776" m30="0.0119849"
			m01="0.843776" m11="-7.17351e-007" m21="-0.536696" m31="0.113281"
			m02="7.98228e-007" m12="1.0" m22="-1.74238e-007" m32="2.5599e-007"
			m03="0" m13="0" m23="0" m33="1"/>
		<transform name="pBip R Toe0"
			m00="0.992199" m10="-0.0705466" m20="-0.102786" m30="0.253876"
			m01="-0.101158" m11="0.0262756" m21="-0.994523" m31="-0.203046"
			m02="0.072861" m12="0.997162" m22="0.0189342" m32="0.0154569"
			m03="0" m13="0" m23="0" m33="1"/>
	</frame>
	<frame index="3">
		<transform name="pBip Pelvis"
			m00="0.0435779" m10="0.995418" m20="-0.0851108" m30="-0.0453018"
			m01="-0.0754805" m11="0.0882287" m21="0.993236" m31="-0.0162521"
			m02="0.996195" m12="-0.0368589" m22="0.0789795" m32="0.402985"
			m03="0" m13="0" m23="0" m33="1"/>
		<transform name="pBip Spine"
			m00="0.341411" m10="0.899801" m20="0.271656" m30="-0.081792"
			m01="-0.29454" m11="-0.172043" m21="0.940025" m31="-0.0302492"
			m02="0.892572" m12="-0.400949" m22="0.20629" m32="0.539989"
			m03="0" m13="0" m23="0" m33="1"/>
		<transform name="pBip L Thigh"
			m00="0.288236" m10="0.558589" m20="0.777752" m30="-0.0562633"
			m01="0.0573722" m11="0.80069" m21="-0.596325" m31="0.11167"
			m02="-0.955839" m12="0.216504" m22="0.19874" m32="0.413157"
			m03="0" m13="0" m23="0" m33="1"/>
		<transform name="pBip Spine1"
			m00="0.134457" m10="0.844831" m20="0.517863" m30="-0.0456755"
			m01="0.017837" m11="-0.524587" m21="0.85117" m31="-0.0614246"
			m02="0.990759" m12="-0.105209" m22="-0.0856038" m32="0.634606"
			m03="0" m13="0" m23="0" m33="1"/>
		<transform name="pBip L Calf"
			m00="-0.214894" m10="0.590696" m20="0.777752" m30="-0.00797331"
			m01="-0.549381" m11="0.5853" m21="-0.596325" m31="0.121282"
			m02="-0.807466" m12="-0.555429" m22="0.19874" m32="0.253019"
			m03="0" m13="0" m23="0" m33="1"/>
		<transform name="pBip L Foot"
			m00="0.0" m10="0.536696" m20="0.843776" m30="-0.0479779"
			m01="7.84412e-007" m11="0.843776" m21="-0.536696" m31="0.0190094"
			m02="-1.0" m12="7.24624e-007" m22="-3.35259e-007" m32="0.102702"
			m03="0" m13="0" m23="0" m33="1"/>
		<transform name="pBip Tail"
			m00="-0.0427849" m10="0.995452" m20="0.0851118" m30="0.0128023"
			m01="0.0755494" m11="0.0881695" m21="-0.993236" m31="-0.00915543"
			m02="-0.996224" m12="-0.0360653" m22="-0.0789781" m32="0.37635"
			m03="0" m13="0" m23="0" m33="1"/>
		<transform name="pBip R Thigh"
			m00="0.737752" m10="0.393494" m20="-0.54853" m30="-0.0343403"
			m01="-0.384692" m11="-0.422656" m21="-0.820593" m31="-0.144174"
			m02="-0.554738" m12="0.816409" m22="-0.160442" m32="0.392814"
			m03="0" m13="0" m23="0" m33="1"/>
		<transform name="pBip R Calf"
			m00="0.189314" m10="0.814417" m20="-0.54853" m30="0.0892601"
			m01="0.0650139" m11="-0.567802" m21="-0.820593" m31="-0.208624"
			m02="-0.979762" m12="0.119688" m22="-0.160442" m32="0.299875"
			m03="0" m13="0" m23="0" m33="1"/>
		<transform name="pBip R Foot"
			m00="0.151249" m10="0.962063" m20="-0.227065" m30="0.124503"
			m01="-0.0673102" m11="-0.219151" m21="-0.973366" m31="-0.196521"
			m02="-0.986201" m12="0.162505" m22="0.0316103" m32="0.117483"
			m03="0" m13="0" m23="0" m33="1"/>
		<transform name="pBip Spine2"
			m00="0.074227" m10="0.652089" m20="0.7545" m30="-0.0314811"
			m01="0.422634" m11="-0.705852" m21="0.568466" m31="-0.0594719"
			m02="0.903256" m12="0.276682" m22="-0.327988" m32="0.739597"
			m03="0" m13="0" m23="0" m33="1"/>
		<transform name="pBip L UpperArm"
			m00="0.474622" m10="-0.11175" m20="0.873067" m30="0.0790523"
			m01="0.437532" m11="0.890632" m21="-0.123855" m31="0.0643502"
			m02="-0.76374" m12="0.440779" m22="0.471608" m32="0.794975"
			m03="0" m13="0" m23="0" m33="1"/>
		<transform name="pBip L Clavicle"
			m00="0.754498" m10="-0.65215" m20="0.0737077" m30="-0.0118971"
			m01="0.568468" m11="0.705514" m21="0.423196" m31="-0.00417458"
			m02="-0.327989" m12="-0.2774" m22="0.903035" m32="0.834512"
			m03="0" m13="0" m23="0" m33="1"/>
		<transform name="pBip R UpperArm"
			m00="-0.637544" m10="-0.677369" m20="0.367026" m30="-0.125602"
			m01="-0.674612" m11="0.720919" m21="0.158664" m31="-0.0898442"
			m02="-0.37207" m12="-0.146445" m22="-0.916579" m32="0.88394"
			m03="0" m13="0" m23="0" m33="1"/>
		<transform name="pBip R Clavicle"
			m00="-0.754498" m10="-0.65215" m20="-0.0737077" m30="-0.0346526"
			m01="-0.568468" m11="0.705514" m21="-0.423196" m31="-0.0213195"
			m02="0.327989" m12="-0.2774" m22="-0.903035" m32="0.844404"
			m03="0" m13="0" m23="0" m33="1"/>
		<transform name="pBip R Forearm"
			m00="0.373624" m10="-0.851879" m20="0.367026" m30="-0.258323"
			m01="-0.927516" m11="-0.338438" m21="0.158664" m31="-0.230281"
			m02="-0.0109466" m12="-0.399703" m22="-0.916579" m32="0.806485"
			m03="0" m13="0" m23="0" m33="1"/>
		<transform name="pBip R Hand"
			m00="0.328629" m10="0.916203" m20="0.229292" m30="-0.197217"
			m01="-0.944191" m11="0.324491" m21="0.0566476" m31="-0.381976"
			m02="-0.0225025" m12="-0.235112" m22="0.971708" m32="0.804695"
			m03="0" m13="0" m23="0" m33="1"/>
		<transform name="pBip Neck"
			m00="-0.0422087" m10="0.560324" m20="0.827197" m30="-0.0233157"
			m01="-0.0920789" m11="-0.826593" m21="0.555217" m31="-0.0126867"
			m02="0.994857" m12="-0.0527324" m22="0.0864834" m32="0.839461"
			m03="0" m13="0" m23="0" m33="1"/>
		<transform name="pBip L Forearm"
			m00="0.389826" m10="0.292898" m20="0.873067" m30="0.177857"
			m01="-0.403693" m11="0.906472" m21="-0.123855" m31="0.155433"
			m02="-0.827688" m12="-0.304169" m22="0.471608" m32="0.635983"
			m03="0" m13="0" m23="0" m33="1"/>
		<transform name="pBip L Hand"
			m00="0.360904" m10="-0.631388" m20="-0.686365" m30="0.241612"
			m01="-0.411337" m11="-0.768281" m21="0.490454" m31="0.0894097"
			m02="-0.836989" m12="0.105321" m22="-0.536989" m32="0.500616"
			m03="0" m13="0" m23="0" m33="1"/>
		<transform name="pBip L Finger1"
			m00="0.225136" m10="-0.691033" m20="-0.686868" m30="0.308228"
			m01="-0.558999" m11="-0.66901" m21="0.489842" m31="0.0134847"
			m02="-0.798018" m12="0.273678" m22="-0.536905" m32="0.346124"
			m03="0" m13="0" m23="0" m33="1"/>
		<transform name="pBip L Finger11"
			m00="-0.501965" m10="-0.525589" m20="-0.686868" m30="0.325225"
			m01="-0.853976" m11="0.17544" m21="0.489842" m31="-0.0287167"
			m02="-0.136952" m12="0.832452" m22="-0.536905" m32="0.285878"
			m03="0" m13="0" m23="0" m33="1"/>
		<transform name="pBip L Finger0"
			m00="0.444071" m10="-0.788636" m20="0.425269" m30="0.360447"
			m01="-0.891325" m11="-0.437206" m21="0.119958" m31="-0.0124525"
			m02="0.0913268" m12="-0.432323" m22="-0.897082" m32="0.524578"
			m03="0" m13="0" m23="0" m33="1"/>
		<transform name="pBip L Finger01"
			m00="-0.117386" m10="-0.897422" m20="0.425269" m30="0.402301"
			m01="-0.975495" m11="0.184443" m21="0.119958" m31="-0.0964602"
			m02="-0.186091" m12="-0.400766" m22="-0.897082" m32="0.533185"
			m03="0" m13="0" m23="0" m33="1"/>
		<transform name="pBip Prop1"
			m00="0.919837" m10="-0.336572" m20="0.201544" m30="-0.195142"
			m01="0.32616" m11="0.941589" m21="0.0838458" m31="-0.494064"
			m02="-0.217992" m12="-0.0113888" m22="0.975884" m32="0.55377"
			m03="0" m13="0" m23="0" m33="1"/>
		<transform name="pBip Head"
			m00="-0.0676582" m10="0.996857" m20="0.0412012" m30="-0.0271819"
			m01="0.0195546" m11="-0.039963" m21="0.99901" m31="-0.0211208"
			m02="0.997517" m12="0.0683968" m22="-0.0167893" m32="0.930587"
			m03="0" m13="0" m23="0" m33="1"/>
		<transform name="pBip Ponytail1"
			m00="-0.0676829" m10="-0.996684" m20="-0.0451537" m30="0.0390615"
			m01="0.0382424" m11="0.0426326" m21="-0.998359" m31="-0.0164459"
			m02="0.996974" m12="-0.0692986" m22="0.0352301" m32="1.37143"
			m03="0" m13="0" m23="0" m33="1"/>
		<transform name="pBip L Toe0"
			m00="0.536696" m10="0.0" m20="0.843776" m30="0.0119849"
			m01="0.843776" m11="-6.94991e-007" m21="-0.536696" m31="0.113281"
			m02="5.99868e-007" m12="1.0" m22="-3.64782e-007" m32="1.48028e-007"
			m03="0" m13="0" m23="0" m33="1"/>
		<transform name="pBip R Toe0"
			m00="0.962063" m10="-0.151249" m20="-0.227065" m30="0.247524"
			m01="-0.219151" m11="0.0673102" m21="-0.973366" m31="-0.227919"
			m02="0.162505" m12="0.986201" m22="0.0316103" m32="0.0343541"
			m03="0" m13="0" m23="0" m33="1"/>
	</frame>
	<frame index="4">
		<transform name="pBip Pelvis"
			m00="0.0435778" m10="0.998787" m20="-0.0229073" m30="-0.0540881"
			m01="-0.0754805" m11="0.0261551" m21="0.996804" m31="-0.0101849"
			m02="0.996195" m12="-0.0417095" m22="0.0765288" m32="0.396955"
			m03="0" m13="0" m23="0" m33="1"/>
		<transform name="pBip Spine"
			m00="0.312434" m10="0.885466" m20="0.343999" m30="-0.0907204"
			m01="-0.351678" m11="-0.228581" m21="0.907785" m31="-0.021537"
			m02="0.882444" m12="-0.4046" m22="0.239982" m32="0.534165"
			m03="0" m13="0" m23="0" m33="1"/>
		<transform name="pBip L Thigh"
			m00="0.327922" m10="0.58974" m20="0.738021" m30="-0.0570382"
			m01="0.040755" m11="0.77166" m21="-0.634728" m31="0.118197"
			m02="-0.943825" m12="0.238219" m22="0.229009" m32="0.406811"
			m03="0" m13="0" m23="0" m33="1"/>
		<transform name="pBip Spine1"
			m00="0.151591" m10="0.801263" m20="0.57879" m30="-0.0576716"
			m01="0.00214408" m11="-0.585822" m21="0.810437" m31="-0.0587636"
			m02="0.988441" m12="-0.121614" m22="-0.0905234" m32="0.62771"
			m03="0" m13="0" m23="0" m33="1"/>
		<transform name="pBip L Calf"
			m00="-0.246448" m10="0.628163" m20="0.738021" m30="-0.00209933"
			m01="-0.569487" m11="0.522307" m21="-0.634728" m31="0.125025"
			m02="-0.784187" m12="-0.57672" m22="0.229009" m32="0.248686"
			m03="0" m13="0" m23="0" m33="1"/>
		<transform name="pBip L Foot"
			m00="0.0" m10="0.536696" m20="0.843776" m30="-0.0479779"
			m01="8.62814e-007" m11="0.843776" m21="-0.536696" m31="0.0190094"
			m02="-1.0" m12="7.85472e-007" m22="-5.27875e-007" m32="0.102702"
			m03="0" m13="0" m23="0" m33="1"/>
		<transform name="pBip Tail"
			m00="-0.0427822" m10="0.998822" m20="0.0229083" m30="0.00421622"
			m01="0.0754999" m11="0.0260958" m21="-0.996804" m31="-0.0067782"
			m02="-0.996228" m12="-0.0409159" m22="-0.0765274" m32="0.37003"
			m03="0" m13="0" m23="0" m33="1"/>
		<transform name="pBip R Thigh"
			m00="0.724875" m10="0.254125" m20="-0.640294" m30="-0.051138"
			m01="-0.486394" m11="-0.4694" m21="-0.736943" m31="-0.138566"
			m02="-0.48783" m12="0.845627" m22="-0.216651" m32="0.387098"
			m03="0" m13="0" m23="0" m33="1"/>
		<transform name="pBip R Calf"
			m00="0.219953" m10="0.735965" m20="-0.640294" m30="0.070305"
			m01="0.0943363" m11="-0.669339" m21="-0.736943" m31="-0.220055"
			m02="-0.970939" m12="0.10169" m22="-0.216651" m32="0.305369"
			m03="0" m13="0" m23="0" m33="1"/>
		<transform name="pBip R Foot"
			m00="0.227664" m10="0.907525" m20="-0.352941" m30="0.111251"
			m01="-0.119616" m11="-0.333649" m21="-0.935078" m31="-0.202493"
			m02="-0.966365" m12="0.255101" m22="0.0325943" m32="0.12462"
			m03="0" m13="0" m23="0" m33="1"/>
		<transform name="pBip Spine2"
			m00="0.158831" m10="0.601703" m20="0.782769" m30="-0.0416567"
			m01="0.435285" m11="-0.754296" m21="0.491493" m31="-0.0584699"
			m02="0.886172" m12="0.262663" m22="-0.381717" m32="0.732456"
			m03="0" m13="0" m23="0" m33="1"/>
		<transform name="pBip L UpperArm"
			m00="0.546467" m10="-0.0866755" m20="0.832983" m30="0.0820641"
			m01="0.325532" m11="0.938399" m21="-0.115917" m31="0.0563114"
			m02="-0.771623" m12="0.334508" m22="0.54102" m32="0.778659"
			m03="0" m13="0" m23="0" m33="1"/>
		<transform name="pBip L Clavicle"
			m00="0.782767" m10="-0.601831" m20="0.158352" m30="-0.0122929"
			m01="0.491495" m11="0.753947" m21="0.435885" m31="-0.00293482"
			m02="-0.381718" m12="-0.263368" m22="0.885962" m32="0.824672"
			m03="0" m13="0" m23="0" m33="1"/>
		<transform name="pBip R UpperArm"
			m00="-0.686945" m10="-0.477965" m20="0.547408" m30="-0.130258"
			m01="-0.650488" m11="0.740258" m21="-0.169951" m31="-0.0770044"
			m02="-0.323993" m12="-0.472829" m22="-0.819427" m32="0.882198"
			m03="0" m13="0" m23="0" m33="1"/>
		<transform name="pBip R Clavicle"
			m00="-0.782767" m10="-0.601831" m20="-0.158352" m30="-0.035901"
			m01="-0.491495" m11="0.753947" m21="-0.435885" m31="-0.0177582"
			m02="0.381718" m12="-0.263368" m22="-0.885962" m32="0.836184"
			m03="0" m13="0" m23="0" m33="1"/>
		<transform name="pBip R Forearm"
			m00="0.145116" m10="-0.824188" m20="0.547408" m30="-0.273263"
			m01="-0.945052" m11="-0.279274" m21="-0.169951" m31="-0.212419"
			m02="0.292948" m12="-0.492666" m22="-0.819427" m32="0.814751"
			m03="0" m13="0" m23="0" m33="1"/>
		<transform name="pBip R Hand"
			m00="0.100199" m10="0.992932" m20="0.0636037" m30="-0.249529"
			m01="-0.956015" m11="0.0783679" m21="0.282654" m31="-0.366982"
			m02="0.275672" m12="-0.0891278" m22="0.957111" m32="0.862662"
			m03="0" m13="0" m23="0" m33="1"/>
		<transform name="pBip Neck"
			m00="-0.208852" m10="0.473639" m20="0.855597" m30="-0.0241315"
			m01="-0.148382" m11="-0.880109" m21="0.450989" m31="-0.0102823"
			m02="0.966625" m12="-0.032765" m22="0.254092" m32="0.830431"
			m03="0" m13="0" m23="0" m33="1"/>
		<transform name="pBip L Forearm"
			m00="0.393468" m10="0.389002" m20="0.832983" m30="0.195825"
			m01="-0.563358" m11="0.818041" m21="-0.115917" m31="0.124079"
			m02="-0.726506" m12="-0.423658" m22="0.54102" m32="0.618026"
			m03="0" m13="0" m23="0" m33="1"/>
		<transform name="pBip L Hand"
			m00="0.321183" m10="-0.723786" m20="-0.610717" m30="0.260176"
			m01="-0.610704" m11="-0.651179" m21="0.450563" m31="0.0319424"
			m02="-0.723797" m12="0.228254" m22="-0.651167" m32="0.499207"
			m03="0" m13="0" m23="0" m33="1"/>
		<transform name="pBip L Finger1"
			m00="0.0773709" m10="-0.787613" m20="-0.611293" m30="0.31946"
			m01="-0.784644" m11="-0.426373" m21="0.450044" m31="-0.0807819"
			m02="-0.6151" m12="0.444827" m22="-0.650985" m32="0.365608"
			m03="0" m13="0" m23="0" m33="1"/>
		<transform name="pBip L Finger11"
			m00="-0.703401" m10="-0.362696" m20="-0.611293" m30="0.325301"
			m01="-0.685944" m11="0.571787" m21="0.450044" m31="-0.140018"
			m02="0.1863" m12="0.735874" m22="-0.650985" m32="0.319171"
			m03="0" m13="0" m23="0" m33="1"/>
		<transform name="pBip L Finger0"
			m00="0.230509" m10="-0.861628" m20="0.452175" m30="0.364985"
			m01="-0.943245" m11="-0.312021" m21="-0.113716" m31="-0.0763919"
			m02="0.239069" m12="-0.400299" m22="-0.88465" m32="0.547689"
			m03="0" m13="0" m23="0" m33="1"/>
		<transform name="pBip L Finger01"
			m00="-0.425085" m10="-0.784118" m20="0.452175" m30="0.386711"
			m01="-0.899427" m11="0.422019" m21="-0.113716" m31="-0.165293"
			m02="-0.101659" m12="-0.455037" m22="-0.88465" m32="0.570221"
			m03="0" m13="0" m23="0" m33="1"/>
		<transform name="pBip Prop1"
			m00="0.993819" m10="-0.10251" m20="0.042604" m30="-0.229821"
			m01="0.0840532" m11="0.945556" m21="0.314419" m31="-0.542866"
			m02="-0.0725156" m12="-0.308895" m22="0.948328" m32="0.652406"
			m03="0" m13="0" m23="0" m33="1"/>
		<transform name="pBip Head"
			m00="-0.059904" m10="0.997499" m20="0.0375189" m30="-0.0432616"
			m01="0.019518" m11="-0.0364087" m21="0.999146" m31="-0.0238735"
			m02="0.998013" m12="0.0605851" m22="-0.0172882" m32="0.91897"
			m03="0" m13="0" m23="0" m33="1"/>
		<transform name="pBip Ponytail1"
			m00="-0.0599994" m10="-0.997342" m20="-0.041329" m30="0.0264193"
			m01="0.0382054" m11="0.0390788" m21="-0.998505" m31="-0.0188733"
			m02="0.997467" m12="-0.0614887" m22="0.0357592" m32="1.35928"
			m03="0" m13="0" m23="0" m33="1"/>
		<transform name="pBip L Toe0"
			m00="0.536695" m10="0.0" m20="0.843776" m30="0.0119849"
			m01="0.843776" m11="-8.50413e-007" m21="-0.536696" m31="0.113281"
			m02="7.55089e-007" m12="1.0" m22="-5.52536e-007" m32="1.32475e-007"
			m03="0" m13="0" m23="0" m33="1"/>
		<transform name="pBip R Toe0"
			m00="0.907525" m10="-0.227664" m20="-0.352941" m30="0.236027"
			m01="-0.333649" m11="0.119616" m21="-0.935078" m31="-0.252055"
			m02="0.255101" m12="0.966365" m22="0.0325943" m32="0.0538738"
			m03="0" m13="0" m23="0" m33="1"/>
	</frame>
	<frame index="5">
		<transform name="pBip Pelvis"
			m00="0.0435778" m10="0.999048" m20="-0.00177254" m30="-0.058526"
