<?xml version="1.0" encoding="ISO-8859-1" standalone="yes"?>

<!DOCTYPE animation [
	<!ELEMENT animation  (frame+)>
	<!ELEMENT frame      (transform+)>
	<!ELEMENT transform   EMPTY>
	<!ATTLIST frame index CDATA #REQUIRED>
	<!ATTLIST transform name CDATA #REQUIRED>
	<!ATTLIST transform m00 CDATA #REQUIRED>
	<!ATTLIST transform m01 CDATA #REQUIRED>
	<!ATTLIST transform m02 CDATA #REQUIRED>
	<!ATTLIST transform m03 CDATA #REQUIRED>
	<!ATTLIST transform m10 CDATA #REQUIRED>
	<!ATTLIST transform m11 CDATA #REQUIRED>
	<!ATTLIST transform m12 CDATA #REQUIRED>
	<!ATTLIST transform m13 CDATA #REQUIRED>
	<!ATTLIST transform m20 CDATA #REQUIRED>
	<!ATTLIST transform m21 CDATA #REQUIRED>
	<!ATTLIST transform m22 CDATA #REQUIRED>
	<!ATTLIST transform m23 CDATA #REQUIRED>
	<!ATTLIST transform m30 CDATA #REQUIRED>
	<!ATTLIST transform m31 CDATA #REQUIRED>
	<!ATTLIST transform m32 CDATA #REQUIRED>
	<!ATTLIST transform m33 CDATA #REQUIRED>
]>

<animation>
	<frame index="0">
		<transform name="peon bip Pelvis"
			m00="-0.23909" m10="0.9709" m20="0.0137109" m30="-0.0425283"
			m01="-0.130691" m11="-0.0461691" m21="0.990347" m31="-0.00852182"
			m02="0.962162" m12="0.234991" m22="0.137927" m32="0.435384"
			m03="0" m13="0" m23="0" m33="1"/>
		<transform name="peon bip Spine"
			m00="-0.155653" m10="0.984797" m20="-0.0771156" m30="-0.109264"
			m01="0.00739172" m11="0.0792261" m21="0.996829" m31="-0.0391642"
			m02="0.987784" m12="0.154589" m22="-0.0196111" m32="0.597946"
			m03="0" m13="0" m23="0" m33="1"/>
		<transform name="peon bip L Thigh"
			m00="0.115708" m10="0.990819" m20="-0.069927" m30="-0.0405027"
			m01="-0.0742192" m11="-0.0615786" m21="-0.995339" m31="0.13777"
			m02="-0.990507" m12="0.120359" m22="0.0664127" m32="0.455758"
			m03="0" m13="0" m23="0" m33="1"/>
		<transform name="peon bip R Thigh"
			m00="0.752383" m10="0.596375" m20="-0.279744" m30="-0.0445538"
			m01="-0.173948" m11="-0.229727" m21="-0.957584" m31="-0.154813"
			m02="-0.635345" m12="0.769131" m22="-0.0691043" m32="0.41501"
			m03="0" m13="0" m23="0" m33="1"/>
		<transform name="peon bip L Toe0"
			m00="0.981547" m10="-4.26254e-006" m20="0.191219" m30="0.0955962"
			m01="0.191219" m11="-0.000549163" m21="-0.981547" m31="0.136984"
			m02="0.000109186" m12="1.0" m22="-0.000538238" m32="0.003404"
			m03="0" m13="0" m23="0" m33="1"/>
		<transform name="peon bip L Foot"
			m00="4.32104e-006" m10="0.981547" m20="0.191219" m30="-0.0214068"
			m01="0.000549175" m11="0.191219" m21="-0.981547" m31="0.114126"
			m02="-1.0" m12="0.000109245" m22="-0.000538238" m32="0.12151"
			m03="0" m13="0" m23="0" m33="1"/>
		<transform name="peon bip Spine2"
			m00="0.186155" m10="0.941451" m20="-0.281099" m30="-0.14952"
			m01="-0.00736479" m11="0.287429" m21="0.957774" m31="-0.0233167"
			m02="0.982493" m12="-0.176224" m22="0.0604399" m32="0.927063"
			m03="0" m13="0" m23="0" m33="1"/>
		<transform name="peon bip Spine1"
			m00="-0.0850125" m10="0.978871" m20="-0.185968" m30="-0.135262"
			m01="0.0883571" m11="0.193314" m21="0.97715" m31="-0.0379613"
			m02="0.992455" m12="0.0666384" m22="-0.102924" m32="0.7621"
			m03="0" m13="0" m23="0" m33="1"/>
		<transform name="peon bip R Clavicle"
			m00="0.281101" m10="-0.941598" m20="-0.185405" m30="-0.115119"
			m01="-0.957773" m11="-0.287425" m21="0.00759371" m31="-0.0318569"
			m02="-0.0604405" m12="0.175442" m22="-0.982633" m32="1.09691"
			m03="0" m13="0" m23="0" m33="1"/>
		<transform name="peon bip R UpperArm"
			m00="0.114743" m10="-0.937011" m20="-0.329916" m30="-0.0992672"
			m01="-0.896975" m11="-0.240455" m21="0.370967" m31="-0.0858682"
			m02="-0.42693" m12="0.253361" m22="-0.868066" m32="1.09351"
			m03="0" m13="0" m23="0" m33="1"/>
		<transform name="peon bip Neck"
			m00="0.64709" m10="0.708701" m20="-0.281099" m30="-0.117307"
			m01="0.142655" m11="0.249638" m21="0.957774" m31="-0.0246129"
			m02="0.748949" m12="-0.659866" m22="0.0604386" m32="1.09742"
			m03="0" m13="0" m23="0" m33="1"/>
		<transform name="peon bip Head"
			m00="-0.243137" m10="0.964921" m20="-0.0990542" m30="-0.0535604"
			m01="0.0627708" m11="0.117556" m21="0.99108" m31="-0.0105596"
			m02="0.967959" m12="0.234751" m22="-0.0891512" m32="1.17121"
			m03="0" m13="0" m23="0" m33="1"/>
		<transform name="peon bip R Forearm"
			m00="0.646385" m10="-0.687998" m20="-0.329916" m30="-0.0755973"
			m01="-0.581401" m11="-0.724125" m21="0.370967" m31="-0.270902"
			m02="-0.494125" m12="-0.0479742" m22="-0.868066" m32="1.00544"
			m03="0" m13="0" m23="0" m33="1"/>
		<transform name="peon bip R Hand"
			m00="0.614993" m10="0.651042" m20="0.444891" m30="0.0657529"
			m01="-0.619058" m11="0.748097" m21="-0.238993" m31="-0.398042"
			m02="-0.488417" m12="-0.128434" m22="0.863107" m32="0.897382"
			m03="0" m13="0" m23="0" m33="1"/>
		<transform name="peon bip R Calf"
			m00="-0.249202" m10="0.927168" m20="-0.279744" m30="0.11476"
			m01="0.141935" m11="-0.250772" m21="-0.957584" m31="-0.191646"
			m02="-0.957994" m12="-0.278338" m22="-0.0691043" m32="0.280479"
			m03="0" m13="0" m23="0" m33="1"/>
		<transform name="peon bip R Foot"
			m00="0.0974101" m10="0.783386" m20="-0.613855" m30="0.0836392"
			m01="-0.0515979" m11="-0.611983" m21="-0.789185" m31="-0.173921"
			m02="-0.993906" m12="0.108548" m22="-0.0191923" m32="0.160842"
			m03="0" m13="0" m23="0" m33="1"/>
		<transform name="peon bip R Toe0"
			m00="0.783386" m10="-0.0974101" m20="-0.613855" m30="0.188526"
			m01="-0.611983" m11="0.0515979" m21="-0.789185" m31="-0.252965"
			m02="0.108548" m12="0.993906" m22="-0.0191923" m32="0.0563826"
			m03="0" m13="0" m23="0" m33="1"/>
		<transform name="peon bip L UpperArm"
			m00="0.0282998" m10="-0.923906" m20="0.381572" m30="-0.135235"
			m01="0.940382" m11="0.154041" m21="0.303237" m31="0.0366816"
			m02="-0.33894" m12="0.350242" m22="0.873184" m32="1.10124"
			m03="0" m13="0" m23="0" m33="1"/>
		<transform name="peon bip L Clavicle"
			m00="-0.281101" m10="-0.941598" m20="0.185405" m30="-0.119383"
			m01="0.957773" m11="-0.287425" m21="-0.00759363" m31="-0.0173298"
			m02="0.0604404" m12="0.175442" m22="0.982633" m32="1.09783"
			m03="0" m13="0" m23="0" m33="1"/>
		<transform name="peon bip L Forearm"
			m00="0.534277" m10="-0.754289" m20="0.381572" m30="-0.129397"
			m01="0.698515" m11="0.64817" m21="0.303237" m31="0.23067"
			m02="-0.476052" m12="0.104521" m22="0.873184" m32="1.03132"
			m03="0" m13="0" m23="0" m33="1"/>
		<transform name="peon bip L Hand"
			m00="0.652206" m10="0.443755" m20="-0.61458" m30="-0.0125625"
			m01="0.669565" m11="-0.717349" m21="0.192598" m31="0.383419"
			m02="-0.355402" m12="-0.537114" m22="-0.764982" m32="0.927219"
			m03="0" m13="0" m23="0" m33="1"/>
		<transform name="peon bip L Finger1"
			m00="0.78124" m10="0.111308" m20="-0.614227" m30="0.107822"
			m01="0.284783" m11="-0.939161" m21="0.192026" m31="0.507008"
			m02="-0.555484" m12="-0.32494" m22="-0.765409" m32="0.861619"
			m03="0" m13="0" m23="0" m33="1"/>
		<transform name="peon bip L Finger11"
			m00="0.679409" m10="-0.401409" m20="-0.614227" m30="0.166801"
			m01="-0.364699" m11="-0.911109" m21="0.192026" m31="0.528508"
			m02="-0.636709" m12="0.0935437" m22="-0.765409" m32="0.819683"
			m03="0" m13="0" m23="0" m33="1"/>
		<transform name="peon bip L Finger01"
			m00="0.776401" m10="-0.596712" m20="0.202824" m30="0.211561"
			m01="-0.310844" m11="-0.0826076" m21="0.946864" m31="0.381239"
			m02="-0.54825" m12="-0.798193" m22="-0.249621" m32="1.03366"
			m03="0" m13="0" m23="0" m33="1"/>
		<transform name="peon bip Prop1"
			m00="0.65324" m10="-0.637695" m20="0.408195" m30="0.107748"
			m01="0.749228" m11="0.622207" m21="-0.226969" m31="-0.396848"
			m02="-0.109245" m12="0.454096" m22="0.88423" m32="0.674563"
			m03="0" m13="0" m23="0" m33="1"/>
		<transform name="peon bip Ponytail2"
			m00="0.103272" m10="-0.977596" m20="0.183417" m30="-0.0671917"
			m01="-0.990768" m11="-0.084823" m21="0.105751" m31="-0.0346816"
			m02="-0.0878235" m12="-0.192644" m22="-0.977331" m32="1.44526"
			m03="0" m13="0" m23="0" m33="1"/>
		<transform name="peon bip Ponytail1"
			m00="-0.0917372" m10="-0.971662" m20="-0.217848" m30="-0.0765007"
			m01="0.960333" m11="-0.144182" m21="0.238687" m31="0.0584573"
			m02="-0.263333" m12="-0.18731" m22="0.946346" m32="1.43688"
			m03="0" m13="0" m23="0" m33="1"/>
		<transform name="peon bip L Calf"
			m00="-0.0432798" m10="0.996613" m20="-0.069927" m30="-0.0160019"
			m01="-0.0634858" m11="-0.0725946" m21="-0.995339" m31="0.122054"
			m02="-0.997044" m12="-0.0386387" m22="0.0664127" m32="0.246023"
			m03="0" m13="0" m23="0" m33="1"/>
	</frame>
	<frame index="1">
		<transform name="peon bip Pelvis"
			m00="-0.238671" m10="0.785756" m20="-0.570635" m30="-0.0368609"
			m01="-0.38792" m11="0.461553" m21="0.797801" m31="-0.0164369"
			m02="0.890255" m12="0.411773" m22="0.194652" m32="0.415888"
			m03="0" m13="0" m23="0" m33="1"/>
		<transform name="peon bip Spine"
			m00="-0.284608" m10="0.723544" m20="-0.628873" m30="-0.0936934"
			m01="-0.257909" m11="0.574025" m21="0.77716" m31="-0.103527"
			m02="0.923299" m12="0.383378" m22="0.0232364" m32="0.560809"
			m03="0" m13="0" m23="0" m33="1"/>
		<transform name="peon bip L Thigh"
			m00="0.300752" m10="0.827008" m20="0.474979" m30="-0.121153"
			m01="0.041096" m11="0.486337" m21="-0.872805" m31="0.101412"
			m02="-0.952816" m12="0.282018" m22="0.11228" m32="0.444641"
			m03="0" m13="0" m23="0" m33="1"/>
		<transform name="peon bip R Thigh"
			m00="0.857278" m10="0.512569" m20="0.0484498" m30="0.0474315"
			m01="0.105757" m11="-0.0832159" m21="-0.990904" m31="-0.134286"
			m02="-0.503874" m12="0.854604" m22="-0.125547" m32="0.387134"
			m03="0" m13="0" m23="0" m33="1"/>
		<transform name="peon bip L Toe0"
			m00="0.981547" m10="-4.48032e-006" m20="0.191219" m30="0.0950665"
			m01="0.191219" m11="-0.000549488" m21="-0.981547" m31="0.136917"
			m02="0.000109489" m12="1.0" m22="-0.000538505" m32="0.00512507"
			m03="0" m13="0" m23="0" m33="1"/>
		<transform name="peon bip L Foot"
			m00="4.53883e-006" m10="0.981547" m20="0.191219" m30="-0.0219365"
			m01="0.0005495" m11="0.191219" m21="-0.981547" m31="0.114059"
			m02="-1.0" m12="0.000109548" m22="-0.000538505" m32="0.123231"
			m03="0" m13="0" m23="0" m33="1"/>
		<transform name="peon bip Spine2"
			m00="-0.0529054" m10="0.614865" m20="-0.786856" m30="-0.191223"
			m01="-0.141285" m11="0.775424" m21="0.615431" m31="-0.176674"
			m02="0.988554" m12="0.14373" m22="0.0458469" m32="0.869782"
			m03="0" m13="0" m23="0" m33="1"/>
		<transform name="peon bip Spine1"
			m00="-0.301202" m10="0.655836" m20="-0.692211" m30="-0.14108"
			m01="-0.18104" m11="0.673388" m21="0.716779" m31="-0.146479"
			m02="0.936217" m12="0.341213" m22="-0.0840929" m32="0.71421"
			m03="0" m13="0" m23="0" m33="1"/>
		<transform name="peon bip R Clavicle"
			m00="0.786857" m10="-0.61482" m20="0.053395" m30="-0.194426"
			m01="-0.615429" m11="-0.775313" m21="0.141902" m31="-0.205832"
			m02="-0.0458466" m12="-0.144518" m22="-0.988439" m32="1.0408"
			m03="0" m13="0" m23="0" m33="1"/>
		<transform name="peon bip R UpperArm"
			m00="0.588888" m10="-0.670805" m20="-0.450812" m30="-0.150053"
			m01="-0.624361" m11="-0.731773" m21="0.27328" m31="-0.240537"
			m02="-0.51321" m12="0.120538" m22="-0.849757" m32="1.03821"
			m03="0" m13="0" m23="0" m33="1"/>
		<transform name="peon bip Neck"
			m00="0.261614" m10="0.558942" m20="-0.786856" m30="-0.200437"
			m01="0.265357" m11="0.742179" m21="0.615431" m31="-0.201223"
			m02="0.927978" m12="-0.369803" m22="0.0458455" m32="1.04117"
			m03="0" m13="0" m23="0" m33="1"/>
		<transform name="peon bip Head"
			m00="-0.479826" m10="0.589963" m20="-0.649392" m30="-0.174665"
			m01="-0.352119" m11="0.548447" m21="0.758431" m31="-0.175082"
			m02="0.803604" m12="0.592578" m22="-0.0554221" m32="1.13259"
			m03="0" m13="0" m23="0" m33="1"/>
		<transform name="peon bip R Forearm"
			m00="0.891984" m10="-0.0336444" m20="-0.450812" m30="-0.0285734"
			m01="0.102039" m11="-0.956507" m21="0.27328" m31="-0.369335"
			m02="-0.4404" m12="-0.289762" m22="-0.849757" m32="0.932342"
			m03="0" m13="0" m23="0" m33="1"/>
		<transform name="peon bip R Hand"
			m00="0.893126" m10="-0.0014396" m20="0.449805" m30="0.166484"
			m01="0.0530936" m11="0.993341" m21="-0.102243" m31="-0.347021"
			m02="-0.446663" m12="0.115197" m22="0.887255" m32="0.836036"
			m03="0" m13="0" m23="0" m33="1"/>
		<transform name="peon bip R Calf"
			m00="0.0790336" m10="0.995694" m20="0.0484498" m30="0.228957"
			m01="0.129103" m11="0.0379691" m21="-0.990904" m31="-0.111892"
			m02="-0.988477" m12="0.0845697" m22="-0.125547" m32="0.280441"
			m03="0" m13="0" m23="0" m33="1"/>
		<transform name="peon bip R Foot"
			m00="0.113906" m10="0.978586" m20="-0.171449" m30="0.238827"
			m01="0.054092" m11="-0.178425" m21="-0.982465" m31="-0.0957697"
			m02="-0.992018" m12="0.102635" m22="-0.0732575" m32="0.156998"
			m03="0" m13="0" m23="0" m33="1"/>
		<transform name="peon bip R Toe0"
			m00="0.978586" m10="-0.113906" m20="-0.171449" m30="0.368931"
			m01="-0.178425" m11="-0.054092" m21="-0.982465" m31="-0.110649"
			m02="0.102635" m12="0.992018" m22="-0.0732575" m32="0.0520562"
			m03="0" m13="0" m23="0" m33="1"/>
		<transform name="peon bip L UpperArm"
			m00="-0.549647" m10="-0.833591" m20="0.0548995" m30="-0.250734"
			m01="0.812722" m11="-0.518365" m21="0.266048" m31="-0.161791"
			m02="-0.193317" m12="0.19085" m22="0.962395" m32="1.04408"
			m03="0" m13="0" m23="0" m33="1"/>
		<transform name="peon bip L Clavicle"
			m00="-0.786857" m10="-0.61482" m20="-0.053395" m30="-0.206361"
			m01="0.615429" m11="-0.775313" m21="-0.141902" m31="-0.196497"
			m02="0.0458465" m12="-0.144518" m22="0.988439" m32="1.04149"
			m03="0" m13="0" m23="0" m33="1"/>
		<transform name="peon bip L Forearm"
			m00="0.00901294" m10="-0.998451" m20="0.0548995" m30="-0.364118"
			m01="0.963678" m11="0.0233275" m21="0.266048" m31="0.00586206"
			m02="-0.266916" m12="0.0505076" m22="0.962395" m32="1.0042"
			m03="0" m13="0" m23="0" m33="1"/>
		<transform name="peon bip L Hand"
			m00="0.111613" m10="0.826029" m20="-0.552466" m30="-0.362148"
			m01="0.985004" m11="-0.16556" m21="-0.0485429" m31="0.216597"
			m02="-0.131564" m12="-0.538764" m22="-0.832121" m32="0.945829"
			m03="0" m13="0" m23="0" m33="1"/>
		<transform name="peon bip L Finger1"
			m00="0.464452" m10="0.69267" m20="-0.551808" m30="-0.341546"
			m01="0.811216" m11="-0.582717" m21="-0.0486747" m31="0.39841"
			m02="-0.355264" m12="-0.425029" m22="-0.832549" m32="0.921544"
			m03="0" m13="0" m23="0" m33="1"/>
		<transform name="peon bip L Finger11"
			m00="0.79549" m10="0.250405" m20="-0.551808" m30="-0.306482"
			m01="0.269024" m11="-0.961903" m21="-0.0486747" m31="0.459652"
			m02="-0.542974" m12="-0.109729" m22="-0.832549" m32="0.894724"
			m03="0" m13="0" m23="0" m33="1"/>
		<transform name="peon bip L Finger01"
			m00="0.832048" m10="-0.364743" m20="-0.417923" m30="-0.192683"
			m01="0.348697" m11="-0.24202" m21="0.905448" m31="0.325278"
			m02="-0.431402" m12="-0.899105" m22="-0.0741872" m32="1.09087"
			m03="0" m13="0" m23="0" m33="1"/>
		<transform name="peon bip Prop1"
			m00="-0.00149516" m10="-0.910573" m20="0.413345" m30="0.208075"
			m01="0.990946" m11="-0.0568432" m21="-0.121637" m31="-0.265534"
			m02="0.134256" m12="0.409421" m22="0.902413" m32="0.628563"
			m03="0" m13="0" m23="0" m33="1"/>
		<transform name="peon bip Ponytail2"
			m00="0.686639" m10="-0.630532" m20="0.361879" m30="-0.243777"
			m01="-0.723128" m11="-0.54106" m21="0.429348" m31="-0.278245"
			m02="-0.0749193" m12="-0.556492" m22="-0.827468" m32="1.37846"
			m03="0" m13="0" m23="0" m33="1"/>
		<transform name="peon bip Ponytail1"
			m00="-0.599022" m10="-0.59163" m20="-0.53958" m30="-0.304805"
			m01="0.779007" m11="-0.586489" m21="-0.221761" m31="-0.20697"
			m02="-0.185258" m12="-0.553176" m22="0.812204" m32="1.37325"
			m03="0" m13="0" m23="0" m33="1"/>
		<transform name="peon bip L Calf"
			m00="0.284538" m10="0.832726" m20="0.474979" m30="-0.0574702"
			m01="0.0315869" m11="0.487047" m21="-0.872805" m31="0.110114"
			m02="-0.958144" m12="0.263349" m22="0.11228" m32="0.242886"
			m03="0" m13="0" m23="0" m33="1"/>
	</frame>
	<frame index="2">
		<transform name="peon bip Pelvis"
			m00="-0.135615" m10="0.414832" m20="-0.899735" m30="0.00836179"
			m01="-0.389032" m11="0.812891" m21="0.43343" m31="0.114043"
			m02="0.911187" m12="0.408806" m22="0.0511426" m32="0.418057"
			m03="0" m13="0" m23="0" m33="1"/>
		<transform name="peon bip Spine"
			m00="-0.254548" m10="0.296158" m20="-0.920595" m30="-0.0180445"
			m01="-0.332777" m11="0.866991" m21="0.370927" m31="0.0211332"
			m02="0.908001" m12="0.400772" m22="-0.122136" m32="0.568009"
			m03="0" m13="0" m23="0" m33="1"/>
		<transform name="peon bip L Thigh"
			m00="0.428493" m10="0.470262" m20="0.771522" m30="-0.124544"
			m01="0.126228" m11="0.814354" m21="-0.566474" m31="0.178068"
			m02="-0.894684" m12="0.340118" m22="0.289585" m32="0.425612"
			m03="0" m13="0" m23="0" m33="1"/>
		<transform name="peon bip R Thigh"
			m00="0.823563" m10="0.275102" m20="0.496048" m30="0.141268"
			m01="0.459988" m11="0.187787" m21="-0.86784" m31="0.0500176"
			m02="-0.331896" m12="0.942897" m22="0.0281106" m32="0.410503"
			m03="0" m13="0" m23="0" m33="1"/>
		<transform name="peon bip L Toe0"
			m00="0.845608" m10="-0.0372191" m20="0.532504" m30="0.0656036"
			m01="0.530881" m11="-0.0455997" m21="-0.846218" m31="0.210532"
			m02="0.0557775" m12="0.998266" m22="-0.0188005" m32="0.0171898"
			m03="0" m13="0" m23="0" m33="1"/>
		<transform name="peon bip L Foot"
			m00="0.0372192" m10="0.845609" m20="0.532504" m30="-0.0395909"
			m01="0.0455997" m11="0.530881" m21="-0.846218" m31="0.141864"
			m02="-0.998266" m12="0.0557776" m22="-0.0188005" m32="0.128455"
			m03="0" m13="0" m23="0" m33="1"/>
		<transform name="peon bip Spine2"
			m00="-0.11925" m10="0.139686" m20="-0.982989" m30="-0.111521"
			m01="-0.11566" m11="0.981359" m21="0.153486" m31="-0.0798727"
			m02="0.986105" m12="0.131996" m22="-0.100871" m32="0.870311"
			m03="0" m13="0" m23="0" m33="1"/>
		<transform name="peon bip Spine1"
			m00="-0.307639" m10="0.195895" m20="-0.931119" m30="-0.0603745"
			m01="-0.273439" m11="0.919097" m21="0.283709" m31="-0.0342936"
			m02="0.911367" m12="0.341885" m22="-0.229185" m32="0.718867"
			m03="0" m13="0" m23="0" m33="1"/>
		<transform name="peon bip R Clavicle"
			m00="0.982989" m10="-0.139589" m20="0.119361" m30="-0.124738"
			m01="-0.153483" m11="-0.981267" m21="0.116441" m31="-0.101086"
			m02="0.100871" m12="-0.13278" m22="-0.985999" m32="1.04201"
			m03="0" m13="0" m23="0" m33="1"/>
		<transform name="peon bip R UpperArm"
			m00="0.802828" m10="-0.232356" m20="-0.54907" m30="-0.0693044"
			m01="-0.315678" m11="-0.946913" m21="-0.0608567" m31="-0.109741"
			m02="-0.505781" m12="0.222187" m22="-0.833558" m32="1.0477"
			m03="0" m13="0" m23="0" m33="1"/>
		<transform name="peon bip Neck"
			m00="-0.11925" m10="0.139686" m20="-0.982989" m30="-0.132203"
			m01="-0.11566" m11="0.981359" m21="0.153486" m31="-0.0999987"
			m02="0.986105" m12="0.131996" m22="-0.10087" m32="1.04124"
			m03="0" m13="0" m23="0" m33="1"/>
		<transform name="peon bip Head"
			m00="-0.351966" m10="0.180376" m20="-0.918468" m30="-0.143951"
			m01="-0.480902" m11="0.806995" m21="0.342771" m31="-0.111393"
			m02="0.803028" m12="0.562337" m22="-0.197291" m32="1.13838"
			m03="0" m13="0" m23="0" m33="1"/>
		<transform name="peon bip R Forearm"
			m00="0.647206" m10="0.528816" m20="-0.54907" m30="0.0963083"
			m01="0.600085" m11="-0.797618" m21="-0.0608567" m31="-0.174861"
			m02="-0.47013" m12="-0.290102" m22="-0.833558" m32="0.943365"
			m03="0" m13="0" m23="0" m33="1"/>
		<transform name="peon bip R Hand"
			m00="0.676819" m10="-0.583799" m20="0.448436" m30="0.237838"
			m01="0.561117" m11="0.80344" m21="0.199076" m31="-0.0436359"
			m02="-0.476512" m12="0.116887" m22="0.871363" m32="0.840558"
			m03="0" m13="0" m23="0" m33="1"/>
		<transform name="peon bip R Calf"
			m00="0.264894" m10="0.826903" m20="0.496048" m30="0.315654"
			m01="0.120421" m11="0.482029" m21="-0.86784" m31="0.147418"
			m02="-0.956729" m12="0.28962" m22="0.0281106" m32="0.340225"
			m03="0" m13="0" m23="0" m33="1"/>
		<transform name="peon bip R Foot"
			m00="0.297224" m10="0.876288" m20="0.379179" m30="0.348735"
			m01="-0.00784401" m11="0.399354" m21="-0.916763" m31="0.162457"
			m02="-0.954776" m12="0.269509" m22="0.125571" m32="0.220747"
			m03="0" m13="0" m23="0" m33="1"/>
		<transform name="peon bip R Toe0"
			m00="0.876288" m10="-0.297224" m20="0.379179" m30="0.488298"
			m01="0.399354" m11="0.00784401" m21="-0.916763" m31="0.209134"
			m02="0.269509" m12="0.954776" m22="0.125571" m32="0.140096"
			m03="0" m13="0" m23="0" m33="1"/>
		<transform name="peon bip L UpperArm"
			m00="-0.904053" m10="-0.394966" m20="-0.163369" m30="-0.195081"
			m01="0.327301" m11="-0.885539" m21="0.329688" m31="-0.0901025"
			m02="-0.274885" m12="0.244584" m22="0.929848" m32="1.03479"
			m03="0" m13="0" m23="0" m33="1"/>
		<transform name="peon bip L Clavicle"
			m00="-0.982989" m10="-0.139589" m20="-0.119361" m30="-0.139647"
			m01="0.153483" m11="-0.981267" m21="-0.116441" m31="-0.0987578"
			m02="-0.100871" m12="-0.13278" m22="0.985999" m32="1.04048"
			m03="0" m13="0" m23="0" m33="1"/>
		<transform name="peon bip L Forearm"
			m00="-0.547686" m10="-0.82058" m20="-0.163369" m30="-0.381575"
			m01="0.753629" m11="-0.568638" m21="0.329688" m31="-0.0225847"
			m02="-0.363433" m12="0.0574458" m22="0.929848" m32="0.978089"
			m03="0" m13="0" m23="0" m33="1"/>
		<transform name="peon bip L Hand"
			m00="-0.484747" m10="0.79131" m20="-0.372625" m30="-0.501341"
			m01="0.843343" m11="0.309886" m21="-0.439026" m31="0.142217"
			m02="-0.231934" m12="-0.527067" m22="-0.817562" m32="0.898614"
			m03="0" m13="0" m23="0" m33="1"/>
		<transform name="peon bip L Finger1"
			m00="-0.0862235" m10="0.924221" m20="-0.371995" m30="-0.590816"
			m01="0.893746" m11="-0.0932261" m21="-0.438779" m31="0.297882"
			m02="-0.440209" m12="-0.370302" m22="-0.817981" m32="0.855803"
			m03="0" m13="0" m23="0" m33="1"/>
		<transform name="peon bip L Finger11"
			m00="0.510357" m10="0.775342" m20="-0.371995" m30="-0.597326"
			m01="0.639392" m11="-0.631388" m21="-0.438779" m31="0.365355"
			m02="-0.575077" m12="-0.0139164" m22="-0.817981" m32="0.82257"
			m03="0" m13="0" m23="0" m33="1"/>
		<transform name="peon bip L Finger01"
			m00="0.486906" m10="-0.103688" m20="-0.867278" m30="-0.436632"
			m01="0.734605" m11="-0.488545" m21="0.470829" m31="0.34235"
			m02="-0.472524" m12="-0.866356" m22="-0.161705" m32="1.03024"
			m03="0" m13="0" m23="0" m33="1"/>
		<transform name="peon bip Prop1"
			m00="-0.581956" m10="-0.689786" m20="0.430723" m30="0.217723"
			m01="0.801814" m11="-0.575099" m21="0.162342" m31="0.0432521"
			m02="0.135727" m12="0.439836" m22="0.887763" m32="0.632078"
			m03="0" m13="0" m23="0" m33="1"/>
		<transform name="peon bip Ponytail2"
			m00="0.944645" m10="-0.22375" m20="0.239964" m30="-0.186073"
			m01="-0.315943" m11="-0.817564" m21="0.481423" m31="-0.21692"
			m02="0.0884681" m12="-0.530589" m22="-0.843" m32="1.3893"
			m03="0" m13="0" m23="0" m33="1"/>
		<transform name="peon bip Ponytail1"
			m00="-0.87907" m10="-0.168726" m20="-0.445834" m30="-0.272388"
			m01="0.366014" m11="-0.838097" m21="-0.404508" m31="-0.184707"
			m02="-0.305401" m12="-0.518773" m22="0.798502" m32="1.37076"
			m03="0" m13="0" m23="0" m33="1"/>
		<transform name="peon bip L Calf"
			m00="-0.0462697" m10="0.634517" m20="0.771522" m30="-0.0338127"
			m01="-0.503934" m11="0.65204" m21="-0.566474" m31="0.204796"
			m02="-0.862502" m12="-0.415007" m22="0.289585" m32="0.236166"
			m03="0" m13="0" m23="0" m33="1"/>
	</frame>
	<frame index="3">
		<transform name="peon bip Pelvis"
			m00="-0.252662" m10="-0.352815" m20="-0.900935" m30="-0.110313"
			m01="-0.028862" m11="0.93348" m21="-0.357466" m31="0.156118"
			m02="0.967124" m12="-0.0643153" m22="-0.246038" m32="0.441191"
			m03="0" m13="0" m23="0" m33="1"/>
		<transform name="peon bip Spine"
			m00="-0.346056" m10="-0.475916" m20="-0.808547" m30="-0.138021"
			m01="-0.119196" m11="0.877113" m21="-0.465259" m31="0.130685"
			m02="0.930611" m12="-0.0646303" m22="-0.360257" m32="0.615542"
			m03="0" m13="0" m23="0" m33="1"/>
		<transform name="peon bip L Thigh"
			m00="0.359282" m10="-0.35014" m20="0.865054" m30="-0.243396"
			m01="0.505731" m11="0.852087" m21="0.134847" m31="0.103314"
			m02="-0.784317" m12="0.389036" m22="0.483216" m32="0.404846"
			m03="0" m13="0" m23="0" m33="1"/>
		<transform name="peon bip R Thigh"
			m00="0.420715" m10="-0.451095" m20="0.787091" m30="0.022771"
			m01="0.882065" m11="0.406189" m21="-0.238687" m31="0.208922"
			m02="-0.212037" m12="0.794684" m22="0.568785" m32="0.477535"
			m03="0" m13="0" m23="0" m33="1"/>
		<transform name="peon bip L Toe0"
			m00="0.189864" m10="-0.0493407" m20="0.98057" m30="-0.0765166"
			m01="0.965848" m11="-0.169977" m21="-0.195567" m31="0.304803"
			m02="0.176323" m12="0.984212" m22="0.0153831" m32="0.0433157"
			m03="0" m13="0" m23="0" m33="1"/>
		<transform name="peon bip L Foot"
			m00="0.0493407" m10="0.189864" m20="0.98057" m30="-0.104977"
			m01="0.169977" m11="0.965848" m21="-0.195567" m31="0.169595"
			m02="-0.984212" m12="0.176323" m22="0.0153831" m32="0.138552"
			m03="0" m13="0" m23="0" m33="1"/>
		<transform name="peon bip Spine2"
			m00="-0.320446" m10="-0.616621" m20="-0.719092" m30="-0.256834"
			m01="5.20962e-005" m11="0.759111" m21="-0.650961" m31="0.0790684"
			m02="0.947267" m12="-0.208636" m22="-0.243222" m32="0.921383"
			m03="0" m13="0" m23="0" m33="1"/>
		<transform name="peon bip Spine1"
			m00="-0.369836" m10="-0.58692" m20="-0.72024" m30="-0.195455"
			m01="-0.190115" m11="0.806608" m21="-0.559678" m31="0.110769"
			m02="0.909438" m12="-0.070061" m22="-0.409895" m32="0.770212"
			m03="0" m13="0" m23="0" m33="1"/>
		<transform name="peon bip R Clavicle"
			m00="0.71909" m10="0.616878" m20="0.319955" m30="-0.306928"
			m01="0.650963" m11="-0.759109" m21="0.000552368" m31="0.0840142"
			m02="0.243222" m12="0.207882" m22="-0.947432" m32="1.08743"
			m03="0" m13="0" m23="0" m33="1"/>
		<transform name="peon bip R UpperArm"
			m00="0.964587" m10="0.262812" m20="-0.0223985" m30="-0.266377"
			m01="0.167103" m11="-0.674591" m21="-0.71903" m31="0.120724"
			m02="-0.204079" m12="0.689824" m22="-0.694618" m32="1.10115"
			m03="0" m13="0" m23="0" m33="1"/>
		<transform name="peon bip Neck"
			m00="-0.320446" m10="-0.616621" m20="-0.719092" m30="-0.312333"
			m01="5.20962e-005" m11="0.759111" m21="-0.650961" m31="0.0790179"
			m02="0.947267" m12="-0.208636" m22="-0.243222" m32="1.0856"
			m03="0" m13="0" m23="0" m33="1"/>
		<transform name="peon bip Head"
			m00="-0.423876" m10="-0.260346" m20="-0.867496" m30="-0.343901"
			m01="-0.0249773" m11="0.960792" m21="-0.276141" m31="0.079023"
			m02="0.905376" m12="-0.0953821" m22="-0.41376" m32="1.17892"
			m03="0" m13="0" m23="0" m33="1"/>
		<transform name="peon bip R Forearm"
			m00="0.237375" m10="0.97116" m20="-0.0223985" m30="-0.0673957"
			m01="0.671099" m11="-0.180616" m21="-0.71903" m31="0.155195"
			m02="-0.702338" m12="0.155648" m22="-0.694618" m32="1.05905"
			m03="0" m13="0" m23="0" m33="1"/>
		<transform name="peon bip R Hand"
			m00="0.284469" m10="-0.947296" m20="-0.147335" m30="-0.0154871"
			m01="0.667666" m11="0.085475" m21="0.739538" m31="0.301949"
			m02="-0.687968" m12="-0.308746" m22="0.656792" m32="0.905462"
			m03="0" m13="0" m23="0" m33="1"/>
		<transform name="peon bip R Calf"
			m00="0.614522" m10="0.0533916" m20="0.787091" m30="0.111856"
			m01="0.223609" m11="0.945001" m21="-0.238687" m31="0.395695"
			m02="-0.756546" m12="0.322679" m22="0.568785" m32="0.432637"
			m03="0" m13="0" m23="0" m33="1"/>
		<transform name="peon bip R Foot"
			m00="0.752533" m10="0.0194598" m20="0.658267" m30="0.188599"
			m01="0.0369489" m11="0.996741" m21="-0.071706" m31="0.42362"
			m02="-0.657517" m12="0.0782833" m22="0.749362" m32="0.338158"
			m03="0" m13="0" m23="0" m33="1"/>
		<transform name="peon bip R Toe0"
			m00="0.0194598" m10="-0.752533" m20="0.658267" m30="0.279806"
			m01="0.996741" m11="-0.0369489" m21="-0.071706" m31="0.546798"
			m02="0.0782833" m12="0.657517" m22="0.749362" m32="0.269824"
			m03="0" m13="0" m23="0" m33="1"/>
		<transform name="peon bip L UpperArm"
			m00="-0.696258" m10="0.136077" m20="-0.704775" m30="-0.358387"
			m01="-0.550758" m11="-0.730944" m21="0.402972" m31="0.0374311"
			m02="-0.460315" m12="0.668733" m22="0.583871" m32="1.07003"
			m03="0" m13="0" m23="0" m33="1"/>
		<transform name="peon bip L Clavicle"
			m00="-0.71909" m10="0.616878" m20="-0.319955" m30="-0.317835"
			m01="-0.650963" m11="-0.759109" m21="-0.000552425" m31="0.0741407"
			m02="-0.243222" m12="0.207882" m22="0.947432" m32="1.08374"
			m03="0" m13="0" m23="0" m33="1"/>
		<transform name="peon bip L Forearm"
			m00="-0.667613" m10="-0.239969" m20="-0.704775" m30="-0.502015"
			m01="-0.0983408" m11="-0.909913" m21="0.402972" m31="-0.0761828"
			m02="-0.737985" m12="0.338338" m22="0.583871" m32="0.975069"
			m03="0" m13="0" m23="0" m33="1"/>
		<transform name="peon bip L Hand"
			m00="-0.734783" m10="0.575421" m20="0.359143" m30="-0.648007"
			m01="0.0466875" m11="0.571123" m21="-0.819536" m31="-0.0976877"
			m02="-0.676693" m12="-0.585414" m22="-0.446517" m32="0.813688"
			m03="0" m13="0" m23="0" m33="1"/>
		<transform name="peon bip L Finger1"
			m00="-0.406073" m10="0.840114" m20="0.359601" m30="-0.783634"
			m01="0.293918" m11="0.492665" m21="-0.819081" m31="-0.0890701"
			m02="-0.865284" m12="-0.226914" m22="-0.446983" m32="0.688783"
			m03="0" m13="0" m23="0" m33="1"/>
		<transform name="peon bip L Finger11"
			m00="0.208112" m10="0.909602" m20="0.359601" m30="-0.814291"
			m01="0.537362" m11="0.200869" m21="-0.819081" m31="-0.066881"
			m02="-0.817271" m12="0.363697" m22="-0.446983" m32="0.623459"
			m03="0" m13="0" m23="0" m33="1"/>
		<transform name="peon bip L Finger01"
			m00="0.0914458" m10="0.591874" m20="-0.800826" m30="-0.780178"
			m01="0.611722" m11="-0.66796" m21="-0.423823" m31="0.112307"
			m02="-0.78577" m12="-0.451126" m22="-0.423144" m32="0.813743"
			m03="0" m13="0" m23="0" m33="1"/>
		<transform name="peon bip Prop1"
			m00="-0.952026" m10="-0.270755" m20="-0.142611" m30="-0.00602857"
			m01="0.0920482" m11="-0.697808" m21="0.710346" m31="0.269001"
			m02="-0.291845" m12="0.663141" m22="0.689254" m32="0.681304"
			m03="0" m13="0" m23="0" m33="1"/>
		<transform name="peon bip Ponytail2"
			m00="0.912646" m10="0.214546" m20="0.347919" m30="-0.42893"
			m01="0.24419" m11="-0.968767" m21="-0.0431537" m31="0.131777"
			m02="0.327794" m12="0.124342" m22="-0.936531" m32="1.43555"
			m03="0" m13="0" m23="0" m33="1"/>
		<transform name="peon bip Ponytail1"
			m00="-0.811061" m10="0.266517" m20="-0.52072" m30="-0.510455"
			m01="-0.305164" m11="-0.952223" m21="-0.0120546" m31="0.105826"
			m02="-0.499054" m12="0.149128" m22="0.853642" m32="1.39667"
			m03="0" m13="0" m23="0" m33="1"/>
		<transform name="peon bip L Calf"
			m00="0.499213" m10="0.0496785" m20="0.865054" m30="-0.16732"
			m01="-0.326756" m11="0.935439" m21="0.134847" m31="0.210401"
			m02="-0.802507" m12="-0.349979" m22="0.483216" m32="0.23877"
			m03="0" m13="0" m23="0" m33="1"/>
	</frame>
	<frame index="4">
		<transform name="peon bip Pelvis"
			m00="-0.482599" m10="-0.680433" m20="-0.55146" m30="-0.146814"
			m01="0.130938" m11="0.566508" m21="-0.813587" m31="0.166573"
			m02="0.865998" m12="-0.464844" m22="-0.184302" m32="0.464324"
			m03="0" m13="0" m23="0" m33="1"/>
		<transform name="peon bip Spine"
			m00="-0.42887" m10="-0.805522" m20="-0.408907" m30="-0.209908"
			m01="-0.0506766" m11="0.473388" m21="-0.879395" m31="0.182592"
			m02="0.901944" m12="-0.356424" m22="-0.243843" m32="0.630366"
			m03="0" m13="0" m23="0" m33="1"/>
		<transform name="peon bip L Thigh"
			m00="-0.00228543" m10="-0.694465" m20="0.719523" m30="-0.228274"
			m01="0.483879" m11="0.628913" m21="0.608547" m31="0.0463919"
			m02="-0.875132" m12="0.349553" m22="0.3346" m32="0.437099"
			m03="0" m13="0" m23="0" m33="1"/>
		<transform name="peon bip R Thigh"
			m00="-0.112623" m10="-0.792049" m20="0.599979" m30="-0.065354"
			m01="0.95681" m11="0.0764219" m21="0.28049" m31="0.286753"
			m02="-0.268014" m12="0.605655" m22="0.749233" m32="0.491548"
			m03="0" m13="0" m23="0" m33="1"/>
		<transform name="peon bip L Toe0"
			m00="-0.582009" m10="0.0335529" m20="0.81249" m30="-0.243805"
			m01="0.77929" m11="-0.262437" m21="0.569064" m31="0.26437"
			m02="0.232321" m12="0.964366" m22="0.126593" m32="0.0554523"
			m03="0" m13="0" m23="0" m33="1"/>
		<transform name="peon bip L Foot"
			m00="-0.0335529" m10="-0.582009" m20="0.81249" m30="-0.170466"
			m01="0.262437" m11="0.77929" m21="0.569064" m31="0.140478"
			m02="-0.964366" m12="0.232321" m22="0.126593" m32="0.141669"
			m03="0" m13="0" m23="0" m33="1"/>
		<transform name="peon bip Spine2"
			m00="-0.408803" m10="-0.874608" m20="-0.260654" m30="-0.344528"
			m01="0.0439615" m11="0.266406" m21="-0.962858" m31="0.151043"
			m02="0.911563" m12="-0.405078" m22="-0.0704588" m32="0.932171"
			m03="0" m13="0" m23="0" m33="1"/>
		<transform name="peon bip Spine1"
			m00="-0.38258" m10="-0.880333" m20="-0.28044" m30="-0.281067"
			m01="-0.138654" m11="0.3548" m21="-0.924604" m31="0.174123"
			m02="0.913459" m12="-0.314851" m22="-0.257801" m32="0.780305"
			m03="0" m13="0" m23="0" m33="1"/>
		<transform name="peon bip R Clavicle"
			m00="0.260652" m10="0.874934" m20="0.408107" m30="-0.413415"
			m01="0.962858" m11="-0.266439" m21="-0.0437494" m31="0.165966"
			m02="0.0704577" m12="0.404352" m22="-0.911885" m32="1.09072"
			m03="0" m13="0" m23="0" m33="1"/>
		<transform name="peon bip R UpperArm"
			m00="0.539286" m10="0.390836" m20="0.745934" m30="-0.398716"
			m01="0.802853" m11="-0.505952" m21="-0.31534" m31="0.220264"
			m02="0.25416" m12="0.768934" m22="-0.586637" m32="1.09469"
			m03="0" m13="0" m23="0" m33="1"/>
		<transform name="peon bip Neck"
			m00="-0.408803" m10="-0.874608" m20="-0.260654" m30="-0.415323"
			m01="0.0439615" m11="0.266406" m21="-0.962858" m31="0.158643"
			m02="0.911563" m12="-0.405078" m22="-0.0704588" m32="1.09022"
			m03="0" m13="0" m23="0" m33="1"/>
		<transform name="peon bip Head"
			m00="-0.538456" m10="-0.658827" m20="-0.525368" m30="-0.455595"
			m01="-0.0450732" m11="0.645095" m21="-0.762772" m31="0.162974"
			m02="0.841447" m12="-0.387039" m22="-0.377051" m32="1.18002"
			m03="0" m13="0" m23="0" m33="1"/>
		<transform name="peon bip R Forearm"
			m00="-0.0183506" m10="0.665767" m20="0.745934" m30="-0.287469"
			m01="0.870745" m11="0.377312" m21="-0.31534" m31="0.385882"
			m02="-0.491393" m12="0.643732" m22="-0.586637" m32="1.14712"
			m03="0" m13="0" m23="0" m33="1"/>
		<transform name="peon bip R Hand"
			m00="0.00763183" m10="-0.52571" m20="-0.850629" m30="-0.291482"
			m01="0.89072" m11="-0.383049" m21="0.244726" m31="0.576294"
			m02="-0.454487" m12="-0.759541" m22="0.465338" m32="1.03967"
			m03="0" m13="0" m23="0" m33="1"/>
		<transform name="peon bip R Calf"
			m00="0.535978" m10="-0.59393" m20="0.599979" m30="-0.0892014"
			m01="0.554342" m11="0.7836" m21="0.28049" m31="0.489354"
			m02="-0.636735" m12="0.182257" m22="0.749233" m32="0.434798"
			m03="0" m13="0" m23="0" m33="1"/>
		<transform name="peon bip R Foot"
			m00="0.76781" m10="-0.620432" m20="0.159786" m30="-0.0222673"
			m01="0.440456" m11="0.692292" m21="0.571603" m31="0.558581"
			m02="-0.465259" m12="-0.368504" m22="0.804822" m32="0.355281"
			m03="0" m13="0" m23="0" m33="1"/>
		<transform name="peon bip R Toe0"
			m00="-0.620432" m10="-0.76781" m20="0.159786" m30="-0.0055313"
			m01="0.692292" m11="-0.440456" m21="0.571603" m31="0.69313"
			m02="-0.368504" m12="0.465259" m22="0.804822" m32="0.256398"
			m03="0" m13="0" m23="0" m33="1"/>
		<transform name="peon bip L UpperArm"
			m00="-0.17259" m10="0.1646" m20="-0.971143" m30="-0.432068"
			m01="-0.885584" m11="-0.457566" m21="0.0798311" m31="0.0970634"
			m02="-0.431222" m12="0.873808" m22="0.224739" m32="1.08568"
			m03="0" m13="0" m23="0" m33="1"/>
		<transform name="peon bip L Clavicle"
			m00="-0.260652" m10="0.874934" m20="-0.408107" m30="-0.417369"
			m01="-0.962858" m11="-0.266439" m21="0.0437493" m31="0.151362"
			m02="-0.0704577" m12="0.404352" m22="0.911885" m32="1.08965"
			m03="0" m13="0" m23="0" m33="1"/>
		<transform name="peon bip L Forearm"
			m00="-0.224036" m10="0.081782" m20="-0.971143" m30="-0.467671"
			m01="-0.628484" m11="-0.773715" m21="0.0798311" m31="-0.0856207"
			m02="-0.744859" m12="0.628234" m22="0.224739" m32="0.996722"
			m03="0" m13="0" m23="0" m33="1"/>
		<transform name="peon bip L Hand"
			m00="-0.364692" m10="0.434371" m20="0.823603" m30="-0.516662"
			m01="-0.530706" m11="0.62982" m21="-0.567166" m31="-0.223056"
			m02="-0.765082" m12="-0.643932" m22="0.00083297" m32="0.833838"
			m03="0" m13="0" m23="0" m33="1"/>
		<transform name="peon bip L Finger1"
			m00="-0.134631" m10="0.550439" m20="0.823949" m30="-0.583977"
			m01="-0.196307" m11="0.800222" m21="-0.566664" m31="-0.321015"
			m02="-0.971256" m12="-0.238037" m22="0.000320195" m32="0.692619"
			m03="0" m13="0" m23="0" m33="1"/>
		<transform name="peon bip L Finger11"
			m00="0.240409" m10="0.513139" m20="0.823949" m30="-0.594141"
			m01="0.349051" m11="0.746361" m21="-0.566664" m31="-0.335835"
			m02="-0.905741" m12="0.423831" m22="0.000320195" m32="0.619294"
			m03="0" m13="0" m23="0" m33="1"/>
		<transform name="peon bip L Finger01"
			m00="0.103116" m10="0.946848" m20="-0.304708" m30="-0.717263"
			m01="0.346099" m11="-0.321352" m21="-0.881446" m31="-0.127607"
			m02="-0.932514" m12="-0.0145683" m22="-0.36084" m32="0.723455"
			m03="0" m13="0" m23="0" m33="1"/>
		<transform name="peon bip Prop1"
			m00="-0.539607" m10="0.0311093" m20="-0.841342" m30="-0.174021"
			m01="-0.386566" m11="-0.896907" m21="0.214766" m31="0.63255"
			m02="-0.747924" m12="0.441124" m22="0.496003" m32="0.854016"
			m03="0" m13="0" m23="0" m33="1"/>
		<transform name="peon bip Ponytail2"
			m00="0.59661" m10="0.617425" m20="0.512682" m30="-0.606566"
			m01="0.741064" m11="-0.669039" m21="-0.0566533" m31="0.217965"
			m02="0.308026" m12="0.413731" m22="-0.856707" m32="1.40375"
			m03="0" m13="0" m23="0" m33="1"/>
		<transform name="peon bip Ponytail1"
			m00="-0.445197" m10="0.648899" m20="-0.617033" m30="-0.655939"
			m01="-0.776085" m11="-0.623343" m21="-0.0955798" m31="0.146281"
			m02="-0.446644" m12="0.436318" m22="0.781111" m32="1.36832"
			m03="0" m13="0" m23="0" m33="1"/>
		<transform name="peon bip L Calf"
			m00="0.466782" m10="-0.514199" m20="0.719523" m30="-0.228758"
			m01="-0.0670472" m11="0.79068" m21="0.608547" m31="0.148851"
			m02="-0.881827" m12="-0.332301" m22="0.3346" m32="0.251793"
			m03="0" m13="0" m23="0" m33="1"/>
	</frame>
	<frame index="5">
		<transform name="peon bip Pelvis"
			m00="-0.508504" m10="-0.705508" m20="-0.493642" m30="-0.180339"
			m01="0.13492" m11="0.500931" m21="-0.854906" m31="0.181433"
			m02="0.850424" m12="-0.501325" m22="-0.159538" m32="0.461202"
			m03="0" m13="0" m23="0" m33="1"/>
		<transform name="peon bip Spine"
			m00="-0.342143" m10="-0.865969" m20="-0.364741" m30="-0.247876"
			m01="-0.0905356" m11="0.416743" m21="-0.904505" m31="0.20017"
			m02="0.935276" m12="-0.276448" m22="-0.220987" m32="0.625183"
			m03="0" m13="0" m23="0" m33="1"/>
		<transform name="peon bip L Thigh"
			m00="0.00464904" m10="-0.689975" m20="0.723818" m30="-0.253259"
			m01="0.400358" m11="0.664567" m21="0.630923" m31="0.0551491"
			m02="-0.916347" m12="0.286853" m22="0.279327" m32="0.437636"
			m03="0" m13="0" m23="0" m33="1"/>
		<transform name="peon bip R Thigh"
			m00="-0.243939" m10="-0.787741" m20="0.565648" m30="-0.10742"
			m01="0.948364" m11="-0.0718396" m21="0.308941" m31="0.307718"
			m02="-0.202729" m12="0.611804" m22="0.76459" m32="0.484769"
			m03="0" m13="0" m23="0" m33="1"/>
		<transform name="peon bip L Toe0"
