<?xml version="1.0" encoding="ISO-8859-1" standalone="yes"?>

<!DOCTYPE animation [
	<!ELEMENT animation  (frame+)>
	<!ELEMENT frame      (transform+)>
	<!ELEMENT transform   EMPTY>
	<!ATTLIST frame index CDATA #REQUIRED>
	<!ATTLIST transform name CDATA #REQUIRED>
	<!ATTLIST transform m00 CDATA #REQUIRED>
	<!ATTLIST transform m01 CDATA #REQUIRED>
	<!ATTLIST transform m02 CDATA #REQUIRED>
	<!ATTLIST transform m03 CDATA #REQUIRED>
	<!ATTLIST transform m10 CDATA #REQUIRED>
	<!ATTLIST transform m11 CDATA #REQUIRED>
	<!ATTLIST transform m12 CDATA #REQUIRED>
	<!ATTLIST transform m13 CDATA #REQUIRED>
	<!ATTLIST transform m20 CDATA #REQUIRED>
	<!ATTLIST transform m21 CDATA #REQUIRED>
	<!ATTLIST transform m22 CDATA #REQUIRED>
	<!ATTLIST transform m23 CDATA #REQUIRED>
	<!ATTLIST transform m30 CDATA #REQUIRED>
	<!ATTLIST transform m31 CDATA #REQUIRED>
	<!ATTLIST transform m32 CDATA #REQUIRED>
	<!ATTLIST transform m33 CDATA #REQUIRED>
]>

<animation>
	<frame index="0">
		<transform name="peon bip Pelvis"
			m00="0.341266" m10="0.934255" m20="-0.103464" m30="-0.00652508"
			m01="-0.171173" m11="0.170001" m21="0.970463" m31="-0.0427814"
			m02="0.924249" m12="-0.313476" m22="0.217935" m32="0.427353"
			m03="0" m13="0" m23="0" m33="1"/>
		<transform name="peon bip Spine"
			m00="0.413006" m10="0.896726" m20="-0.159088" m30="0.0305746"
			m01="-0.147054" m11="0.238052" m21="0.960055" m31="-0.0807707"
			m02="0.898778" m12="-0.373114" m22="0.230184" m32="0.597641"
			m03="0" m13="0" m23="0" m33="1"/>
		<transform name="peon bip L Thigh"
			m00="0.333094" m10="0.92709" m20="0.171909" m30="-0.0218084"
			m01="0.361036" m11="0.0430212" m21="-0.931559" m31="0.100573"
			m02="-0.871035" m12="0.372362" m22="-0.320382" m32="0.459545"
			m03="0" m13="0" m23="0" m33="1"/>
		<transform name="peon bip R Thigh"
			m00="0.445327" m10="0.891527" m20="0.0828417" m30="0.00875827"
			m01="0.259279" m11="-0.0398454" m21="-0.96498" m31="-0.186136"
			m02="-0.857005" m12="0.451211" m22="-0.248898" m32="0.39516"
			m03="0" m13="0" m23="0" m33="1"/>
		<transform name="peon bip L Toe0"
			m00="-0.552093" m10="0.833388" m20="0.0256438" m30="-0.220603"
			m01="0.237892" m11="0.186924" m21="-0.953135" m31="0.176664"
			m02="-0.799125" m12="-0.520118" m22="-0.301456" m32="0.192145"
			m03="0" m13="0" m23="0" m33="1"/>
		<transform name="peon bip L Foot"
			m00="-0.960937" m10="-0.275568" m20="0.0257447" m30="-0.07425"
			m01="-0.106576" m11="0.282582" m21="-0.953304" m31="0.155569"
			m02="0.255425" m12="-0.918809" m22="-0.300912" m32="0.271498"
			m03="0" m13="0" m23="0" m33="1"/>
		<transform name="peon bip Spine2"
			m00="0.776721" m10="0.562126" m20="-0.28411" m30="0.178279"
			m01="0.0740509" m11="0.366451" m21="0.927486" m31="-0.12166"
			m02="0.625476" m12="-0.741437" m22="0.243004" m32="0.89233"
			m03="0" m13="0" m23="0" m33="1"/>
		<transform name="peon bip Spine1"
			m00="0.476889" m10="0.850673" m20="-0.221205" m30="0.0991007"
			m01="-0.0984391" m11="0.301773" m21="0.948284" m31="-0.10525"
			m02="0.873434" m12="-0.430451" m22="0.227651" m32="0.747069"
			m03="0" m13="0" m23="0" m33="1"/>
		<transform name="peon bip R Clavicle"
			m00="0.284112" m10="-0.562744" m20="-0.776273" m30="0.315074"
			m01="-0.927485" m11="-0.366512" m21="-0.073759" m31="-0.115858"
			m02="-0.243006" m12="0.740938" m22="-0.626067" m32="0.99891"
			m03="0" m13="0" m23="0" m33="1"/>
		<transform name="peon bip R UpperArm"
			m00="-0.350181" m10="-0.63055" m20="-0.692661" m30="0.331096"
			m01="-0.650178" m11="-0.368689" m21="0.664332" m31="-0.168161"
			m02="-0.674271" m12="0.68299" m22="-0.280862" m32="0.985206"
			m03="0" m13="0" m23="0" m33="1"/>
		<transform name="peon bip Neck"
			m00="0.776721" m10="0.562126" m20="-0.28411" m30="0.312875"
			m01="0.0740509" m11="0.366451" m21="0.927486" m31="-0.108853"
			m02="0.625476" m12="-0.741437" m22="0.243004" m32="1.00081"
			m03="0" m13="0" m23="0" m33="1"/>
		<transform name="peon bip Head"
			m00="0.568049" m10="0.818719" m20="-0.0837871" m30="0.389392"
			m01="0.153404" m11="-0.00530963" m21="0.988149" m31="-0.101558"
			m02="0.808571" m12="-0.57417" m22="-0.128611" m32="1.06243"
			m03="0" m13="0" m23="0" m33="1"/>
		<transform name="peon bip R Forearm"
			m00="0.124463" m10="-0.710444" m20="-0.692661" m30="0.258858"
			m01="-0.273469" m11="-0.695613" m21="0.664332" m31="-0.302284"
			m02="-0.953794" m12="0.106737" m22="-0.280862" m32="0.846113"
			m03="0" m13="0" m23="0" m33="1"/>
		<transform name="peon bip R Hand"
			m00="0.0957235" m10="0.584166" m20="0.80597" m30="0.286075"
			m01="-0.31263" m11="0.78636" m21="-0.532823" m31="-0.362086"
			m02="-0.945039" m12="-0.200967" m22="0.257901" m32="0.637539"
			m03="0" m13="0" m23="0" m33="1"/>
		<transform name="peon bip R Calf"
			m00="-0.926765" m10="0.366393" m20="0.0828417" m30="0.103054"
			m01="0.0172266" m11="0.261756" m21="-0.96498" m31="-0.131234"
			m02="-0.375246" m12="-0.892883" m22="-0.248898" m32="0.213693"
			m03="0" m13="0" m23="0" m33="1"/>
		<transform name="peon bip R Foot"
			m00="-0.854959" m10="0.517297" m20="-0.0380681" m30="-0.012682"
			m01="0.0304889" m11="-0.0231461" m21="-0.999267" m31="-0.129083"
			m02="-0.517799" m12="-0.855493" m22="0.00401713" m32="0.166831"
			m03="0" m13="0" m23="0" m33="1"/>
		<transform name="peon bip R Toe0"
			m00="0.999275" m10="9.54617e-005" m20="-0.0380681" m30="-0.0520058"
			m01="-0.0380682" m11="0.00401659" m21="-0.999267" m31="-0.128241"
			m02="5.75177e-005" m12="0.999992" m22="0.00401732" m32="0.00369267"
			m03="0" m13="0" m23="0" m33="1"/>
		<transform name="peon bip L UpperArm"
			m00="-0.155452" m10="-0.866425" m20="0.474492" m30="0.294743"
			m01="0.781645" m11="0.185826" m21="0.595399" m31="-0.049487"
			m02="-0.604042" m12="0.46344" m22="0.648349" m32="1.0163"
			m03="0" m13="0" m23="0" m33="1"/>
		<transform name="peon bip L Clavicle"
			m00="-0.284112" m10="-0.562744" m20="0.776273" m30="0.310764"
			m01="0.927485" m11="-0.366512" m21="0.0737591" m31="-0.10179"
			m02="0.243006" m12="0.740938" m22="0.626067" m32="1.0026"
			m03="0" m13="0" m23="0" m33="1"/>
		<transform name="peon bip L Forearm"
			m00="0.555954" m10="-0.682475" m20="0.474492" m30="0.262675"
			m01="0.36835" m11="0.714016" m21="0.595399" m31="0.111756"
			m02="-0.74514" m12="-0.156235" m22="0.648349" m32="0.891694"
			m03="0" m13="0" m23="0" m33="1"/>
		<transform name="peon bip L Hand"
			m00="0.67989" m10="0.026871" m20="-0.732821" m30="0.38425"
			m01="0.379335" m11="-0.868123" m21="0.320104" m31="0.192306"
			m02="-0.627578" m12="-0.49562" m22="-0.600422" m32="0.728748"
			m03="0" m13="0" m23="0" m33="1"/>
		<transform name="peon bip L Finger1"
			m00="0.622391" m10="-0.275017" m20="-0.7328" m30="0.509745"
			m01="-0.0422342" m11="-0.946674" m21="0.319412" m31="0.262324"
			m02="-0.781566" m12="-0.16785" m22="-0.600816" m32="0.612909"
			m03="0" m13="0" m23="0" m33="1"/>
		<transform name="peon bip L Finger11"
			m00="0.313947" m10="-0.60369" m20="-0.7328" m30="0.556732"
			m01="-0.624665" m11="-0.712579" m21="0.319412" m31="0.259135"
			m02="-0.715004" m12="0.357476" m22="-0.600816" m32="0.553905"
			m03="0" m13="0" m23="0" m33="1"/>
		<transform name="peon bip L Finger01"
			m00="0.44461" m10="-0.807885" m20="0.386837" m30="0.619018"
			m01="-0.598918" m11="0.0530006" m21="0.799054" m31="0.124494"
			m02="-0.666047" m12="-0.586952" m22="-0.460293" m32="0.771786"
			m03="0" m13="0" m23="0" m33="1"/>
		<transform name="peon bip Prop1"
			m00="0.59718" m10="-0.132942" m20="0.791014" m30="0.191832"
			m01="0.779714" m11="0.327613" m21="-0.533589" m31="-0.266549"
			m02="-0.18821" m12="0.935412" m22="0.2993" m32="0.454772"
			m03="0" m13="0" m23="0" m33="1"/>
		<transform name="peon bip Ponytail2"
			m00="-0.200067" m10="-0.841213" m20="-0.502329" m30="0.584625"
			m01="-0.848858" m11="-0.107218" m21="0.517633" m31="-0.107257"
			m02="-0.489298" m12="0.529967" m22="-0.69262" m32="1.25667"
			m03="0" m13="0" m23="0" m33="1"/>
		<transform name="peon bip Ponytail1"
			m00="-0.327277" m10="-0.85858" m20="0.394627" m30="0.576754"
			m01="0.651363" m11="0.097565" m21="0.752467" m31="-0.0144285"
			m02="-0.684555" m12="0.503311" m22="0.527317" m32="1.24459"
			m03="0" m13="0" m23="0" m33="1"/>
		<transform name="peon bip L Calf"
			m00="-0.984712" m10="-0.0281148" m20="0.171909" m30="0.0487229"
			m01="-0.171779" m11="0.320452" m21="-0.931559" m31="0.177021"
			m02="-0.028898" m12="-0.946847" m22="-0.320382" m32="0.275107"
			m03="0" m13="0" m23="0" m33="1"/>
	</frame>
	<frame index="1">
		<transform name="peon bip Pelvis"
			m00="0.319026" m10="0.931813" m20="0.173055" m30="0.00770743"
			m01="-0.148873" m11="-0.131059" m21="0.980133" m31="-0.00941612"
			m02="0.93598" m12="-0.338451" m22="0.0969107" m32="0.593366"
			m03="0" m13="0" m23="0" m33="1"/>
		<transform name="peon bip Spine"
			m00="0.357465" m10="0.933819" m20="-0.0141571" m30="0.0404639"
			m01="-0.1513" m11="0.0728624" m21="0.985799" m31="-0.0330727"
			m02="0.92159" m12="-0.350246" m22="0.167332" m32="0.767099"
			m03="0" m13="0" m23="0" m33="1"/>
		<transform name="peon bip L Thigh"
			m00="0.95357" m10="0.27651" m20="-0.119362" m30="0.0332707"
			m01="-0.144872" m11="0.0736716" m21="-0.986704" m31="0.135366"
			m02="-0.26404" m12="0.958183" m22="0.11031" m32="0.607681"
			m03="0" m13="0" m23="0" m33="1"/>
		<transform name="peon bip R Thigh"
			m00="-0.21065" m10="0.966745" m20="-0.145017" m30="-0.0178558"
			m01="0.118652" m11="-0.121964" m21="-0.985417" m31="-0.154199"
			m02="-0.970334" m12="-0.224784" m22="-0.0890146" m32="0.579051"
			m03="0" m13="0" m23="0" m33="1"/>
		<transform name="peon bip L Toe0"
			m00="0.42028" m10="0.904006" m20="-0.0783467" m30="0.140601"
			m01="0.0126996" m11="-0.0921942" m21="-0.99566" m31="0.110197"
			m02="-0.907305" m12="0.417461" m22="-0.0502279" m32="0.277345"
			m03="0" m13="0" m23="0" m33="1"/>
		<transform name="peon bip L Foot"
			m00="-0.851088" m10="0.519099" m20="-0.0786447" m30="0.179253"
			m01="0.0930866" m11="0.00177592" m21="-0.995657" m31="0.0989899"
			m02="-0.516704" m12="-0.854712" m22="-0.0498326" m32="0.440261"
			m03="0" m13="0" m23="0" m33="1"/>
		<transform name="peon bip Spine2"
			m00="0.694282" m10="0.624978" m20="-0.356896" m30="0.165251"
			m01="0.0107836" m11="0.486805" m21="0.873444" m31="-0.0818792"
			m02="0.719622" m12="-0.610265" m22="0.33124" m32="1.07127"
			m03="0" m13="0" m23="0" m33="1"/>
		<transform name="peon bip Spine1"
			m00="0.394624" m10="0.896995" m20="-0.199176" m30="0.0997533"
			m01="-0.141752" m11="0.273606" m21="0.951339" m31="-0.0582539"
			m02="0.907843" m12="-0.347188" m22="0.235122" m32="0.920307"
			m03="0" m13="0" m23="0" m33="1"/>
		<transform name="peon bip R Clavicle"
			m00="0.356898" m10="-0.625529" m20="-0.693784" m30="0.288307"
			m01="-0.873443" m11="-0.486816" m21="-0.0103959" m31="-0.086634"
			m02="-0.331242" m12="0.609691" m22="-0.720108" m32="1.1935"
			m03="0" m13="0" m23="0" m33="1"/>
		<transform name="peon bip R UpperArm"
			m00="-0.160927" m10="-0.807211" m20="-0.567902" m30="0.308434"
			m01="-0.641385" m11="-0.351806" m21="0.681805" m31="-0.13589"
			m02="-0.750151" m12="0.473965" m22="-0.461118" m32="1.17482"
			m03="0" m13="0" m23="0" m33="1"/>
		<transform name="peon bip Neck"
			m00="0.694282" m10="0.624978" m20="-0.356896" m30="0.285552"
			m01="0.0107836" m11="0.486805" m21="0.873444" m31="-0.0800482"
			m02="0.719622" m12="-0.610265" m22="0.33124" m32="1.19606"
			m03="0" m13="0" m23="0" m33="1"/>
		<transform name="peon bip Head"
			m00="0.531937" m10="0.843089" m20="-0.0790252" m30="0.353947"
			m01="0.104226" m11="0.027427" m21="0.994175" m31="-0.0789858"
			m02="0.840345" m12="-0.537075" m22="-0.0732822" m32="1.26695"
			m03="0" m13="0" m23="0" m33="1"/>
		<transform name="peon bip R Forearm"
			m00="0.363027" m10="-0.738714" m20="-0.567902" m30="0.275237"
			m01="-0.295314" m11="-0.669277" m21="0.681805" m31="-0.268199"
			m02="-0.883743" m12="-0.0798044" m22="-0.461118" m32="1.02007"
			m03="0" m13="0" m23="0" m33="1"/>
		<transform name="peon bip R Hand"
			m00="0.331555" m10="0.645476" m20="0.688064" m30="0.354623"
			m01="-0.333318" m11="0.762426" m21="-0.554622" m31="-0.332777"
			m02="-0.882593" m12="-0.0454565" m22="0.467935" m32="0.826818"
			m03="0" m13="0" m23="0" m33="1"/>
		<transform name="peon bip R Calf"
			m00="-0.647178" m10="0.748419" m20="-0.145017" m30="-0.06246"
			m01="0.162521" m11="-0.0504021" m21="-0.985417" m31="-0.129075"
			m02="-0.744814" m12="-0.661309" m22="-0.0890146" m32="0.373586"
			m03="0" m13="0" m23="0" m33="1"/>
		<transform name="peon bip R Foot"
			m00="-0.900381" m10="0.433665" m20="0.0353325" m30="-0.143281"
			m01="-0.0546801" m11="-0.0322177" m21="-0.997984" m31="-0.108779"
			m02="-0.431653" m12="-0.900498" m22="0.052721" m32="0.280572"
			m03="0" m13="0" m23="0" m33="1"/>
		<transform name="peon bip R Toe0"
			m00="0.507778" m10="0.860763" m20="0.0353325" m30="-0.197939"
			m01="-0.02751" m11="0.0571936" m21="-0.997984" m31="-0.119078"
			m02="-0.861049" m12="0.505782" m22="0.0527212" m32="0.122245"
			m03="0" m13="0" m23="0" m33="1"/>
		<transform name="peon bip L UpperArm"
			m00="-0.367653" m10="-0.740041" m20="0.563179" m30="0.262768"
			m01="0.776278" m11="0.0892464" m21="0.624042" m31="-0.0241302"
			m02="-0.512078" m12="0.666614" m22="0.541666" m32="1.2172"
			m03="0" m13="0" m23="0" m33="1"/>
		<transform name="peon bip L Clavicle"
			m00="-0.356898" m10="-0.625529" m20="0.693784" m30="0.282894"
			m01="0.873443" m11="-0.486816" m21="0.010396" m31="-0.073386"
			m02="0.331242" m12="0.609691" m22="0.720108" m32="1.19852"
			m03="0" m13="0" m23="0" m33="1"/>
		<transform name="peon bip L Forearm"
			m00="0.295983" m10="-0.771508" m20="0.563179" m30="0.186926"
			m01="0.459671" m11="0.631882" m21="0.624042" m31="0.136005"
			m02="-0.837315" m12="0.0741715" m22="0.541666" m32="1.11157"
			m03="0" m13="0" m23="0" m33="1"/>
		<transform name="peon bip L Hand"
			m00="0.444751" m10="-0.0131716" m20="-0.895558" m30="0.251651"
			m01="0.481185" m11="-0.839822" m21="0.251317" m31="0.236525"
			m02="-0.755419" m12="-0.542703" m22="-0.367173" m32="0.928465"
			m03="0" m13="0" m23="0" m33="1"/>
		<transform name="peon bip L Finger1"
			m00="0.393731" m10="-0.207207" m20="-0.895568" m30="0.333743"
			m01="0.0616876" m11="-0.966111" m21="0.250648" m31="0.325343"
			m02="-0.917154" m12="-0.153933" m22="-0.367605" m32="0.789029"
			m03="0" m13="0" m23="0" m33="1"/>
		<transform name="peon bip L Finger11"
			m00="0.177837" m10="-0.407838" m20="-0.895568" m30="0.363468"
			m01="-0.555692" m11="-0.792705" m21="0.250648" m31="0.33"
			m02="-0.812145" m12="0.453085" m22="-0.367605" m32="0.719789"
			m03="0" m13="0" m23="0" m33="1"/>
		<transform name="peon bip L Finger01"
			m00="0.313291" m10="-0.935467" m20="0.163554" m30="0.495266"
			m01="-0.51621" m11="-0.0231941" m21="0.856148" m31="0.195946"
			m02="-0.797105" m12="-0.352652" m22="-0.490164" m32="0.904555"
			m03="0" m13="0" m23="0" m33="1"/>
		<transform name="peon bip Prop1"
			m00="0.654377" m10="-0.364294" m20="0.662631" m30="0.31594"
			m01="0.755587" m11="0.349357" m21="-0.55411" m31="-0.237576"
			m02="-0.0296362" m12="0.863273" m22="0.503867" m32="0.624696"
			m03="0" m13="0" m23="0" m33="1"/>
		<transform name="peon bip Ponytail2"
			m00="-0.21689" m10="-0.843084" m20="-0.492106" m30="0.540488"
			m01="-0.919947" m11="0.00787631" m21="0.391963" m31="-0.0965392"
			m02="-0.326582" m12="0.537724" m22="-0.777301" m32="1.46887"
			m03="0" m13="0" m23="0" m33="1"/>
		<transform name="peon bip Ponytail1"
			m00="-0.296711" m10="-0.854578" m20="0.426215" m30="0.533063"
			m01="0.844531" m11="-0.0264687" m21="0.534852" m31="-0.0031128"
			m02="-0.445791" m12="0.518649" m22="0.729571" m32="1.46198"
			m03="0" m13="0" m23="0" m33="1"/>
		<transform name="peon bip L Calf"
			m00="-0.447878" m10="0.886092" m20="-0.119362" m30="0.235185"
			m01="-0.045646" m11="-0.155987" m21="-0.986704" m31="0.10469"
			m02="-0.892929" m12="-0.436474" m22="0.11031" m32="0.551772"
			m03="0" m13="0" m23="0" m33="1"/>
	</frame>
	<frame index="2">
		<transform name="peon bip Pelvis"
			m00="0.306803" m10="0.871415" m20="0.382762" m30="0.00188258"
			m01="-0.09833" m11="-0.370985" m21="0.923418" m31="0.0175972"
			m02="0.94668" m12="-0.320945" m22="-0.0281331" m32="0.727278"
			m03="0" m13="0" m23="0" m33="1"/>
		<transform name="peon bip Spine"
			m00="0.318701" m10="0.940155" m20="0.120573" m30="0.0349471"
			m01="-0.109514" m11="-0.0898308" m21="0.989918" m31="0.011578"
			m02="0.941507" m12="-0.328692" m22="0.0743308" m32="0.902449"
			m03="0" m13="0" m23="0" m33="1"/>
		<transform name="peon bip L Thigh"
			m00="0.916461" m10="0.205344" m20="-0.343414" m30="0.0584233"
			m01="-0.357825" m11="0.036532" m21="-0.933074" m31="0.154002"
			m02="-0.179056" m12="0.978008" m22="0.106957" m32="0.723122"
			m03="0" m13="0" m23="0" m33="1"/>
		<transform name="peon bip R Thigh"
			m00="-0.316678" m10="0.933747" m20="-0.166829" m30="-0.0546581"
			m01="0.0421012" m11="-0.161871" m21="-0.985913" m31="-0.118808"
			m02="-0.947598" m12="-0.319241" m22="0.0119492" m32="0.731434"
			m03="0" m13="0" m23="0" m33="1"/>
		<transform name="peon bip L Toe0"
			m00="0.931085" m10="0.351683" m20="-0.0969493" m30="0.3705"
			m01="-0.103466" m11="-0.000266208" m21="-0.994633" m31="0.0465604"
			m02="-0.349822" m12="0.936119" m22="0.0361392" m32="0.43806"
			m03="0" m13="0" m23="0" m33="1"/>
		<transform name="peon bip L Foot"
			m00="-0.0496287" m10="0.994011" m20="-0.0973564" m30="0.257873"
			m01="-0.0313982" m11="-0.098981" m21="-0.994594" m31="0.0620678"
			m02="-0.998274" m12="-0.0463037" m22="0.0361225" m32="0.561494"
			m03="0" m13="0" m23="0" m33="1"/>
		<transform name="peon bip Spine2"
			m00="0.63093" m10="0.680234" m20="-0.373108" m30="0.142687"
			m01="-0.020723" m11="0.495512" m21="0.868354" m31="-0.0281241"
			m02="0.775563" m12="-0.540138" m22="0.32673" m32="1.2144"
			m03="0" m13="0" m23="0" m33="1"/>
		<transform name="peon bip Spine1"
			m00="0.330886" m10="0.932231" m20="-0.146491" m30="0.0877897"
			m01="-0.128808" m11="0.1984" m21="0.97162" m31="-0.00664865"
			m02="0.934838" m12="-0.302626" m22="0.185727" m32="1.05896"
			m03="0" m13="0" m23="0" m33="1"/>
		<transform name="peon bip R Clavicle"
			m00="0.373109" m10="-0.680735" m20="-0.630388" m30="0.254885"
			m01="-0.868353" m11="-0.495498" m21="0.0211176" m31="-0.0383017"
			m02="-0.326731" m12="0.53952" m22="-0.775993" m32="1.34636"
			m03="0" m13="0" m23="0" m33="1"/>
		<transform name="peon bip R UpperArm"
			m00="0.0187232" m10="-0.88698" m20="-0.461429" m30="0.275925"
			m01="-0.700086" m11="-0.34112" m21="0.62731" m31="-0.0872704"
			m02="-0.713813" m12="0.311294" m22="-0.627349" m32="1.32794"
			m03="0" m13="0" m23="0" m33="1"/>
		<transform name="peon bip Neck"
			m00="0.63093" m10="0.680234" m20="-0.373108" m30="0.252002"
			m01="-0.020723" m11="0.495512" m21="0.868354" m31="-0.0317552"
			m02="0.775563" m12="-0.540138" m22="0.32673" m32="1.34888"
			m03="0" m13="0" m23="0" m33="1"/>
		<transform name="peon bip Head"
			m00="0.471822" m10="0.879062" m20="-0.068071" m30="0.314156"
			m01="0.0548392" m11="0.0477968" m21="0.997351" m31="-0.0337966"
			m02="0.879987" m12="-0.474304" m22="-0.0256555" m32="1.42528"
			m03="0" m13="0" m23="0" m33="1"/>
		<transform name="peon bip R Forearm"
			m00="0.559637" m10="-0.688396" m20="-0.461429" m30="0.279787"
			m01="-0.342877" m11="-0.699227" m21="0.62731" m31="-0.231689"
			m02="-0.754481" m12="-0.192853" m22="-0.627349" m32="1.18069"
			m03="0" m13="0" m23="0" m33="1"/>
		<transform name="peon bip R Hand"
			m00="0.529458" m10="0.624241" m20="0.574454" m30="0.402168"
			m01="-0.381811" m11="0.78004" m21="-0.49574" m31="-0.306668"
			m02="-0.757558" m12="0.0431406" m22="0.651341" m32="1.0157"
			m03="0" m13="0" m23="0" m33="1"/>
		<transform name="peon bip R Calf"
			m00="-0.969724" m10="0.178336" m20="-0.166829" m30="-0.121713"
			m01="0.161874" m11="-0.0420915" m21="-0.985913" m31="-0.109893"
			m02="-0.182846" m12="-0.983069" m22="0.0119492" m32="0.530784"
			m03="0" m13="0" m23="0" m33="1"/>
		<transform name="peon bip R Foot"
			m00="-0.990633" m10="-0.129286" m20="-0.0439445" m30="-0.242815"
			m01="0.0599867" m11="-0.122932" m21="-0.9906" m31="-0.0896777"
			m02="0.122668" m12="-0.983958" m22="0.129536" m32="0.50795"
			m03="0" m13="0" m23="0" m33="1"/>
		<transform name="peon bip R Toe0"
			m00="-0.216993" m10="0.975184" m20="-0.0439344" m30="-0.375238"
			m01="-0.117665" m11="-0.0708077" m21="-0.990526" m31="-0.0972459"
			m02="-0.969056" m12="-0.209768" m22="0.13011" m32="0.40515"
			m03="0" m13="0" m23="0" m33="1"/>
		<transform name="peon bip L UpperArm"
			m00="-0.510348" m10="-0.586491" m20="0.628946" m30="0.228185"
			m01="0.776531" m11="-2.63779e-005" m21="0.630079" m31="0.0238378"
			m02="-0.369519" m12="0.809956" m22="0.455442" m32="1.36974"
			m03="0" m13="0" m23="0" m33="1"/>
		<transform name="peon bip L Clavicle"
			m00="-0.37311" m10="-0.680735" m20="0.630388" m30="0.249225"
			m01="0.868353" m11="-0.495498" m21="-0.0211175" m31="-0.0251309"
			m02="0.326731" m12="0.53952" m22="0.775993" m32="1.35132"
			m03="0" m13="0" m23="0" m33="1"/>
		<transform name="peon bip L Forearm"
			m00="0.0701164" m10="-0.774281" m20="0.628946" m30="0.122907"
			m01="0.537457" m11="0.560482" m21="0.630079" m31="0.184026"
			m02="-0.840371" m12="0.293853" m22="0.455442" m32="1.29352"
			m03="0" m13="0" m23="0" m33="1"/>
		<transform name="peon bip L Hand"
			m00="0.231768" m10="-0.0804676" m20="-0.969437" m30="0.13824"
			m01="0.565477" m11="-0.799752" m21="0.201574" m31="0.301556"
			m02="-0.79153" m12="-0.594913" m22="-0.139854" m32="1.10974"
			m03="0" m13="0" m23="0" m33="1"/>
		<transform name="peon bip L Finger1"
			m00="0.172916" m10="-0.173689" m20="-0.969501" m30="0.18102"
			m01="0.155028" m11="-0.967259" m21="0.200937" m31="0.405932"
			m02="-0.972659" m12="-0.185045" m22="-0.140328" m32="0.963643"
			m03="0" m13="0" m23="0" m33="1"/>
		<transform name="peon bip L Finger11"
			m00="0.0264185" m10="-0.243659" m20="-0.969501" m30="0.194074"
			m01="-0.483548" m11="-0.851942" m21="0.200937" m31="0.417636"
			m02="-0.874919" m12="0.463492" m22="-0.140328" m32="0.890213"
			m03="0" m13="0" m23="0" m33="1"/>
		<transform name="peon bip L Finger01"
			m00="0.158952" m10="-0.987266" m20="-0.00628459" m30="0.372363"
			m01="-0.434256" m11="-0.0756301" m21="0.897609" m31="0.282666"
			m02="-0.886654" m12="-0.139948" m22="-0.440748" m32="1.02977"
			m03="0" m13="0" m23="0" m33="1"/>
		<transform name="peon bip Prop1"
			m00="0.62945" m10="-0.557262" m20="0.541528" m30="0.408533"
			m01="0.774641" m11="0.395285" m21="-0.493641" m31="-0.227202"
			m02="0.0610292" m12="0.730212" m22="0.68049" m32="0.80343"
			m03="0" m13="0" m23="0" m33="1"/>
		<transform name="peon bip Ponytail2"
			m00="-0.26651" m10="-0.837398" m20="-0.477218" m30="0.48586"
			m01="-0.962344" m11="0.203687" m21="0.180017" m31="-0.0637334"
			m02="-0.0535432" m12="0.507224" m22="-0.860149" m32="1.63858"
			m03="0" m13="0" m23="0" m33="1"/>
		<transform name="peon bip Ponytail1"
			m00="-0.267781" m10="-0.852689" m20="0.44857" m30="0.479465"
			m01="0.961257" m11="-0.204833" m21="0.184469" m31="0.0300415"
			m02="-0.0654132" m12="0.480588" m22="0.874503" m32="1.63617"
			m03="0" m13="0" m23="0" m33="1"/>
		<transform name="peon bip L Calf"
			m00="0.0431858" m10="0.938191" m20="-0.343414" m30="0.25248"
			m01="-0.129451" m11="-0.335582" m21="-0.933074" m31="0.078234"
			m02="-0.990645" m12="0.0847508" m22="0.106957" m32="0.685208"
			m03="0" m13="0" m23="0" m33="1"/>
	</frame>
	<frame index="3">
		<transform name="peon bip Pelvis"
			m00="0.30487" m10="0.830866" m20="0.465528" m30="-0.0114686"
			m01="-0.0662315" m11="-0.469119" m21="0.880648" m31="0.0454074"
			m02="0.950088" m12="-0.299316" m22="-0.0879908" m32="0.757295"
			m03="0" m13="0" m23="0" m33="1"/>
		<transform name="peon bip Spine"
			m00="0.306638" m10="0.932258" m20="0.192012" m30="0.0236423"
			m01="-0.0809887" m11="-0.175444" m21="0.981152" m31="0.0497114"
			m02="0.948374" m12="-0.31641" m22="0.0217045" m32="0.932115"
			m03="0" m13="0" m23="0" m33="1"/>
		<transform name="peon bip L Thigh"
			m00="0.842689" m10="0.34734" m20="-0.411375" m30="0.0572981"
			m01="-0.379931" m11="-0.157742" m21="-0.911466" m31="0.175494"
			m02="-0.38148" m12="0.924377" m22="-0.000961984" m32="0.744297"
			m03="0" m13="0" m23="0" m33="1"/>
		<transform name="peon bip R Thigh"
			m00="-0.425562" m10="0.902296" m20="-0.0689912" m30="-0.0802352"
			m01="0.00435177" m11="-0.0741979" m21="-0.997234" m31="-0.0846794"
			m02="-0.904919" m12="-0.424685" m22="0.0276492" m32="0.770293"
			m03="0" m13="0" m23="0" m33="1"/>
		<transform name="peon bip L Toe0"
			m00="0.981313" m10="-0.191227" m20="0.0213686" m30="0.442709"
			m01="0.0434385" m11="0.111976" m21="-0.992761" m31="0.0792068"
			m02="0.18745" m12="0.975138" m22="0.118191" m32="0.532999"
			m03="0" m13="0" m23="0" m33="1"/>
		<transform name="peon bip L Foot"
			m00="0.645935" m10="0.763099" m20="0.0211481" m30="0.275449"
			m01="-0.0764839" m11="0.0922545" m21="-0.992794" m31="0.0772441"
			m02="-0.759551" m12="0.639663" m22="0.117955" m32="0.546467"
			m03="0" m13="0" m23="0" m33="1"/>
		<transform name="peon bip Spine2"
			m00="0.610299" m10="0.718577" m20="-0.333439" m30="0.125306"
			m01="-0.0537363" m11="0.457502" m21="0.887583" m31="0.0160997"
			m02="0.790346" m12="-0.523774" m22="0.317827" m32="1.24676"
			m03="0" m13="0" m23="0" m33="1"/>
		<transform name="peon bip Spine1"
			m00="0.306433" m10="0.947465" m20="-0.0917027" m30="0.074478"
			m01="-0.12077" m11="0.134256" m21="0.98356" m31="0.0362339"
			m02="0.9442" m12="-0.290321" m22="0.155566" m32="1.08977"
			m03="0" m13="0" m23="0" m33="1"/>
		<transform name="peon bip R Clavicle"
			m00="0.333441" m10="-0.719062" m20="-0.609727" m30="0.233627"
			m01="-0.887582" m11="-0.457461" m21="0.0541007" m31="5.35498e-005"
			m02="-0.317828" m12="0.523143" m22="-0.790763" m32="1.38135"
			m03="0" m13="0" m23="0" m33="1"/>
		<transform name="peon bip R UpperArm"
			m00="0.0306705" m10="-0.904505" m20="-0.42536" m30="0.25243"
			m01="-0.742344" m11="-0.305581" m21="0.596276" m31="-0.0499995"
			m02="-0.669316" m12="0.297475" m22="-0.680826" m32="1.36343"
			m03="0" m13="0" m23="0" m33="1"/>
		<transform name="peon bip Neck"
			m00="0.610299" m10="0.718577" m20="-0.333439" m30="0.231042"
			m01="-0.0537363" m11="0.457502" m21="0.887583" m31="0.0067489"
			m02="0.790346" m12="-0.523774" m22="0.317827" m32="1.3838"
			m03="0" m13="0" m23="0" m33="1"/>
		<transform name="peon bip Head"
			m00="0.474677" m10="0.878031" m20="-0.0611866" m30="0.291163"
			m01="0.0440442" m11="0.0457345" m21="0.997982" m31="0.00145522"
			m02="0.879058" m12="-0.476414" m22="-0.0169631" m32="1.46166"
			m03="0" m13="0" m23="0" m33="1"/>
		<transform name="peon bip R Forearm"
			m00="0.620351" m10="-0.658964" m20="-0.42536" m30="0.258757"
			m01="-0.355647" m11="-0.719701" m21="0.596276" m31="-0.203135"
			m02="-0.699056" m12="-0.218623" m22="-0.680826" m32="1.22536"
			m03="0" m13="0" m23="0" m33="1"/>
		<transform name="peon bip R Hand"
			m00="0.591219" m10="0.604575" m20="0.533806" m30="0.394414"
			m01="-0.395295" m11="0.794139" m21="-0.461611" m31="-0.280907"
			m02="-0.702995" m12="0.0619025" m22="0.708496" m32="1.07249"
			m03="0" m13="0" m23="0" m33="1"/>
		<transform name="peon bip R Calf"
			m00="-0.877696" m10="-0.474225" m20="-0.0689912" m30="-0.170346"
			m01="0.0738492" m11="0.00839925" m21="-0.997234" m31="-0.083758"
			m02="0.473493" m12="-0.880364" m22="0.0276492" m32="0.57868"
			m03="0" m13="0" m23="0" m33="1"/>
		<transform name="peon bip R Foot"
			m00="-0.773477" m10="-0.631564" m20="-0.0534768" m30="-0.279955"
			m01="0.0934268" m11="-0.0301555" m21="-0.995169" m31="-0.0745355"
			m02="0.6269" m12="-0.774737" m22="0.0823296" m32="0.63781"
			m03="0" m13="0" m23="0" m33="1"/>
		<transform name="peon bip R Toe0"
			m00="-0.810649" m10="0.583149" m20="-0.0527724" m30="-0.446601"
			m01="-0.00598641" m11="-0.0983768" m21="-0.995131" m31="-0.0670946"
			m02="-0.585501" m12="-0.806387" m22="0.0832401" m32="0.619509"
			m03="0" m13="0" m23="0" m33="1"/>
		<transform name="peon bip L UpperArm"
			m00="-0.522945" m10="-0.522556" m20="0.673397" m30="0.209766"
			m01="0.787422" m11="0.00629758" m21="0.616382" m31="0.0635691"
			m02="-0.326334" m12="0.852582" m22="0.408179" m32="1.40409"
			m03="0" m13="0" m23="0" m33="1"/>
		<transform name="peon bip L Clavicle"
			m00="-0.333441" m10="-0.719062" m20="0.609727" m30="0.228569"
			m01="0.887582" m11="-0.457461" m21="-0.0541006" m31="0.013516"
			m02="0.317828" m12="0.523143" m22="0.790763" m32="1.38617"
			m03="0" m13="0" m23="0" m33="1"/>
		<transform name="peon bip L Forearm"
			m00="0.0208118" m10="-0.738988" m20="0.673397" m30="0.101889"
			m01="0.536105" m11="0.576771" m21="0.616382" m31="0.226004"
			m02="-0.843895" m12="0.348184" m22="0.408179" m32="1.33678"
			m03="0" m13="0" m23="0" m33="1"/>
		<transform name="peon bip L Hand"
			m00="0.18669" m10="-0.139367" m20="-0.972483" m30="0.10644"
			m01="0.563915" m11="-0.795367" m21="0.222241" m31="0.343238"
			m02="-0.804454" m12="-0.589888" m22="-0.069896" m32="1.15223"
			m03="0" m13="0" m23="0" m33="1"/>
		<transform name="peon bip L Finger1"
			m00="0.108182" m10="-0.205811" m20="-0.972594" m30="0.1409"
			m01="0.163422" m11="-0.961344" m21="0.221608" m31="0.447326"
			m02="-0.980607" m12="-0.182917" m22="-0.0703657" m32="1.00375"
			m03="0" m13="0" m23="0" m33="1"/>
		<transform name="peon bip L Finger11"
			m00="-0.0423215" m10="-0.228627" m20="-0.972594" m30="0.149067"
			m01="-0.466308" m11="-0.856415" m21="0.221608" m31="0.459663"
			m02="-0.883609" m12="0.462907" m22="-0.0703657" m32="0.929718"
			m03="0" m13="0" m23="0" m33="1"/>
		<transform name="peon bip L Finger01"
			m00="0.102599" m10="-0.994546" m20="-0.0187742" m30="0.334288"
			m01="-0.432727" m11="-0.061619" m21="0.899417" m31="0.320114"
			m02="-0.895668" m12="-0.0841548" m22="-0.436688" m32="1.05629"
			m03="0" m13="0" m23="0" m33="1"/>
		<transform name="peon bip Prop1"
			m00="0.608545" m10="-0.617167" m20="0.498777" m30="0.415"
			m01="0.789446" m11="0.407263" m21="-0.459251" m31="-0.208383"
			m02="0.0803011" m12="0.673232" m22="0.735058" m32="0.858644"
			m03="0" m13="0" m23="0" m33="1"/>
		<transform name="peon bip Ponytail2"
			m00="-0.302001" m10="-0.801863" m20="-0.515569" m30="0.463252"
			m01="-0.943505" m11="0.328769" m21="0.0413369" m31="-0.0315105"
			m02="0.136357" m12="0.498926" m22="-0.85585" m32="1.6742"
			m03="0" m13="0" m23="0" m33="1"/>
		<transform name="peon bip Ponytail1"
			m00="-0.258952" m10="-0.828508" m20="0.496506" m30="0.457506"
			m01="0.953981" m11="-0.299854" m21="-0.00281249" m31="0.0623533"
			m02="0.15121" m12="0.472929" m22="0.868029" m32="1.67261"
			m03="0" m13="0" m23="0" m33="1"/>
		<transform name="peon bip L Calf"
			m00="0.318019" m10="0.854186" m20="-0.411375" m30="0.235734"
			m01="-0.142543" m11="-0.385891" m21="-0.911466" m31="0.0950452"
			m02="-0.937307" m12="0.348502" m22="-0.000961984" m32="0.66352"
			m03="0" m13="0" m23="0" m33="1"/>
	</frame>
	<frame index="4">
		<transform name="peon bip Pelvis"
			m00="0.306672" m10="0.80094" m20="0.514245" m30="-0.0273198"
			m01="-0.0348582" m11="-0.530464" m21="0.84699" m31="0.0708513"
			m02="0.951177" m12="-0.277674" m22="-0.134759" m32="0.75832"
			m03="0" m13="0" m23="0" m33="1"/>
		<transform name="peon bip Spine"
			m00="0.301715" m10="0.916707" m20="0.261947" m30="0.0101542"
			m01="-0.0541555" m11="-0.257828" m21="0.964672" m31="0.0838626"
			m02="0.951859" m12="-0.305242" m22="-0.028146" m32="0.932215"
			m03="0" m13="0" m23="0" m33="1"/>
		<transform name="peon bip L Thigh"
			m00="0.71828" m10="0.57569" m20="-0.390712" m30="0.0486431"
			m01="-0.36013" m11="-0.172854" m21="-0.916748" m31="0.195966"
			m02="-0.595299" m12="0.799189" m22="0.0831659" m32="0.738413"
			m03="0" m13="0" m23="0" m33="1"/>
		<transform name="peon bip R Thigh"
			m00="-0.511662" m10="0.848052" m20="-0.137878" m30="-0.103283"
			m01="-0.0405535" m11="-0.184133" m21="-0.982064" m31="-0.0542636"
			m02="-0.858229" m12="-0.496893" m22="0.128606" m32="0.778226"
			m03="0" m13="0" m23="0" m33="1"/>
		<transform name="peon bip L Toe0"
			m00="0.903292" m10="-0.428464" m20="0.0219552" m30="0.416738"
			m01="0.0684554" m11="0.0934216" m21="-0.99327" m31="0.0935023"
			m02="0.42353" m12="0.898716" m22="0.113718" m32="0.508415"
			m03="0" m13="0" m23="0" m33="1"/>
		<transform name="peon bip L Foot"
			m00="0.734638" m10="0.678108" m20="0.0218251" m30="0.249132"
			m01="-0.0610769" m11="0.098138" m21="-0.993297" m31="0.0890184"
			m02="-0.675705" m12="0.72838" m22="0.113513" m32="0.501405"
			m03="0" m13="0" m23="0" m33="1"/>
		<transform name="peon bip Spine2"
			m00="0.598462" m10="0.767258" m20="-0.230563" m30="0.108401"
			m01="-0.099302" m11="0.356611" m21="0.928961" m31="0.0562955"
			m02="0.794973" m12="-0.533052" m22="0.289608" m32="1.24845"
			m03="0" m13="0" m23="0" m33="1"/>
		<transform name="peon bip Spine1"
			m00="0.290847" m10="0.956766" m20="-0.00254311" m30="0.0601705"
			m01="-0.111393" m11="0.0365021" m21="0.993106" m31="0.0748575"
			m02="0.950263" m12="-0.288559" m22="0.117194" m32="1.09045"
			m03="0" m13="0" m23="0" m33="1"/>
		<transform name="peon bip R Clavicle"
			m00="0.230565" m10="-0.767733" m20="-0.597851" m30="0.21389"
			m01="-0.92896" m11="-0.356534" m21="0.099586" m31="0.032037"
			m02="-0.289609" m12="0.532418" m22="-0.795398" m32="1.38405"
			m03="0" m13="0" m23="0" m33="1"/>
		<transform name="peon bip R UpperArm"
			m00="-0.0145533" m10="-0.91127" m20="-0.411553" m30="0.226892"
			m01="-0.773892" m11="-0.250364" m21="0.581729" m31="-0.0203494"
			m02="-0.63315" m12="0.326964" m22="-0.701581" m32="1.36772"
			m03="0" m13="0" m23="0" m33="1"/>
		<transform name="peon bip Neck"
			m00="0.598462" m10="0.767258" m20="-0.230563" m30="0.212081"
			m01="-0.099302" m11="0.356611" m21="0.928961" m31="0.0390541"
			m02="0.794973" m12="-0.533052" m22="0.289608" m32="1.38629"
			m03="0" m13="0" m23="0" m33="1"/>
		<transform name="peon bip Head"
			m00="0.493173" m10="0.86828" m20="-0.0535805" m30="0.271037"
			m01="0.0401828" m11="0.0387892" m21="0.998439" m31="0.0292716"
			m02="0.869003" m12="-0.494556" m22="-0.0157601" m32="1.46461"
			m03="0" m13="0" m23="0" m33="1"/>
		<transform name="peon bip R Forearm"
			m00="0.652807" m10="-0.635978" m20="-0.411553" m30="0.22389"
			m01="-0.349015" m11="-0.734697" m21="0.581729" m31="-0.179993"
			m02="-0.672333" m12="-0.236118" m22="-0.701581" m32="1.23711"
			m03="0" m13="0" m23="0" m33="1"/>
		<transform name="peon bip R Hand"
			m00="0.624634" m10="0.585975" m20="0.516203" m30="0.366644"
			m01="-0.389275" m11="0.80668" m21="-0.444671" m31="-0.256315"
			m02="-0.676977" m12="0.0768116" m22="0.731985" m32="1.09009"
			m03="0" m13="0" m23="0" m33="1"/>
		<transform name="peon bip R Calf"
			m00="-0.788903" m10="-0.598851" m20="-0.137878" m30="-0.211625"
			m01="0.187399" m11="-0.0207645" m21="-0.982064" m31="-0.0628507"
			m02="0.585247" m12="-0.800591" m22="0.128606" m32="0.5965"
			m03="0" m13="0" m23="0" m33="1"/>
		<transform name="peon bip R Foot"
			m00="-0.714904" m10="-0.690127" m20="-0.112413" m30="-0.310145"
			m01="0.188906" m11="-0.0358403" m21="-0.981341" m31="-0.0394478"
			m02="0.673221" m12="-0.7228" m22="0.155991" m32="0.669587"
			m03="0" m13="0" m23="0" m33="1"/>
		<transform name="peon bip R Toe0"
			m00="-0.869279" m10="0.48154" m20="-0.111687" m30="-0.476853"
			m01="0.0200208" m11="-0.191457" m21="-0.981297" m31="-0.0214067"
			m02="-0.493916" m12="-0.855257" m22="0.156788" m32="0.662948"
			m03="0" m13="0" m23="0" m33="1"/>
		<transform name="peon bip L UpperArm"
			m00="-0.503322" m10="-0.485551" m20="0.714778" m30="0.197391"
			m01="0.801863" m11="0.0457914" m21="0.59575" m31="0.0985136"
			m02="-0.321998" m12="0.873008" m22="0.366298" m32="1.40478"
			m03="0" m13="0" m23="0" m33="1"/>
		<transform name="peon bip L Clavicle"
			m00="-0.230565" m10="-0.767733" m20="0.59785" m30="0.210393"
			m01="0.92896" m11="-0.356534" m21="-0.0995859" m31="0.0461271"
			m02="0.289609" m12="0.532418" m22="0.795398" m32="1.38845"
			m03="0" m13="0" m23="0" m33="1"/>
		<transform name="peon bip L Forearm"
			m00="0.0214978" m10="-0.699021" m20="0.714778" m30="0.0935622"
			m01="0.504803" m11="0.624704" m21="0.59575" m31="0.263927"
			m02="-0.862967" m12="0.348015" m22="0.366298" m32="1.33836"
			m03="0" m13="0" m23="0" m33="1"/>
		<transform name="peon bip L Hand"
			m00="0.190981" m10="-0.194584" m20="-0.962114" m30="0.0982633"
			m01="0.531135" m11="-0.803788" m21="0.267994" m31="0.374316"
			m02="-0.825483" m12="-0.562194" m22="-0.0501573" m32="1.14964"
			m03="0" m13="0" m23="0" m33="1"/>
		<transform name="peon bip L Finger1"
			m00="0.0916158" m10="-0.256214" m20="-0.962269" m30="0.133515"
			m01="0.143221" m11="-0.952895" m21="0.267354" m31="0.472354"
			m02="-0.985441" m12="-0.162311" m22="-0.050605" m32="0.997275"
			m03="0" m13="0" m23="0" m33="1"/>
		<transform name="peon bip L Finger11"
			m00="-0.0829918" m10="-0.259136" m20="-0.962269" m30="0.140431"
			m01="-0.465492" m11="-0.843705" m21="0.267354" m31="0.483166"
			m02="-0.881152" m12="0.470117" m22="-0.050605" m32="0.92288"
			m03="0" m13="0" m23="0" m33="1"/>
		<transform name="peon bip L Finger01"
			m00="0.0831558" m10="-0.996457" m20="0.0126043" m30="0.322699"
			m01="-0.461729" m11="-0.0273172" m21="0.886601" m31="0.337722"
			m02="-0.883115" m12="-0.0795458" m22="-0.462364" m32="1.04921"
			m03="0" m13="0" m23="0" m33="1"/>
		<transform name="peon bip Prop1"
			m00="0.589352" m10="-0.649692" m20="0.480172" m30="0.393709"
			m01="0.802226" m11="0.400463" m21="-0.442791" m31="-0.18522"
			m02="0.095387" m12="0.646166" m22="0.757213" m32="0.876486"
			m03="0" m13="0" m23="0" m33="1"/>
		<transform name="peon bip Ponytail2"
			m00="-0.307084" m10="-0.791624" m20="-0.528234" m30="0.447237"
			m01="-0.949885" m11="0.289049" m21="0.119032" m31="-0.00507642"
			m02="0.0584569" m12="0.538315" m22="-0.840714" m32="1.67352"
			m03="0" m13="0" m23="0" m33="1"/>
		<transform name="peon bip Ponytail1"
			m00="-0.277373" m10="-0.813689" m20="0.510856" m30="0.442204"
			m01="0.958735" m11="-0.268946" m21="0.0921755" m31="0.0888209"
			m02="0.0623903" m12="0.515342" m22="0.85471" m32="1.67205"
			m03="0" m13="0" m23="0" m33="1"/>
		<transform name="peon bip L Calf"
			m00="0.387532" m10="0.834963" m20="-0.390712" m30="0.200736"
			m01="-0.245766" m11="-0.314915" m21="-0.916748" m31="0.11971"
			m02="-0.888492" m12="0.451293" m22="0.0831659" m32="0.612361"
			m03="0" m13="0" m23="0" m33="1"/>
	</frame>
	<frame index="5">
		<transform name="peon bip Pelvis"
			m00="0.31325" m10="0.788388" m20="0.529451" m30="-0.0407823"
			m01="-0.000441197" m11="-0.557389" m21="0.830251" m31="0.0898815"
			m02="0.949671" m12="-0.26031" m22="-0.174254" m32="0.667333"
			m03="0" m13="0" m23="0" m33="1"/>
		<transform name="peon bip Spine"
			m00="0.306419" m10="0.899169" m20="0.312413" m30="-0.000997271"
			m01="-0.0275512" m11="-0.319686" m21="0.947123" m31="0.110706"
			m02="0.951498" m12="-0.298824" m22="-0.0731846" m32="0.839951"
			m03="0" m13="0" m23="0" m33="1"/>
		<transform name="peon bip L Thigh"
			m00="0.506186" m10="0.810734" m20="-0.294084" m30="0.0374268"
			m01="-0.316864" m11="-0.142316" m21="-0.937733" m31="0.212524"
			m02="-0.802105" m12="0.567852" m22="0.184854" m32="0.641593"
			m03="0" m13="0" m23="0" m33="1"/>
		<transform name="peon bip R Thigh"
			m00="-0.653499" m10="0.73397" m20="-0.185004" m30="-0.118991"
			m01="-0.0916769" m11="-0.319364" m21="-0.943187" m31="-0.0327608"
			m02="-0.751355" m12="-0.599411" m22="0.275992" m32="0.693074"
			m03="0" m13="0" m23="0" m33="1"/>
		<transform name="peon bip L Toe0"
			m00="0.830224" m10="-0.55735" m20="0.00941253" m30="0.359383"
