<?xml version="1.0" encoding="ISO-8859-1" standalone="yes"?>

<!DOCTYPE animation [
	<!ELEMENT animation  (frame+)>
	<!ELEMENT frame      (transform+)>
	<!ELEMENT transform   EMPTY>
	<!ATTLIST frame index CDATA #REQUIRED>
	<!ATTLIST transform name CDATA #REQUIRED>
	<!ATTLIST transform m00 CDATA #REQUIRED>
	<!ATTLIST transform m01 CDATA #REQUIRED>
	<!ATTLIST transform m02 CDATA #REQUIRED>
	<!ATTLIST transform m03 CDATA #REQUIRED>
	<!ATTLIST transform m10 CDATA #REQUIRED>
	<!ATTLIST transform m11 CDATA #REQUIRED>
	<!ATTLIST transform m12 CDATA #REQUIRED>
	<!ATTLIST transform m13 CDATA #REQUIRED>
	<!ATTLIST transform m20 CDATA #REQUIRED>
	<!ATTLIST transform m21 CDATA #REQUIRED>
	<!ATTLIST transform m22 CDATA #REQUIRED>
	<!ATTLIST transform m23 CDATA #REQUIRED>
	<!ATTLIST transform m30 CDATA #REQUIRED>
	<!ATTLIST transform m31 CDATA #REQUIRED>
	<!ATTLIST transform m32 CDATA #REQUIRED>
	<!ATTLIST transform m33 CDATA #REQUIRED>
]>

<animation>
	<frame index="0">
		<transform name="peon bip Pelvis"
			m00="0.020033" m10="0.999799" m20="0.00074434" m30="-0.00819023"
			m01="-0.1365" m11="0.00199752" m21="0.990638" m31="-0.0156504"
			m02="0.990438" m12="-0.019947" m22="0.136512" m32="0.404059"
			m03="0" m13="0" m23="0" m33="1"/>
		<transform name="peon bip Spine"
			m00="0.143522" m10="0.981369" m20="-0.127733" m30="-0.0298361"
			m01="0.0111905" m11="0.127451" m21="0.991782" m31="-0.0485325"
			m02="0.989584" m12="-0.143772" m22="0.00731004" m32="0.578045"
			m03="0" m13="0" m23="0" m33="1"/>
		<transform name="peon bip L Thigh"
			m00="0.290578" m10="0.956822" m20="0.00743953" m30="-0.00808006"
			m01="-0.0499242" m11="0.022925" m21="-0.99849" m31="0.130684"
			m02="-0.955548" m12="0.289768" m22="0.0544301" m32="0.424224"
			m03="0" m13="0" m23="0" m33="1"/>
		<transform name="peon bip R Thigh"
			m00="0.581197" m10="0.81376" m20="-0.00190654" m30="-0.00830037"
			m01="0.13291" m11="-0.0972371" m21="-0.986347" m31="-0.161985"
			m02="-0.802835" m12="0.573009" m22="-0.164671" m32="0.383894"
			m03="0" m13="0" m23="0" m33="1"/>
		<transform name="peon bip L Toe0"
			m00="0.981547" m10="-4.44295e-006" m20="0.191219" m30="0.0930317"
			m01="0.191219" m11="-0.000548776" m21="-0.981547" m31="0.137063"
			m02="0.000109297" m12="1.0" m22="-0.000537821" m32="0.00597506"
			m03="0" m13="0" m23="0" m33="1"/>
		<transform name="peon bip L Foot"
			m00="4.50146e-006" m10="0.981547" m20="0.191219" m30="-0.0239712"
			m01="0.000548787" m11="0.191219" m21="-0.981547" m31="0.114204"
			m02="-1.0" m12="0.000109357" m22="-0.000537821" m32="0.124081"
			m03="0" m13="0" m23="0" m33="1"/>
		<transform name="peon bip Spine2"
			m00="0.546368" m10="0.786354" m20="-0.288321" m30="0.0357884"
			m01="0.0373643" m11="0.321018" m21="0.946336" m31="-0.0290164"
			m02="0.836711" m12="-0.527821" m22="0.146012" m32="0.902432"
			m03="0" m13="0" m23="0" m33="1"/>
		<transform name="peon bip Spine1"
			m00="0.252744" m10="0.933249" m20="-0.255278" m30="-0.00610727"
			m01="0.106694" m11="0.235351" m21="0.966036" m31="-0.0467039"
			m02="0.961632" m12="-0.271396" m22="-0.0400881" m32="0.742543"
			m03="0" m13="0" m23="0" m33="1"/>
		<transform name="peon bip R Clavicle"
			m00="0.288323" m10="-0.786788" m20="-0.545742" m30="0.132685"
			m01="-0.946335" m11="-0.32105" m21="-0.0371086" m31="-0.0297164"
			m02="-0.146014" m12="0.527154" m22="-0.837131" m32="1.04636"
			m03="0" m13="0" m23="0" m33="1"/>
		<transform name="peon bip R UpperArm"
			m00="0.0968146" m10="-0.765961" m20="-0.635555" m30="0.148944"
			m01="-0.651367" m11="-0.531579" m21="0.541428" m31="-0.0830827"
			m02="-0.752561" m12="0.361562" m22="-0.550387" m32="1.03813"
			m03="0" m13="0" m23="0" m33="1"/>
		<transform name="peon bip Neck"
			m00="0.546368" m10="0.786354" m20="-0.288321" m30="0.130437"
			m01="0.0373643" m11="0.321018" m21="0.946336" m31="-0.0225647"
			m02="0.836711" m12="-0.527821" m22="0.146012" m32="1.04751"
			m03="0" m13="0" m23="0" m33="1"/>
		<transform name="peon bip Head"
			m00="0.0878172" m10="0.99352" m20="0.0721544" m30="0.184261"
			m01="0.0323813" m11="-0.0752431" m21="0.996639" m31="-0.0188839"
			m02="0.99561" m12="-0.0851856" m22="-0.0387791" m32="1.12994"
			m03="0" m13="0" m23="0" m33="1"/>
		<transform name="peon bip R Forearm"
			m00="0.340842" m10="-0.692745" m20="-0.635555" m30="0.168916"
			m01="-0.442887" m11="-0.714638" m21="0.541428" m31="-0.217451"
			m02="-0.829263" m12="0.0969377" m22="-0.550387" m32="0.882887"
			m03="0" m13="0" m23="0" m33="1"/>
		<transform name="peon bip R Hand"
			m00="0.31221" m10="0.587386" m20="0.746661" m30="0.24345"
			m01="-0.481713" m11="0.775299" m21="-0.40849" m31="-0.314301"
			m02="-0.818827" m12="-0.232141" m22="0.525008" m32="0.701545"
			m03="0" m13="0" m23="0" m33="1"/>
		<transform name="peon bip R Calf"
			m00="-0.684076" m10="0.729408" m20="-0.00190654" m30="0.114766"
			m01="0.121399" m11="0.111276" m21="-0.986347" m31="-0.133841"
			m02="-0.719237" m12="-0.674968" m22="-0.164671" m32="0.213897"
			m03="0" m13="0" m23="0" m33="1"/>
		<transform name="peon bip R Foot"
			m00="7.22452e-007" m10="0.877092" m20="-0.480323" m30="0.0293369"
			m01="-0.000550251" m11="-0.480323" m21="-0.877091" m31="-0.118681"
			m02="-1.0" m12="0.000264928" m22="0.000482285" m32="0.124077"
			m03="0" m13="0" m23="0" m33="1"/>
		<transform name="peon bip R Toe0"
			m00="0.877092" m10="-7.22452e-007" m20="-0.480323" m30="0.133888"
			m01="-0.480323" m11="0.000550251" m21="-0.877091" m31="-0.176001"
			m02="0.000264928" m12="1.0" m22="0.000482285" m32="0.00599012"
			m03="0" m13="0" m23="0" m33="1"/>
		<transform name="peon bip L UpperArm"
			m00="-0.100678" m10="-0.77942" m20="0.618359" m30="0.112053"
			m01="0.680596" m11="0.39939" m21="0.614228" m31="0.0380036"
			m02="-0.725708" m12="0.482692" m22="0.490261" m32="1.05681"
			m03="0" m13="0" m23="0" m33="1"/>
		<transform name="peon bip L Clavicle"
			m00="-0.288323" m10="-0.786788" m20="0.545742" m30="0.128312"
			m01="0.946335" m11="-0.32105" m21="0.0371087" m31="-0.0153627"
			m02="0.146014" m12="0.527154" m22="0.837131" m32="1.04858"
			m03="0" m13="0" m23="0" m33="1"/>
		<transform name="peon bip L Forearm"
			m00="0.270599" m10="-0.73784" m20="0.618359" m30="0.0912841"
			m01="0.419273" m11="0.668531" m21="0.614228" m31="0.178401"
			m02="-0.866594" m12="0.0930518" m22="0.490261" m32="0.907109"
			m03="0" m13="0" m23="0" m33="1"/>
		<transform name="peon bip L Hand"
			m00="0.424349" m10="0.309398" m20="-0.850999" m30="0.150458"
			m01="0.436504" m11="-0.893303" m21="-0.107117" m31="0.270087"
			m02="-0.793342" m12="-0.32601" m22="-0.514126" m32="0.717604"
			m03="0" m13="0" m23="0" m33="1"/>
		<transform name="peon bip L Finger1"
			m00="0.517574" m10="0.091302" m20="-0.850753" m30="0.228785"
			m01="-0.00186559" m11="-0.994168" m21="-0.107828" m31="0.350657"
			m02="-0.855636" m12="0.0573963" m22="-0.514385" m32="0.571168"
			m03="0" m13="0" m23="0" m33="1"/>
		<transform name="peon bip L Finger11"
			m00="0.461086" m10="-0.252228" m20="-0.850753" m30="0.267859"
			m01="-0.622838" m11="-0.774884" m21="-0.107828" m31="0.350517"
			m02="-0.632038" m12="0.5796" m22="-0.514385" m32="0.506572"
			m03="0" m13="0" m23="0" m33="1"/>
		<transform name="peon bip L Finger01"
			m00="0.576041" m10="-0.817355" m20="0.0103726" m30="0.396252"
			m01="-0.54218" m11="-0.372551" m21="0.753157" m31="0.301096"
			m02="-0.611733" m12="-0.439474" m22="-0.657758" m32="0.731411"
			m03="0" m13="0" m23="0" m33="1"/>
		<transform name="peon bip Prop1"
			m00="0.597482" m10="-0.346871" m20="0.722977" m30="0.188683"
			m01="0.772284" m11="0.491609" m21="-0.402365" m31="-0.263655"
			m02="-0.215854" m12="0.79875" m22="0.56161" m32="0.487423"
			m03="0" m13="0" m23="0" m33="1"/>
		<transform name="peon bip Ponytail2"
			m00="-0.154821" m10="-0.985811" m20="-0.0648546" m30="0.252355"
			m01="-0.875086" m11="0.106371" m21="0.472133" m31="-0.0607041"
			m02="-0.458535" m12="0.12985" m22="-0.879138" m32="1.39354"
			m03="0" m13="0" m23="0" m33="1"/>
		<transform name="peon bip Ponytail1"
			m00="-0.0299216" m10="-0.99012" m20="0.136995" m30="0.259136"
			m01="0.850166" m11="0.0468682" m21="0.524425" m31="0.0329572"
			m02="-0.525664" m12="0.13216" m22="0.840363" m32="1.3899"
			m03="0" m13="0" m23="0" m33="1"/>
		<transform name="peon bip L Calf"
			m00="-0.619943" m10="0.784611" m20="0.00743953" m30="0.0534486"
			m01="-0.0473142" m11="-0.0279168" m21="-0.99849" m31="0.120113"
			m02="-0.783219" m12="-0.619359" m22="0.0544301" m32="0.221891"
			m03="0" m13="0" m23="0" m33="1"/>
	</frame>
	<frame index="1">
		<transform name="peon bip Pelvis"
			m00="0.020033" m10="0.999799" m20="0.00074434" m30="-0.00819023"
			m01="-0.1365" m11="0.00199752" m21="0.990638" m31="-0.0156331"
			m02="0.990438" m12="-0.019947" m22="0.136512" m32="0.405845"
			m03="0" m13="0" m23="0" m33="1"/>
		<transform name="peon bip Spine"
			m00="0.142953" m10="0.981454" m20="-0.127724" m30="-0.0298361"
			m01="0.0107939" m11="0.127496" m21="0.99178" m31="-0.0485152"
			m02="0.989671" m12="-0.143156" m22="0.00763219" m32="0.57983"
			m03="0" m13="0" m23="0" m33="1"/>
		<transform name="peon bip L Thigh"
			m00="0.282728" m10="0.959171" m20="0.00741826" m30="-0.00808006"
			m01="-0.0498636" m11="0.0224204" m21="-0.998504" m31="0.130701"
			m02="-0.957903" m12="0.281935" m22="0.0541666" m32="0.42601"
			m03="0" m13="0" m23="0" m33="1"/>
		<transform name="peon bip R Thigh"
			m00="0.576123" m10="0.81736" m20="-0.00207519" m30="-0.00830037"
			m01="0.13249" m11="-0.0958916" m21="-0.986535" m31="-0.161967"
			m02="-0.806553" m12="0.56809" m22="-0.163538" m32="0.38568"
			m03="0" m13="0" m23="0" m33="1"/>
		<transform name="peon bip L Toe0"
			m00="0.981547" m10="-4.44295e-006" m20="0.191219" m30="0.0930216"
			m01="0.191219" m11="-0.000548776" m21="-0.981547" m31="0.137063"
			m02="0.000109297" m12="1.0" m22="-0.000537821" m32="0.00597813"
			m03="0" m13="0" m23="0" m33="1"/>
		<transform name="peon bip L Foot"
			m00="4.50146e-006" m10="0.981547" m20="0.191219" m30="-0.0239814"
			m01="0.000548787" m11="0.191219" m21="-0.981547" m31="0.114204"
			m02="-1.0" m12="0.000109357" m22="-0.000537821" m32="0.124084"
			m03="0" m13="0" m23="0" m33="1"/>
		<transform name="peon bip Spine2"
			m00="0.544877" m10="0.787395" m20="-0.288302" m30="0.0355339"
			m01="0.0360594" m11="0.321503" m21="0.946222" m31="-0.0292034"
			m02="0.83774" m12="-0.52597" m22="0.146786" m32="0.904289"
			m03="0" m13="0" m23="0" m33="1"/>
		<transform name="peon bip Spine1"
			m00="0.251783" m10="0.933532" m20="-0.255194" m30="-0.00620188"
			m01="0.105862" m11="0.23554" m21="0.966082" m31="-0.0467525"
			m02="0.961976" m12="-0.270258" m22="-0.0395207" m32="0.744342"
			m03="0" m13="0" m23="0" m33="1"/>
		<transform name="peon bip R Clavicle"
			m00="0.288304" m10="-0.787828" m20="-0.54425" m30="0.132172"
			m01="-0.946221" m11="-0.321534" m21="-0.0358033" m31="-0.0301286"
			m02="-0.146788" m12="0.525303" m22="-0.838159" m32="1.04839"
			m03="0" m13="0" m23="0" m33="1"/>
		<transform name="peon bip R UpperArm"
			m00="0.0967481" m10="-0.76598" m20="-0.635543" m30="0.14843"
			m01="-0.651462" m11="-0.53149" m21="0.541401" m31="-0.0834885"
			m02="-0.752487" m12="0.361653" m22="-0.550428" m32="1.04012"
			m03="0" m13="0" m23="0" m33="1"/>
		<transform name="peon bip Neck"
			m00="0.544877" m10="0.787395" m20="-0.288302" m30="0.129924"
			m01="0.0360594" m11="0.321503" m21="0.946222" m31="-0.0229779"
			m02="0.83774" m12="-0.52597" m22="0.146786" m32="1.04955"
			m03="0" m13="0" m23="0" m33="1"/>
		<transform name="peon bip Head"
			m00="0.0878331" m10="0.993535" m20="0.0719234" m30="0.183601"
			m01="0.0324211" m11="-0.0750154" m21="0.996655" m31="-0.0194256"
			m02="0.995607" m12="-0.0852075" m22="-0.0388003" m32="1.13208"
			m03="0" m13="0" m23="0" m33="1"/>
		<transform name="peon bip R Forearm"
			m00="0.340907" m10="-0.692725" m20="-0.635543" m30="0.168388"
			m01="-0.44288" m11="-0.714662" m21="0.541401" m31="-0.217876"
			m02="-0.82924" m12="0.0969017" m22="-0.550428" m32="0.884887"
			m03="0" m13="0" m23="0" m33="1"/>
		<transform name="peon bip R Hand"
			m00="0.312276" m10="0.587371" m20="0.746645" m30="0.242937"
			m01="-0.481707" m11="0.775319" m21="-0.40846" m31="-0.314725"
			m02="-0.818805" m12="-0.232112" m22="0.525054" m32="0.703551"
			m03="0" m13="0" m23="0" m33="1"/>
		<transform name="peon bip R Calf"
			m00="-0.675472" m10="0.737383" m20="-0.00207519" m30="0.113691"
			m01="0.121973" m11="0.108956" m21="-0.986535" m31="-0.133913"
			m02="-0.727228" m12="-0.66663" m22="-0.163538" m32="0.214895"
			m03="0" m13="0" m23="0" m33="1"/>
		<transform name="peon bip R Foot"
			m00="7.22452e-007" m10="0.877092" m20="-0.480323" m30="0.029337"
			m01="-0.000550251" m11="-0.480323" m21="-0.877091" m31="-0.118681"
			m02="-1.0" m12="0.000264928" m22="0.000482285" m32="0.124077"
			m03="0" m13="0" m23="0" m33="1"/>
		<transform name="peon bip R Toe0"
			m00="0.877092" m10="-7.22452e-007" m20="-0.480323" m30="0.133888"
			m01="-0.480323" m11="0.000550251" m21="-0.877091" m31="-0.176001"
			m02="0.000264928" m12="1.0" m22="0.000482285" m32="0.00599008"
			m03="0" m13="0" m23="0" m33="1"/>
		<transform name="peon bip L UpperArm"
			m00="-0.100784" m10="-0.779411" m20="0.618353" m30="0.111541"
			m01="0.680699" m11="0.39926" m21="0.614198" m31="0.0375831"
			m02="-0.725597" m12="0.482814" m22="0.490306" m32="1.0589"
			m03="0" m13="0" m23="0" m33="1"/>
		<transform name="peon bip L Clavicle"
			m00="-0.288304" m10="-0.787828" m20="0.54425" m30="0.127799"
			m01="0.946221" m11="-0.321534" m21="0.0358034" m31="-0.0157767"
			m02="0.146788" m12="0.525303" m22="0.838159" m32="1.05062"
			m03="0" m13="0" m23="0" m33="1"/>
		<transform name="peon bip L Forearm"
			m00="0.270711" m10="-0.737804" m20="0.618353" m30="0.0907504"
			m01="0.419235" m11="0.668583" m21="0.614198" m31="0.178002"
			m02="-0.866578" m12="0.0929649" m22="0.490306" m32="0.909216"
			m03="0" m13="0" m23="0" m33="1"/>
		<transform name="peon bip L Hand"
			m00="0.424412" m10="0.309428" m20="-0.850957" m30="0.149949"
			m01="0.436579" m11="-0.893271" m21="-0.107072" m31="0.26968"
			m02="-0.793267" m12="-0.326067" m22="-0.514205" m32="0.719715"
			m03="0" m13="0" m23="0" m33="1"/>
		<transform name="peon bip L Finger1"
			m00="0.517632" m10="0.0913718" m20="-0.85071" m30="0.228287"
			m01="-0.00164819" m11="-0.994173" m21="-0.107783" m31="0.350264"
			m02="-0.855602" m12="0.0571943" m22="-0.514465" m32="0.573293"
			m03="0" m13="0" m23="0" m33="1"/>
		<transform name="peon bip L Finger11"
			m00="0.461209" m10="-0.252146" m20="-0.85071" m30="0.267366"
			m01="-0.622566" m11="-0.775109" m21="-0.107783" m31="0.350139"
			m02="-0.632216" m12="0.579334" m22="-0.514465" m32="0.5087"
			m03="0" m13="0" m23="0" m33="1"/>
		<transform name="peon bip L Finger01"
			m00="0.576317" m10="-0.81716" m20="0.0104236" m30="0.395743"
			m01="-0.54202" m11="-0.372661" m21="0.753219" m31="0.300696"
			m02="-0.611615" m12="-0.439742" m22="-0.657688" m32="0.733555"
			m03="0" m13="0" m23="0" m33="1"/>
		<transform name="peon bip Prop1"
			m00="0.597466" m10="-0.346936" m20="0.722959" m30="0.18818"
			m01="0.772304" m11="0.491602" m21="-0.402335" m31="-0.264082"
			m02="-0.215824" m12="0.798726" m22="0.561656" m32="0.489425"
			m03="0" m13="0" m23="0" m33="1"/>
		<transform name="peon bip Ponytail2"
			m00="-0.153523" m10="-0.985834" m20="-0.0675449" m30="0.251711"
			m01="-0.882894" m11="0.106152" m21="0.457416" m31="-0.0612249"
			m02="-0.443766" m12="0.129859" m22="-0.886684" m32="1.39568"
			m03="0" m13="0" m23="0" m33="1"/>
		<transform name="peon bip Ponytail1"
			m00="-0.0299992" m10="-0.990127" m20="0.136921" m30="0.25847"
			m01="0.85065" m11="0.0466418" m21="0.523659" m31="0.0324379"
			m02="-0.524875" m12="0.132182" m22="0.840853" m32="1.39203"
			m03="0" m13="0" m23="0" m33="1"/>
		<transform name="peon bip L Calf"
			m00="-0.606714" m10="0.794885" m20="0.00741826" m30="0.0517864"
			m01="-0.0475529" m11="-0.0269773" m21="-0.998504" m31="0.120143"
			m02="-0.793496" m12="-0.60616" m22="0.0541666" m32="0.223177"
			m03="0" m13="0" m23="0" m33="1"/>
	</frame>
	<frame index="2">
		<transform name="peon bip Pelvis"
			m00="0.020033" m10="0.999799" m20="0.00074434" m30="-0.00819023"
			m01="-0.1365" m11="0.00199752" m21="0.990638" m31="-0.015581"
			m02="0.990438" m12="-0.019947" m22="0.136512" m32="0.407623"
			m03="0" m13="0" m23="0" m33="1"/>
		<transform name="peon bip Spine"
			m00="0.142351" m10="0.981542" m20="-0.127715" m30="-0.0298361"
			m01="0.0103743" m11="0.127543" m21="0.991779" m31="-0.0484631"
			m02="0.989762" m12="-0.142505" m22="0.00797298" m32="0.581608"
			m03="0" m13="0" m23="0" m33="1"/>
		<transform name="peon bip L Thigh"
			m00="0.274593" m10="0.961532" m20="0.00738943" m30="-0.00808006"
			m01="-0.0499196" m11="0.0219296" m21="-0.998512" m31="0.130753"
			m02="-0.960264" m12="0.273816" m22="0.0540211" m32="0.427788"
			m03="0" m13="0" m23="0" m33="1"/>
		<transform name="peon bip R Thigh"
			m00="0.570987" m10="0.820956" m20="-0.00226755" m30="-0.00830037"
			m01="0.131964" m11="-0.0945082" m21="-0.986739" m31="-0.161915"
			m02="-0.810284" m12="0.563116" m22="-0.162299" m32="0.387458"
			m03="0" m13="0" m23="0" m33="1"/>
		<transform name="peon bip L Toe0"
			m00="0.981547" m10="-4.44295e-006" m20="0.191219" m30="0.0929922"
			m01="0.191219" m11="-0.000548776" m21="-0.981547" m31="0.137064"
			m02="0.000109297" m12="1.0" m22="-0.000537821" m32="0.00598684"
			m03="0" m13="0" m23="0" m33="1"/>
		<transform name="peon bip L Foot"
			m00="4.50146e-006" m10="0.981547" m20="0.191219" m30="-0.0240107"
			m01="0.000548787" m11="0.191219" m21="-0.981547" m31="0.114205"
			m02="-1.0" m12="0.000109357" m22="-0.000537821" m32="0.124093"
			m03="0" m13="0" m23="0" m33="1"/>
		<transform name="peon bip Spine2"
			m00="0.543297" m10="0.788493" m20="-0.288284" m30="0.0352646"
			m01="0.0346775" m11="0.322013" m21="0.9461" m31="-0.0293674"
			m02="0.838824" m12="-0.52401" m22="0.147606" m32="0.906142"
			m03="0" m13="0" m23="0" m33="1"/>
		<transform name="peon bip Spine1"
			m00="0.250766" m10="0.93383" m20="-0.255106" m30="-0.00630202"
			m01="0.104982" m11="0.235738" m21="0.966129" m31="-0.0467702"
			m02="0.962338" m12="-0.269054" m22="-0.0389203" m32="0.746135"
			m03="0" m13="0" m23="0" m33="1"/>
		<transform name="peon bip R Clavicle"
			m00="0.288286" m10="-0.788924" m20="-0.542669" m30="0.131628"
			m01="-0.946099" m11="-0.322043" m21="-0.034421" m31="-0.0305312"
			m02="-0.147607" m12="0.523342" m22="-0.839241" m32="1.05043"
			m03="0" m13="0" m23="0" m33="1"/>
		<transform name="peon bip R UpperArm"
			m00="0.0965476" m10="-0.766037" m20="-0.635504" m30="0.147886"
			m01="-0.651748" m11="-0.531222" m21="0.54132" m31="-0.0838842"
			m02="-0.752265" m12="0.361926" m22="-0.550552" m32="1.0421"
			m03="0" m13="0" m23="0" m33="1"/>
		<transform name="peon bip Neck"
			m00="0.543297" m10="0.788493" m20="-0.288284" m30="0.12938"
			m01="0.0346775" m11="0.322013" m21="0.9461" m31="-0.0233815"
			m02="0.838824" m12="-0.52401" m22="0.147606" m32="1.05159"
			m03="0" m13="0" m23="0" m33="1"/>
		<transform name="peon bip Head"
			m00="0.0878809" m10="0.993581" m20="0.071228" m30="0.182902"
			m01="0.0325409" m11="-0.0743299" m21="0.996703" m31="-0.0199653"
			m02="0.995599" m12="-0.0852733" m22="-0.0388642" m32="1.13422"
			m03="0" m13="0" m23="0" m33="1"/>
		<transform name="peon bip R Forearm"
			m00="0.341103" m10="-0.692664" m20="-0.635504" m30="0.167802"
			m01="-0.442861" m11="-0.714736" m21="0.54132" m31="-0.218331"
			m02="-0.82917" m12="0.0967942" m22="-0.550552" m32="0.886922"
			m03="0" m13="0" m23="0" m33="1"/>
		<transform name="peon bip R Hand"
			m00="0.312474" m10="0.587328" m20="0.746596" m30="0.242394"
			m01="-0.48169" m11="0.775378" m21="-0.408367" m31="-0.315175"
			m02="-0.81874" m12="-0.232024" m22="0.525195" m32="0.7056"
			m03="0" m13="0" m23="0" m33="1"/>
		<transform name="peon bip R Calf"
			m00="-0.666763" m10="0.745266" m20="-0.00226755" m30="0.112604"
			m01="0.122449" m11="0.106548" m21="-0.986739" m31="-0.133972"
			m02="-0.735142" m12="-0.658199" m22="-0.162299" m32="0.215883"
			m03="0" m13="0" m23="0" m33="1"/>
		<transform name="peon bip R Foot"
			m00="7.22452e-007" m10="0.877092" m20="-0.480323" m30="0.029337"
			m01="-0.000550251" m11="-0.480323" m21="-0.877091" m31="-0.118681"
			m02="-1.0" m12="0.000264928" m22="0.000482285" m32="0.124077"
			m03="0" m13="0" m23="0" m33="1"/>
		<transform name="peon bip R Toe0"
			m00="0.877092" m10="-7.22452e-007" m20="-0.480323" m30="0.133888"
			m01="-0.480323" m11="0.000550251" m21="-0.877091" m31="-0.176001"
			m02="0.000264928" m12="1.0" m22="0.000482285" m32="0.00599012"
			m03="0" m13="0" m23="0" m33="1"/>
		<transform name="peon bip L UpperArm"
			m00="-0.101105" m10="-0.779384" m20="0.618335" m30="0.110999"
			m01="0.681011" m11="0.398868" m21="0.614108" m31="0.0371718"
			m02="-0.72526" m12="0.483182" m22="0.490442" m32="1.06099"
			m03="0" m13="0" m23="0" m33="1"/>
		<transform name="peon bip L Clavicle"
			m00="-0.288286" m10="-0.788924" m20="0.542669" m30="0.127256"
			m01="0.946099" m11="-0.322043" m21="0.0344211" m31="-0.0161812"
			m02="0.147607" m12="0.523342" m22="0.839241" m32="1.05267"
			m03="0" m13="0" m23="0" m33="1"/>
		<transform name="peon bip L Forearm"
			m00="0.271048" m10="-0.737696" m20="0.618335" m30="0.0901422"
			m01="0.419118" m11="0.668739" m21="0.614108" m31="0.177655"
			m02="-0.866529" m12="0.0927021" m22="0.490442" m32="0.911379"
			m03="0" m13="0" m23="0" m33="1"/>
		<transform name="peon bip L Hand"
			m00="0.424604" m10="0.309518" m20="-0.850829" m30="0.149415"
			m01="0.436805" m11="-0.893177" m21="-0.106937" m31="0.269307"
			m02="-0.79304" m12="-0.326241" m22="-0.514445" m32="0.721888"
			m03="0" m13="0" m23="0" m33="1"/>
		<transform name="peon bip L Finger1"
			m00="0.517805" m10="0.0915814" m20="-0.850582" m30="0.227788"
			m01="-0.000993416" m11="-0.994188" m21="-0.107648" m31="0.349933"
			m02="-0.855498" m12="0.0565857" m22="-0.514705" m32="0.575508"
			m03="0" m13="0" m23="0" m33="1"/>
		<transform name="peon bip L Finger11"
			m00="0.46158" m10="-0.2519" m20="-0.850582" m30="0.26688"
			m01="-0.621744" m11="-0.775787" m21="-0.107648" m31="0.349858"
			m02="-0.632755" m12="0.578533" m22="-0.514705" m32="0.510923"
			m03="0" m13="0" m23="0" m33="1"/>
		<transform name="peon bip L Finger01"
			m00="0.577148" m10="-0.816571" m20="0.0105784" m30="0.395209"
			m01="-0.541535" m11="-0.372994" m21="0.753402" m31="0.300348"
			m02="-0.611261" m12="-0.440553" m22="-0.657475" m32="0.735827"
			m03="0" m13="0" m23="0" m33="1"/>
		<transform name="peon bip Prop1"
			m00="0.59742" m10="-0.347131" m20="0.722903" m30="0.18767"
			m01="0.772365" m11="0.491581" m21="-0.402244" m31="-0.264543"
			m02="-0.215735" m12="0.798654" m22="0.561792" m32="0.491463"
			m03="0" m13="0" m23="0" m33="1"/>
		<transform name="peon bip Ponytail2"
			m00="-0.15168" m10="-0.985899" m20="-0.0706829" m30="0.25106"
			m01="-0.891202" m11="0.105481" m21="0.441171" m31="-0.0617017"
			m02="-0.427495" m12="0.12991" m22="-0.894635" m32="1.39782"
			m03="0" m13="0" m23="0" m33="1"/>
		<transform name="peon bip Ponytail1"
			m00="-0.0302312" m10="-0.990151" m20="0.136703" m30="0.257754"
			m01="0.852113" m11="0.0459603" m21="0.521335" m31="0.0319655"
			m02="-0.522483" m12="0.132247" m22="0.842331" m32="1.39417"
			m03="0" m13="0" m23="0" m33="1"/>
		<transform name="peon bip L Calf"
			m00="-0.593157" m10="0.805053" m20="0.00738943" m30="0.050064"
			m01="-0.047869" m11="-0.0261044" m21="-0.998512" m31="0.120183"
			m02="-0.803662" m12="-0.592628" m22="0.0540211" m32="0.224456"
			m03="0" m13="0" m23="0" m33="1"/>
	</frame>
	<frame index="3">
		<transform name="peon bip Pelvis"
			m00="0.020033" m10="0.999799" m20="0.00074434" m30="-0.00819023"
			m01="-0.1365" m11="0.00199752" m21="0.990638" m31="-0.0154931"
			m02="0.990438" m12="-0.019947" m22="0.136512" m32="0.409387"
			m03="0" m13="0" m23="0" m33="1"/>
		<transform name="peon bip Spine"
			m00="0.141719" m10="0.981635" m20="-0.127706" m30="-0.0298361"
			m01="0.00993413" m11="0.127592" m21="0.991777" m31="-0.0483752"
			m02="0.989857" m12="-0.141822" m22="0.00833046" m32="0.583372"
			m03="0" m13="0" m23="0" m33="1"/>
		<transform name="peon bip L Thigh"
			m00="0.266195" m10="0.963891" m20="0.00735469" m30="-0.00808006"
			m01="-0.0500939" m11="0.0214532" m21="-0.998514" m31="0.130841"
			m02="-0.962617" m12="0.265431" m22="0.0539958" m32="0.429552"
			m03="0" m13="0" m23="0" m33="1"/>
		<transform name="peon bip R Thigh"
			m00="0.565809" m10="0.824533" m20="-0.00248224" m30="-0.00830037"
			m01="0.13133" m11="-0.0930923" m21="-0.986958" m31="-0.161827"
			m02="-0.81401" m12="0.558104" m22="-0.160958" m32="0.389222"
			m03="0" m13="0" m23="0" m33="1"/>
		<transform name="peon bip L Toe0"
			m00="0.981547" m10="-4.44295e-006" m20="0.191219" m30="0.0929449"
			m01="0.191219" m11="-0.000548776" m21="-0.981547" m31="0.137065"
			m02="0.000109297" m12="1.0" m22="-0.000537821" m32="0.00600091"
			m03="0" m13="0" m23="0" m33="1"/>
		<transform name="peon bip L Foot"
			m00="4.50146e-006" m10="0.981547" m20="0.191219" m30="-0.024058"
			m01="0.000548787" m11="0.191219" m21="-0.981547" m31="0.114206"
			m02="-1.0" m12="0.000109357" m22="-0.000537821" m32="0.124107"
			m03="0" m13="0" m23="0" m33="1"/>
		<transform name="peon bip Spine2"
			m00="0.541637" m10="0.78964" m20="-0.288266" m30="0.034982"
			m01="0.0332267" m11="0.322545" m21="0.945971" m31="-0.0295062"
			m02="0.839955" m12="-0.521951" m22="0.148465" m32="0.907984"
			m03="0" m13="0" m23="0" m33="1"/>
		<transform name="peon bip Spine1"
			m00="0.249698" m10="0.934141" m20="-0.255014" m30="-0.00640705"
			m01="0.104059" m11="0.235945" m21="0.966179" m31="-0.0467555"
			m02="0.962716" m12="-0.26779" m22="-0.0382903" m32="0.747915"
			m03="0" m13="0" m23="0" m33="1"/>
		<transform name="peon bip R Clavicle"
			m00="0.288268" m10="-0.79007" m20="-0.541008" m30="0.131058"
			m01="-0.94597" m11="-0.322574" m21="-0.0329698" m31="-0.0309206"
			m02="-0.148467" m12="0.521282" m22="-0.840371" m32="1.05246"
			m03="0" m13="0" m23="0" m33="1"/>
		<transform name="peon bip R UpperArm"
			m00="0.0962104" m10="-0.766133" m20="-0.635439" m30="0.147314"
			m01="-0.652229" m11="-0.53077" m21="0.541184" m31="-0.0842663"
			m02="-0.751891" m12="0.362385" m22="-0.55076" m32="1.04409"
			m03="0" m13="0" m23="0" m33="1"/>
		<transform name="peon bip Neck"
			m00="0.541637" m10="0.78964" m20="-0.288266" m30="0.12881"
			m01="0.0332267" m11="0.322545" m21="0.945971" m31="-0.0237718"
			m02="0.839955" m12="-0.521951" m22="0.148465" m32="1.05363"
			m03="0" m13="0" m23="0" m33="1"/>
		<transform name="peon bip Head"
			m00="0.087961" m10="0.993657" m20="0.0700613" m30="0.182168"
			m01="0.0327419" m11="-0.0731799" m21="0.996781" m31="-0.0204986"
			m02="0.995586" m12="-0.0853839" m22="-0.0389711" m32="1.13637"
			m03="0" m13="0" m23="0" m33="1"/>
		<transform name="peon bip R Forearm"
			m00="0.341431" m10="-0.692562" m20="-0.635439" m30="0.167161"
			m01="-0.442827" m11="-0.71486" m21="0.541184" m31="-0.218812"
			m02="-0.829053" m12="0.0966127" m22="-0.55076" m32="0.888982"
			m03="0" m13="0" m23="0" m33="1"/>
		<transform name="peon bip R Hand"
			m00="0.312806" m10="0.587254" m20="0.746515" m30="0.241825"
			m01="-0.481661" m11="0.775478" m21="-0.408211" m31="-0.315649"
			m02="-0.81863" m12="-0.231876" m22="0.525432" m32="0.707686"
			m03="0" m13="0" m23="0" m33="1"/>
		<transform name="peon bip R Calf"
			m00="-0.657983" m10="0.753028" m20="-0.00248224" m30="0.111507"
			m01="0.122819" m11="0.104064" m21="-0.986958" m31="-0.134019"
			m02="-0.742949" m12="-0.649707" m22="-0.160958" m32="0.216858"
			m03="0" m13="0" m23="0" m33="1"/>
		<transform name="peon bip R Foot"
			m00="7.22452e-007" m10="0.877092" m20="-0.480323" m30="0.029337"
			m01="-0.000550251" m11="-0.480323" m21="-0.877091" m31="-0.118681"
			m02="-1.0" m12="0.000264928" m22="0.000482285" m32="0.124077"
			m03="0" m13="0" m23="0" m33="1"/>
		<transform name="peon bip R Toe0"
			m00="0.877092" m10="-7.22452e-007" m20="-0.480323" m30="0.133888"
			m01="-0.480323" m11="0.000550251" m21="-0.877091" m31="-0.176001"
			m02="0.000264928" m12="1.0" m22="0.000482285" m32="0.00599012"
			m03="0" m13="0" m23="0" m33="1"/>
		<transform name="peon bip L UpperArm"
			m00="-0.101644" m10="-0.779339" m20="0.618304" m30="0.11043"
			m01="0.681534" m11="0.398206" m21="0.613956" m31="0.0367733"
			m02="-0.724692" m12="0.4838" m22="0.490671" m32="1.06308"
			m03="0" m13="0" m23="0" m33="1"/>
		<transform name="peon bip L Clavicle"
			m00="-0.288268" m10="-0.79007" m20="0.541008" m30="0.126686"
			m01="0.94597" m11="-0.322574" m21="0.0329699" m31="-0.0165725"
			m02="0.148467" m12="0.521282" m22="0.840371" m32="1.05471"
			m03="0" m13="0" m23="0" m33="1"/>
		<transform name="peon bip L Forearm"
			m00="0.271616" m10="-0.737513" m20="0.618304" m30="0.0894617"
			m01="0.418921" m11="0.669001" m21="0.613956" m31="0.177365"
			m02="-0.866447" m12="0.0922601" m22="0.490671" m32="0.913589"
			m03="0" m13="0" m23="0" m33="1"/>
		<transform name="peon bip L Hand"
			m00="0.424926" m10="0.309669" m20="-0.850614" m30="0.148858"
			m01="0.437186" m11="-0.893018" m21="-0.106709" m31="0.268973"
			m02="-0.792658" m12="-0.326533" m22="-0.514849" m32="0.724117"
			m03="0" m13="0" m23="0" m33="1"/>
		<transform name="peon bip L Finger1"
			m00="0.518097" m10="0.0919351" m20="-0.850367" m30="0.227291"
			m01="0.000108989" m11="-0.994214" m21="-0.10742" m31="0.349669"
			m02="-0.855322" m12="0.0555615" m22="-0.515109" m32="0.577807"
			m03="0" m13="0" m23="0" m33="1"/>
		<transform name="peon bip L Finger11"
			m00="0.462203" m10="-0.251485" m20="-0.850367" m30="0.266405"
			m01="-0.620359" m11="-0.776927" m21="-0.10742" m31="0.349678"
			m02="-0.633658" m12="0.577183" m22="-0.515109" m32="0.513235"
			m03="0" m13="0" m23="0" m33="1"/>
		<transform name="peon bip L Finger01"
			m00="0.578545" m10="-0.815578" m20="0.0108385" m30="0.394653"
			m01="-0.540719" m11="-0.373552" m21="0.753712" m31="0.300054"
			m02="-0.610662" m12="-0.441917" m22="-0.657115" m32="0.738221"
			m03="0" m13="0" m23="0" m33="1"/>
		<transform name="peon bip Prop1"
			m00="0.597342" m10="-0.347459" m20="0.72281" m30="0.187155"
			m01="0.772467" m11="0.491545" m21="-0.402091" m31="-0.265035"
			m02="-0.215583" m12="0.798533" m22="0.562022" m32="0.493531"
			m03="0" m13="0" m23="0" m33="1"/>
		<transform name="peon bip Ponytail2"
			m00="-0.14929" m10="-0.986007" m20="-0.0741774" m30="0.250406"
			m01="-0.899749" m11="0.104351" m21="0.423747" m31="-0.0621294"
			m02="-0.410077" m12="0.130002" m22="-0.902738" m32="1.39997"
			m03="0" m13="0" m23="0" m33="1"/>
		<transform name="peon bip Ponytail1"
			m00="-0.0306174" m10="-0.990188" m20="0.136343" m30="0.25699"
			m01="0.854577" m11="0.0448169" m21="0.517387" m31="0.0315452"
			m02="-0.518422" m12="0.132357" m22="0.84482" m32="1.39631"
			m03="0" m13="0" m23="0" m33="1"/>
		<transform name="peon bip L Calf"
			m00="-0.579296" m10="0.815084" m20="0.00735469" m30="0.0482857"
			m01="-0.0482679" m11="-0.0252951" m21="-0.998514" m31="0.120234"
			m02="-0.813687" m12="-0.57879" m22="0.0539958" m32="0.225722"
			m03="0" m13="0" m23="0" m33="1"/>
	</frame>
	<frame index="4">
		<transform name="peon bip Pelvis"
			m00="0.020033" m10="0.999799" m20="0.00074434" m30="-0.00819023"
			m01="-0.1365" m11="0.00199752" m21="0.990638" m31="-0.0153678"
			m02="0.990438" m12="-0.019947" m22="0.136512" m32="0.41113"
			m03="0" m13="0" m23="0" m33="1"/>
		<transform name="peon bip Spine"
			m00="0.141061" m10="0.981731" m20="-0.127697" m30="-0.0298361"
			m01="0.00947596" m11="0.127642" m21="0.991775" m31="-0.04825"
			m02="0.989956" m12="-0.141111" m22="0.00870251" m32="0.585115"
			m03="0" m13="0" m23="0" m33="1"/>
		<transform name="peon bip L Thigh"
			m00="0.257557" m10="0.966235" m20="0.007316" m30="-0.00808006"
			m01="-0.0503894" m11="0.020992" m21="-0.998509" m31="0.130967"
			m02="-0.964948" m12="0.256804" m22="0.0540947" m32="0.431295"
			m03="0" m13="0" m23="0" m33="1"/>
		<transform name="peon bip R Thigh"
			m00="0.560611" m10="0.828075" m20="-0.00271784" m30="-0.00830037"
			m01="0.130587" m11="-0.0916482" m21="-0.987192" m31="-0.161702"
			m02="-0.817718" m12="0.553075" m22="-0.159515" m32="0.390965"
			m03="0" m13="0" m23="0" m33="1"/>
		<transform name="peon bip L Toe0"
			m00="0.981547" m10="-4.44295e-006" m20="0.191219" m30="0.0928811"
			m01="0.191219" m11="-0.000548776" m21="-0.981547" m31="0.137066"
			m02="0.000109297" m12="1.0" m22="-0.000537821" m32="0.00601988"
			m03="0" m13="0" m23="0" m33="1"/>
		<transform name="peon bip L Foot"
			m00="4.50146e-006" m10="0.981547" m20="0.191219" m30="-0.0241219"
			m01="0.000548787" m11="0.191219" m21="-0.981547" m31="0.114208"
			m02="-1.0" m12="0.000109357" m22="-0.000537821" m32="0.124126"
			m03="0" m13="0" m23="0" m33="1"/>
		<transform name="peon bip Spine2"
			m00="0.539908" m10="0.79083" m20="-0.288249" m30="0.0346879"
			m01="0.0317153" m11="0.323095" m21="0.945835" m31="-0.0296169"
			m02="0.841127" m12="-0.519805" m22="0.14936" m32="0.909808"
			m03="0" m13="0" m23="0" m33="1"/>
		<transform name="peon bip Spine1"
			m00="0.248587" m10="0.934463" m20="-0.254919" m30="-0.00651636"
			m01="0.103097" m11="0.236159" m21="0.966229" m31="-0.0467064"
			m02="0.963107" m12="-0.266474" m22="-0.0376346" m32="0.749674"
			m03="0" m13="0" m23="0" m33="1"/>
		<transform name="peon bip R Clavicle"
			m00="0.288252" m10="-0.791259" m20="-0.539278" m30="0.130464"
			m01="-0.945834" m11="-0.323123" m21="-0.0314579" m31="-0.0312923"
			m02="-0.149361" m12="0.519135" m22="-0.84154" m32="1.05448"
			m03="0" m13="0" m23="0" m33="1"/>
		<transform name="peon bip R UpperArm"
			m00="0.0957323" m10="-0.766269" m20="-0.635348" m30="0.146719"
			m01="-0.65291" m11="-0.530129" m21="0.54099" m31="-0.0846303"
			m02="-0.751361" m12="0.363035" m22="-0.551056" m32="1.04606"
			m03="0" m13="0" m23="0" m33="1"/>
		<transform name="peon bip Neck"
			m00="0.539908" m10="0.79083" m20="-0.288249" m30="0.128216"
			m01="0.0317153" m11="0.323095" m21="0.945835" m31="-0.0241446"
			m02="0.841127" m12="-0.519805" m22="0.14936" m32="1.05565"
			m03="0" m13="0" m23="0" m33="1"/>
		<transform name="peon bip Head"
			m00="0.0880738" m10="0.993762" m20="0.0684122" m30="0.181403"
			m01="0.0330261" m11="-0.0715545" m21="0.99689" m31="-0.0210202"
			m02="0.995566" m12="-0.0855405" m22="-0.0391221" m32="1.13851"
			m03="0" m13="0" m23="0" m33="1"/>
		<transform name="peon bip R Forearm"
			m00="0.341896" m10="-0.692416" m20="-0.635348" m30="0.166468"
			m01="-0.44278" m11="-0.715035" m21="0.54099" m31="-0.219317"
			m02="-0.828887" m12="0.0963563" m22="-0.551056" m32="0.891061"
			m03="0" m13="0" m23="0" m33="1"/>
		<transform name="peon bip R Hand"
			m00="0.313277" m10="0.58715" m20="0.746399" m30="0.241233"
			m01="-0.481621" m11="0.775619" m21="-0.40799" m31="-0.316143"
			m02="-0.818473" m12="-0.231667" m22="0.525768" m32="0.709802"
			m03="0" m13="0" m23="0" m33="1"/>
		<transform name="peon bip R Calf"
			m00="-0.64917" m10="0.760639" m20="-0.00271784" m30="0.110407"
			m01="0.123076" m11="0.101512" m21="-0.987192" m31="-0.134051"
			m02="-0.750621" m12="-0.641189" m22="-0.159515" m32="0.217816"
			m03="0" m13="0" m23="0" m33="1"/>
		<transform name="peon bip R Foot"
			m00="7.22452e-007" m10="0.877092" m20="-0.480323" m30="0.029337"
			m01="-0.000550251" m11="-0.480323" m21="-0.877091" m31="-0.118681"
			m02="-1.0" m12="0.000264928" m22="0.000482285" m32="0.124077"
			m03="0" m13="0" m23="0" m33="1"/>
		<transform name="peon bip R Toe0"
			m00="0.877092" m10="-7.22452e-007" m20="-0.480323" m30="0.133888"
			m01="-0.480323" m11="0.000550251" m21="-0.877091" m31="-0.176001"
			m02="0.000264928" m12="1.0" m22="0.000482285" m32="0.00599012"
			m03="0" m13="0" m23="0" m33="1"/>
		<transform name="peon bip L UpperArm"
			m00="-0.10241" m10="-0.779273" m20="0.61826" m30="0.109837"
			m01="0.682276" m11="0.397267" m21="0.613741" m31="0.0363918"
			m02="-0.723886" m12="0.484677" m22="0.490996" m32="1.06517"
			m03="0" m13="0" m23="0" m33="1"/>
		<transform name="peon bip L Clavicle"
			m00="-0.288252" m10="-0.791259" m20="0.539278" m30="0.126092"
			m01="0.945834" m11="-0.323123" m21="0.031458" m31="-0.0169462"
			m02="0.149361" m12="0.519135" m22="0.84154" m32="1.05674"
			m03="0" m13="0" m23="0" m33="1"/>
		<transform name="peon bip L Forearm"
			m00="0.27242" m10="-0.737253" m20="0.61826" m30="0.0887108"
			m01="0.418641" m11="0.669374" m21="0.613741" m31="0.177136"
			m02="-0.866329" m12="0.0916336" m22="0.490996" m32="0.91584"
			m03="0" m13="0" m23="0" m33="1"/>
		<transform name="peon bip L Hand"
			m00="0.425382" m10="0.309883" m20="-0.850308" m30="0.148283"
			m01="0.437725" m11="-0.892793" m21="-0.106386" m31="0.268684"
			m02="-0.792116" m12="-0.326946" m22="-0.515421" m32="0.726393"
			m03="0" m13="0" m23="0" m33="1"/>
		<transform name="peon bip L Finger1"
			m00="0.518509" m10="0.0924381" m20="-0.850061" m30="0.2268"
			m01="0.00167331" m11="-0.994247" m21="-0.107097" m31="0.34948"
			m02="-0.85507" m12="0.0541084" m22="-0.515681" m32="0.580183"
			m03="0" m13="0" m23="0" m33="1"/>
		<transform name="peon bip L Finger11"
			m00="0.463087" m10="-0.250893" m20="-0.850061" m30="0.265945"
			m01="-0.61839" m11="-0.778539" m21="-0.107097" m31="0.349606"
			m02="-0.634936" m12="0.575264" m22="-0.515681" m32="0.51563"
			m03="0" m13="0" m23="0" m33="1"/>
		<transform name="peon bip L Finger01"
			m00="0.580525" m10="-0.814165" m20="0.011207" m30="0.394079"
			m01="-0.539559" m11="-0.374342" m21="0.754151" m31="0.299822"
			m02="-0.609808" m12="-0.44385" m22="-0.656605" m32="0.740732"
			m03="0" m13="0" m23="0" m33="1"/>
		<transform name="peon bip Prop1"
			m00="0.597232" m10="-0.347924" m20="0.722677" m30="0.186641"
			m01="0.772612" m11="0.491495" m21="-0.401875" m31="-0.265554"
			m02="-0.21537" m12="0.798362" m22="0.562347" m32="0.495621"
			m03="0" m13="0" m23="0" m33="1"/>
		<transform name="peon bip Ponytail2"
			m00="-0.146354" m10="-0.986157" m20="-0.0779381" m30="0.249754"
			m01="-0.908298" m11="0.102751" m21="0.405508" m31="-0.0625017"
			m02="-0.391886" m12="0.130139" m22="-0.910763" m32="1.4021"
			m03="0" m13="0" m23="0" m33="1"/>
		<transform name="peon bip Ponytail1"
			m00="-0.0311598" m10="-0.990239" m20="0.135848" m30="0.256183"
			m01="0.858065" m11="0.043201" m21="0.511721" m31="0.0311831"
			m02="-0.512595" m12="0.132512" m22="0.848343" m32="1.39843"
			m03="0" m13="0" m23="0" m33="1"/>
		<transform name="peon bip L Calf"
			m00="-0.56516" m10="0.824949" m20="0.007316" m30="0.0464565"
			m01="-0.0487564" m11="-0.0245472" m21="-0.998509" m31="0.120297"
			m02="-0.823539" m12="-0.564674" m22="0.0540947" m32="0.226971"
			m03="0" m13="0" m23="0" m33="1"/>
	</frame>
	<frame index="5">
		<transform name="peon bip Pelvis"
			m00="0.020033" m10="0.999799" m20="0.00074434" m30="-0.00819023"
			m01="-0.1365" m11="0.00199752" m21="0.990638" m31="-0.0152033"
			m02="0.990438" m12="-0.019947" m22="0.136512" m32="0.412845"
			m03="0" m13="0" m23="0" m33="1"/>
		<transform name="peon bip Spine"
			m00="0.140382" m10="0.981829" m20="-0.127688" m30="-0.0298361"
			m01="0.0090023" m11="0.127694" m21="0.991773" m31="-0.0480855"
			m02="0.990057" m12="-0.140376" m22="0.00908719" m32="0.58683"
			m03="0" m13="0" m23="0" m33="1"/>
		<transform name="peon bip L Thigh"
			m00="0.248704" m10="0.968552" m20="0.00727565" m30="-0.00808006"
			m01="-0.0508108" m11="0.0205477" m21="-0.998497" m31="0.131131"
			m02="-0.967246" m12="0.24796" m22="0.0543233" m32="0.43301"
			m03="0" m13="0" m23="0" m33="1"/>
		<transform name="peon bip R Thigh"
			m00="0.555416" m10="0.831567" m20="-0.00297283" m30="-0.00830037"
			m01="0.129731" m11="-0.0901792" m21="-0.98744" m31="-0.161538"
